No argument supplied nginx
using  args: threads=4 and connections=512 and duration=30 and requests=6000
Running 30s test @ http://localhost:5000
  4 threads and 512 connections
  Thread calibration: mean lat.: 3294.939ms, rate sampling interval: 12705ms
  Thread calibration: mean lat.: 3254.137ms, rate sampling interval: 12673ms
  Thread calibration: mean lat.: 3306.447ms, rate sampling interval: 12779ms
  Thread calibration: mean lat.: 3296.638ms, rate sampling interval: 11870ms
  Thread Stats   Avg      Stdev     99%   +/- Stdev
    Latency    14.10s     4.25s   22.20s    59.19%
    Req/Sec   412.75      2.68   417.00     75.00%
  Latency Distribution (HdrHistogram - Recorded Latency)
 50.000%   13.98s 
 75.000%   17.65s 
 90.000%   19.94s 
 99.000%   22.20s 
 99.900%   23.25s 
 99.990%   24.20s 
 99.999%   24.30s 
100.000%   24.30s 

  Detailed Percentile spectrum:
       Value   Percentile   TotalCount 1/(1-Percentile)

    4354.047     0.000000            1         1.00
    8376.319     0.100000         3225         1.11
    9805.823     0.200000         6446         1.25
   11239.423     0.300000         9658         1.43
   12623.871     0.400000        12890         1.67
   13983.743     0.500000        16101         2.00
   14696.447     0.550000        17695         2.22
   15392.767     0.600000        19312         2.50
   16113.663     0.650000        20919         2.86
   16891.903     0.700000        22528         3.33
   17645.567     0.750000        24129         4.00
   18055.167     0.775000        24970         4.44
   18448.383     0.800000        25754         5.00
   18841.599     0.825000        26572         5.71
   19202.047     0.850000        27382         6.67
   19562.495     0.875000        28173         8.00
   19759.103     0.887500        28575         8.89
   19939.327     0.900000        28955        10.00
   20168.703     0.912500        29366        11.43
   20414.463     0.925000        29774        13.33
   20660.223     0.937500        30184        16.00
   20774.911     0.943750        30377        17.78
   20905.983     0.950000        30574        20.00
   21053.439     0.956250        30780        22.86
   21200.895     0.962500        30968        26.67
   21397.503     0.968750        31186        32.00
   21479.423     0.971875        31270        35.56
   21594.111     0.975000        31391        40.00
   21676.031     0.978125        31480        45.71
   21790.719     0.981250        31579        53.33
   21905.407     0.984375        31679        64.00
   21987.327     0.985938        31722        71.11
   22069.247     0.987500        31779        80.00
   22151.167     0.989062        31826        91.43
   22233.087     0.990625        31872       106.67
   22331.391     0.992188        31924       128.00
   22380.543     0.992969        31946       142.22
   22462.463     0.993750        31975       160.00
   22527.999     0.994531        32005       182.86
   22609.919     0.995313        32030       213.33
   22691.839     0.996094        32050       256.00
   22724.607     0.996484        32061       284.44
   22790.143     0.996875        32073       320.00
   22872.063     0.997266        32089       365.71
   22921.215     0.997656        32098       426.67
   22986.751     0.998047        32113       512.00
   23003.135     0.998242        32118       568.89
   23035.903     0.998437        32124       640.00
   23134.207     0.998633        32130       731.43
   23166.975     0.998828        32135       853.33
   23298.047     0.999023        32142      1024.00
   23330.815     0.999121        32145      1137.78
   23363.583     0.999219        32148      1280.00
   23461.887     0.999316        32151      1462.86
   23576.575     0.999414        32154      1706.67
   23707.647     0.999512        32157      2048.00
   23724.031     0.999561        32158      2275.56
   23756.799     0.999609        32161      2560.00
   23773.183     0.999658        32162      2925.71
   23805.951     0.999707        32164      3413.33
   23904.255     0.999756        32165      4096.00
   23904.255     0.999780        32165      4551.11
   24002.559     0.999805        32166      5120.00
   24068.095     0.999829        32167      5851.43
   24199.167     0.999854        32170      6826.67
   24199.167     0.999878        32170      8192.00
   24199.167     0.999890        32170      9102.22
   24199.167     0.999902        32170     10240.00
   24199.167     0.999915        32170     11702.86
   24199.167     0.999927        32170     13653.33
   24248.319     0.999939        32171     16384.00
   24248.319     0.999945        32171     18204.44
   24248.319     0.999951        32171     20480.00
   24248.319     0.999957        32171     23405.71
   24248.319     0.999963        32171     27306.67
   24297.471     0.999969        32172     32768.00
   24297.471     1.000000        32172          inf
#[Mean    =    14100.161, StdDeviation   =     4252.467]
#[Max     =    24281.088, Total count    =        32172]
#[Buckets =           27, SubBuckets     =         2048]
----------------------------------------------------------
  48994 requests in 30.08s, 20.27MB read
Requests/sec:   1628.52
Transfer/sec:    689.89KB
