No argument supplied nginx
using  args: threads=4 and connections=512 and duration=30 and requests=1500
Running 30s test @ http://localhost:5000
  4 threads and 512 connections
  Thread calibration: mean lat.: 2.909ms, rate sampling interval: 10ms
  Thread calibration: mean lat.: 2.892ms, rate sampling interval: 10ms
  Thread calibration: mean lat.: 2.912ms, rate sampling interval: 10ms
  Thread calibration: mean lat.: 2.886ms, rate sampling interval: 10ms
  Thread Stats   Avg      Stdev     99%   +/- Stdev
    Latency     2.88ms    1.34ms   7.04ms   73.43%
    Req/Sec   392.57    204.56     0.90k    69.92%
  Latency Distribution (HdrHistogram - Recorded Latency)
 50.000%    2.45ms
 75.000%    3.60ms
 90.000%    4.78ms
 99.000%    7.04ms
 99.900%    9.05ms
 99.990%   10.56ms
 99.999%   12.06ms
100.000%   12.06ms

  Detailed Percentile spectrum:
       Value   Percentile   TotalCount 1/(1-Percentile)

       0.995     0.000000            1         1.00
       1.519     0.100000         2967         1.11
       1.813     0.200000         5935         1.25
       1.990     0.300000         8910         1.43
       2.157     0.400000        11851         1.67
       2.455     0.500000        14822         2.00
       2.615     0.550000        16307         2.22
       2.841     0.600000        17772         2.50
       3.073     0.650000        19255         2.86
       3.323     0.700000        20745         3.33
       3.597     0.750000        22224         4.00
       3.729     0.775000        22955         4.44
       3.921     0.800000        23702         5.00
       4.093     0.825000        24448         5.71
       4.283     0.850000        25178         6.67
       4.531     0.875000        25929         8.00
       4.651     0.887500        26297         8.89
       4.775     0.900000        26661        10.00
       4.947     0.912500        27036        11.43
       5.115     0.925000        27401        13.33
       5.303     0.937500        27771        16.00
       5.423     0.943750        27964        17.78
       5.543     0.950000        28144        20.00
       5.679     0.956250        28326        22.86
       5.831     0.962500        28510        26.67
       6.027     0.968750        28694        32.00
       6.127     0.971875        28786        35.56
       6.235     0.975000        28879        40.00
       6.379     0.978125        28974        45.71
       6.527     0.981250        29064        53.33
       6.699     0.984375        29161        64.00
       6.771     0.985938        29204        71.11
       6.887     0.987500        29250        80.00
       6.983     0.989062        29296        91.43
       7.107     0.990625        29342       106.67
       7.239     0.992188        29390       128.00
       7.331     0.992969        29411       142.22
       7.435     0.993750        29434       160.00
       7.531     0.994531        29458       182.86
       7.655     0.995313        29481       213.33
       7.815     0.996094        29504       256.00
       7.907     0.996484        29515       284.44
       7.979     0.996875        29527       320.00
       8.171     0.997266        29540       365.71
       8.263     0.997656        29550       426.67
       8.399     0.998047        29562       512.00
       8.567     0.998242        29567       568.89
       8.663     0.998437        29573       640.00
       8.775     0.998633        29579       731.43
       8.991     0.998828        29585       853.33
       9.079     0.999023        29591      1024.00
       9.191     0.999121        29593      1137.78
       9.311     0.999219        29596      1280.00
       9.407     0.999316        29600      1462.86
       9.471     0.999414        29602      1706.67
       9.511     0.999512        29605      2048.00
       9.551     0.999561        29606      2275.56
       9.871     0.999609        29608      2560.00
       9.959     0.999658        29609      2925.71
      10.103     0.999707        29611      3413.33
      10.143     0.999756        29612      4096.00
      10.239     0.999780        29613      4551.11
      10.287     0.999805        29614      5120.00
      10.287     0.999829        29614      5851.43
      10.463     0.999854        29615      6826.67
      10.559     0.999878        29616      8192.00
      10.559     0.999890        29616      9102.22
      10.695     0.999902        29617     10240.00
      10.695     0.999915        29617     11702.86
      10.695     0.999927        29617     13653.33
      10.823     0.999939        29618     16384.00
      10.823     0.999945        29618     18204.44
      10.823     0.999951        29618     20480.00
      10.823     0.999957        29618     23405.71
      10.823     0.999963        29618     27306.67
      12.063     0.999969        29619     32768.00
      12.063     1.000000        29619          inf
#[Mean    =        2.876, StdDeviation   =        1.336]
#[Max     =       12.056, Total count    =        29619]
#[Buckets =           27, SubBuckets     =         2048]
----------------------------------------------------------
  44332 requests in 30.00s, 18.34MB read
  Socket errors: connect 0, read 0, write 0, timeout 22
Requests/sec:   1477.59
Transfer/sec:    625.86KB
