No argument supplied nginx
using  args: threads=4 and connections=512 and duration=30 and requests=10000
Running 30s test @ http://localhost:8080
  4 threads and 512 connections
  Thread calibration: mean lat.: 4249.076ms, rate sampling interval: 15441ms
  Thread calibration: mean lat.: 4140.544ms, rate sampling interval: 15196ms
  Thread calibration: mean lat.: 4241.947ms, rate sampling interval: 15384ms
  Thread calibration: mean lat.: 4130.399ms, rate sampling interval: 15368ms
  Thread Stats   Avg      Stdev     99%   +/- Stdev
    Latency    17.11s     4.96s   25.77s    58.16%
    Req/Sec   348.00      2.74   351.00     75.00%
  Latency Distribution (HdrHistogram - Recorded Latency)
 50.000%   17.12s 
 75.000%   21.38s 
 90.000%   23.95s 
 99.000%   25.77s 
 99.900%   26.39s 
 99.990%   27.07s 
 99.999%   27.12s 
100.000%   27.12s 

  Detailed Percentile spectrum:
       Value   Percentile   TotalCount 1/(1-Percentile)

    7282.687     0.000000            1         1.00
   10248.191     0.100000         2770         1.11
   11976.703     0.200000         5542         1.25
   13705.215     0.300000         8311         1.43
   15417.343     0.400000        11078         1.67
   17121.279     0.500000        13835         2.00
   17956.863     0.550000        15228         2.22
   18808.831     0.600000        16614         2.50
   19660.799     0.650000        17988         2.86
   20545.535     0.700000        19387         3.33
   21381.119     0.750000        20754         4.00
   21790.719     0.775000        21448         4.44
   22200.319     0.800000        22138         5.00
   22675.455     0.825000        22849         5.71
   23101.439     0.850000        23525         6.67
   23527.423     0.875000        24211         8.00
   23740.415     0.887500        24562         8.89
   23953.407     0.900000        24907        10.00
   24182.783     0.912500        25277        11.43
   24379.391     0.925000        25609        13.33
   24592.383     0.937500        25961        16.00
   24707.071     0.943750        26127        17.78
   24821.759     0.950000        26312        20.00
   24936.447     0.956250        26467        22.86
   25067.519     0.962500        26637        26.67
   25182.207     0.968750        26817        32.00
   25247.743     0.971875        26900        35.56
   25329.663     0.975000        26990        40.00
   25411.583     0.978125        27063        45.71
   25493.503     0.981250        27153        53.33
   25608.191     0.984375        27252        64.00
   25640.959     0.985938        27279        71.11
   25690.111     0.987500        27324        80.00
   25739.263     0.989062        27367        91.43
   25788.415     0.990625        27410       106.67
   25837.567     0.992188        27452       128.00
   25886.719     0.992969        27477       142.22
   25935.871     0.993750        27496       160.00
   25985.023     0.994531        27518       182.86
   26050.559     0.995313        27545       213.33
   26099.711     0.996094        27560       256.00
   26132.479     0.996484        27571       284.44
   26165.247     0.996875        27586       320.00
   26198.015     0.997266        27603       365.71
   26214.399     0.997656        27606       426.67
   26230.783     0.998047        27614       512.00
   26296.319     0.998242        27625       568.89
   26296.319     0.998437        27625       640.00
   26329.087     0.998633        27631       731.43
   26378.239     0.998828        27638       853.33
   26394.623     0.999023        27641      1024.00
   26427.391     0.999121        27644      1137.78
   26492.927     0.999219        27649      1280.00
   26525.695     0.999316        27650      1462.86
   26574.847     0.999414        27656      1706.67
   26574.847     0.999512        27656      2048.00
   26574.847     0.999561        27656      2275.56
   26640.383     0.999609        27659      2560.00
   26640.383     0.999658        27659      2925.71
   26656.767     0.999707        27660      3413.33
   26787.839     0.999756        27662      4096.00
   26787.839     0.999780        27662      4551.11
   26836.991     0.999805        27663      5120.00
   26951.679     0.999829        27664      5851.43
   26951.679     0.999854        27664      6826.67
   27066.367     0.999878        27666      8192.00
   27066.367     0.999890        27666      9102.22
   27066.367     0.999902        27666     10240.00
   27066.367     0.999915        27666     11702.86
   27066.367     0.999927        27666     13653.33
   27099.135     0.999939        27667     16384.00
   27099.135     0.999945        27667     18204.44
   27099.135     0.999951        27667     20480.00
   27099.135     0.999957        27667     23405.71
   27099.135     0.999963        27667     27306.67
   27115.519     0.999969        27668     32768.00
   27115.519     1.000000        27668          inf
#[Mean    =    17105.676, StdDeviation   =     4958.944]
#[Max     =    27099.136, Total count    =        27668]
#[Buckets =           27, SubBuckets     =         2048]
----------------------------------------------------------
  42148 requests in 30.02s, 401.62MB read
  Non-2xx or 3xx responses: 65
Requests/sec:   1404.12
Transfer/sec:     13.38MB
