No argument supplied nginx
using  args: threads=4 and connections=512 and duration=30 and requests=4000
Running 30s test @ http://localhost:8080
  4 threads and 512 connections
  Thread calibration: mean lat.: 2605.855ms, rate sampling interval: 10706ms
  Thread calibration: mean lat.: 2605.488ms, rate sampling interval: 10821ms
  Thread calibration: mean lat.: 2756.695ms, rate sampling interval: 10231ms
  Thread calibration: mean lat.: 2591.858ms, rate sampling interval: 10641ms
  Thread Stats   Avg      Stdev     99%   +/- Stdev
    Latency    12.15s     3.87s   19.97s    60.41%
    Req/Sec   368.50      3.91   375.00     75.00%
  Latency Distribution (HdrHistogram - Recorded Latency)
 50.000%   12.10s 
 75.000%   15.25s 
 90.000%   17.45s 
 99.000%   19.97s 
 99.900%   21.27s 
 99.990%   22.66s 
 99.999%   23.40s 
100.000%   23.40s 

  Detailed Percentile spectrum:
       Value   Percentile   TotalCount 1/(1-Percentile)

    2762.751     0.000000            2         1.00
    7000.063     0.100000         2940         1.11
    8237.055     0.200000         5869         1.25
    9535.487     0.300000         8798         1.43
   10805.247     0.400000        11742         1.67
   12099.583     0.500000        14669         2.00
   12705.791     0.550000        16126         2.22
   13328.383     0.600000        17589         2.50
   13983.743     0.650000        19065         2.86
   14606.335     0.700000        20539         3.33
   15245.311     0.750000        21989         4.00
   15597.567     0.775000        22733         4.44
   15917.055     0.800000        23452         5.00
   16302.079     0.825000        24199         5.71
   16662.527     0.850000        24925         6.67
   17022.975     0.875000        25667         8.00
   17235.967     0.887500        26045         8.89
   17448.959     0.900000        26400        10.00
   17661.951     0.912500        26756        11.43
   17891.327     0.925000        27134        13.33
   18137.087     0.937500        27483        16.00
   18284.543     0.943750        27684        17.78
   18431.999     0.950000        27868        20.00
   18595.839     0.956250        28044        22.86
   18792.447     0.962500        28222        26.67
   19005.439     0.968750        28405        32.00
   19103.743     0.971875        28494        35.56
   19202.047     0.975000        28590        40.00
   19300.351     0.978125        28681        45.71
   19415.039     0.981250        28764        53.33
   19595.263     0.984375        28863        64.00
   19677.183     0.985938        28907        71.11
   19759.103     0.987500        28948        80.00
   19873.791     0.989062        28994        91.43
   20021.247     0.990625        29042       106.67
   20119.551     0.992188        29084       128.00
   20217.855     0.992969        29108       142.22
   20283.391     0.993750        29130       160.00
   20365.311     0.994531        29156       182.86
   20463.615     0.995313        29178       213.33
   20561.919     0.996094        29200       256.00
   20627.455     0.996484        29211       284.44
   20709.375     0.996875        29225       320.00
   20807.679     0.997266        29237       365.71
   20873.215     0.997656        29246       426.67
   20955.135     0.998047        29256       512.00
   21004.287     0.998242        29262       568.89
   21086.207     0.998437        29268       640.00
   21118.975     0.998633        29273       731.43
   21184.511     0.998828        29281       853.33
   21315.583     0.999023        29286      1024.00
   21364.735     0.999121        29288      1137.78
   21397.503     0.999219        29291      1280.00
   21463.039     0.999316        29293      1462.86
   21577.727     0.999414        29296      1706.67
   21659.647     0.999512        29300      2048.00
   21757.951     0.999561        29301      2275.56
   21856.255     0.999609        29302      2560.00
   21954.559     0.999658        29303      2925.71
   22183.935     0.999707        29305      3413.33
   22200.319     0.999756        29306      4096.00
   22462.463     0.999780        29307      4551.11
   22577.151     0.999805        29308      5120.00
   22577.151     0.999829        29308      5851.43
   22626.303     0.999854        29309      6826.67
   22659.071     0.999878        29310      8192.00
   22659.071     0.999890        29310      9102.22
   22691.839     0.999902        29311     10240.00
   22691.839     0.999915        29311     11702.86
   22691.839     0.999927        29311     13653.33
   22757.375     0.999939        29312     16384.00
   22757.375     0.999945        29312     18204.44
   22757.375     0.999951        29312     20480.00
   22757.375     0.999957        29312     23405.71
   22757.375     0.999963        29312     27306.67
   23396.351     0.999969        29313     32768.00
   23396.351     1.000000        29313          inf
#[Mean    =    12145.944, StdDeviation   =     3874.535]
#[Max     =    23379.968, Total count    =        29313]
#[Buckets =           27, SubBuckets     =         2048]
----------------------------------------------------------
  44432 requests in 30.00s, 393.53MB read
  Non-2xx or 3xx responses: 60
Requests/sec:   1480.97
Transfer/sec:     13.12MB
