Using argument nginx
using  args: threads=4 and connections=512 and duration=30 and requests=3000
Running 30s test @ http://10.10.1.6:8080/wrk2-api/user-timeline/read
  4 threads and 512 connections
  Thread calibration: mean lat.: 5.206ms, rate sampling interval: 10ms
  Thread calibration: mean lat.: 5.033ms, rate sampling interval: 10ms
  Thread calibration: mean lat.: 5.001ms, rate sampling interval: 10ms
  Thread calibration: mean lat.: 5.283ms, rate sampling interval: 10ms
  Thread Stats   Avg      Stdev     99%   +/- Stdev
    Latency     9.12ms   29.22ms 189.57ms   96.02%
    Req/Sec   791.21    327.35     1.70k    73.43%
  Latency Distribution (HdrHistogram - Recorded Latency)
 50.000%    3.55ms
 75.000%    4.22ms
 90.000%    5.39ms
 99.000%  189.57ms
 99.900%  270.85ms
 99.990%  324.61ms
 99.999%  364.29ms
100.000%  392.70ms

  Detailed Percentile spectrum:
       Value   Percentile   TotalCount 1/(1-Percentile)

       2.165     0.000000            1         1.00
       2.865     0.100000         5996         1.11
       3.051     0.200000        11976         1.25
       3.213     0.300000        17967         1.43
       3.375     0.400000        23926         1.67
       3.551     0.500000        29895         2.00
       3.649     0.550000        32820         2.22
       3.759     0.600000        35794         2.50
       3.891     0.650000        38811         2.86
       4.033     0.700000        41762         3.33
       4.215     0.750000        44783         4.00
       4.319     0.775000        46231         4.44
       4.443     0.800000        47742         5.00
       4.591     0.825000        49231         5.71
       4.775     0.850000        50721         6.67
       5.023     0.875000        52205         8.00
       5.183     0.887500        52954         8.89
       5.387     0.900000        53693        10.00
       5.659     0.912500        54432        11.43
       6.051     0.925000        55180        13.33
       6.767     0.937500        55924        16.00
       7.423     0.943750        56296        17.78
       9.055     0.950000        56669        20.00
      24.175     0.956250        57042        22.86
      45.055     0.962500        57415        26.67
      64.543     0.968750        57787        32.00
      77.823     0.971875        57974        35.56
      96.063     0.975000        58160        40.00
     116.799     0.978125        58347        45.71
     135.039     0.981250        58533        53.33
     154.751     0.984375        58720        64.00
     166.015     0.985938        58813        71.11
     175.359     0.987500        58907        80.00
     184.703     0.989062        59000        91.43
     194.175     0.990625        59092       106.67
     205.311     0.992188        59185       128.00
     210.687     0.992969        59232       142.22
     214.783     0.993750        59279       160.00
     220.159     0.994531        59326       182.86
     224.639     0.995313        59373       213.33
     229.631     0.996094        59419       256.00
     233.727     0.996484        59442       284.44
     237.183     0.996875        59465       320.00
     241.791     0.997266        59489       365.71
     244.991     0.997656        59512       426.67
     249.983     0.998047        59537       512.00
     254.591     0.998242        59547       568.89
     257.279     0.998437        59558       640.00
     260.607     0.998633        59571       731.43
     266.239     0.998828        59582       853.33
     271.615     0.999023        59593      1024.00
     274.431     0.999121        59599      1137.78
     280.831     0.999219        59605      1280.00
     282.879     0.999316        59611      1462.86
     285.439     0.999414        59617      1706.67
     292.095     0.999512        59622      2048.00
     293.119     0.999561        59625      2275.56
     298.239     0.999609        59628      2560.00
     300.543     0.999658        59631      2925.71
     304.127     0.999707        59634      3413.33
     307.711     0.999756        59637      4096.00
     309.503     0.999780        59638      4551.11
     312.063     0.999805        59640      5120.00
     314.367     0.999829        59641      5851.43
     320.511     0.999854        59643      6826.67
     322.815     0.999878        59644      8192.00
     324.607     0.999890        59645      9102.22
     325.631     0.999902        59646     10240.00
     325.631     0.999915        59646     11702.86
     330.751     0.999927        59647     13653.33
     343.295     0.999939        59648     16384.00
     343.295     0.999945        59648     18204.44
     349.951     0.999951        59649     20480.00
     349.951     0.999957        59649     23405.71
     349.951     0.999963        59649     27306.67
     364.287     0.999969        59650     32768.00
     364.287     0.999973        59650     36408.89
     364.287     0.999976        59650     40960.00
     364.287     0.999979        59650     46811.43
     364.287     0.999982        59650     54613.33
     392.703     0.999985        59651     65536.00
     392.703     1.000000        59651          inf
#[Mean    =        9.120, StdDeviation   =       29.216]
#[Max     =      392.448, Total count    =        59651]
#[Buckets =           27, SubBuckets     =         2048]
----------------------------------------------------------
  89821 requests in 30.00s, 15.76MB read
Requests/sec:   2994.16
Transfer/sec:    538.01KB
