Using argument nginx
using  args: threads=4 and connections=512 and duration=30 and requests=6000
Running 30s test @ http://10.10.1.6:8080/wrk2-api/user-timeline/read
  4 threads and 512 connections
  Thread calibration: mean lat.: 1229.309ms, rate sampling interval: 5246ms
  Thread calibration: mean lat.: 1437.826ms, rate sampling interval: 5419ms
  Thread calibration: mean lat.: 1208.588ms, rate sampling interval: 5201ms
  Thread calibration: mean lat.: 1254.971ms, rate sampling interval: 5279ms
  Thread Stats   Avg      Stdev     99%   +/- Stdev
    Latency     4.84s     1.64s    8.67s    65.24%
    Req/Sec     1.17k     6.92     1.18k    66.67%
  Latency Distribution (HdrHistogram - Recorded Latency)
 50.000%    4.74s 
 75.000%    6.03s 
 90.000%    7.07s 
 99.000%    8.67s 
 99.900%   10.01s 
 99.990%   10.61s 
 99.999%   10.90s 
100.000%   10.96s 

  Detailed Percentile spectrum:
       Value   Percentile   TotalCount 1/(1-Percentile)

     400.895     0.000000            1         1.00
    2762.751     0.100000         9336         1.11
    3344.383     0.200000        18665         1.25
    3819.519     0.300000        27975         1.43
    4272.127     0.400000        37327         1.67
    4743.167     0.500000        46625         2.00
    4972.543     0.550000        51362         2.22
    5210.111     0.600000        56000         2.50
    5455.871     0.650000        60608         2.86
    5734.399     0.700000        65280         3.33
    6033.407     0.750000        69954         4.00
    6180.863     0.775000        72271         4.44
    6332.415     0.800000        74648         5.00
    6492.159     0.825000        76932         5.71
    6672.383     0.850000        79300         6.67
    6856.703     0.875000        81592         8.00
    6963.199     0.887500        82799         8.89
    7073.791     0.900000        83928        10.00
    7188.479     0.912500        85098        11.43
    7323.647     0.925000        86289        13.33
    7471.103     0.937500        87414        16.00
    7557.119     0.943750        88024        17.78
    7655.423     0.950000        88590        20.00
    7770.111     0.956250        89178        22.86
    7888.895     0.962500        89747        26.67
    8011.775     0.968750        90343        32.00
    8077.311     0.971875        90623        35.56
    8146.943     0.975000        90912        40.00
    8220.671     0.978125        91203        45.71
    8318.975     0.981250        91508        53.33
    8421.375     0.984375        91804        64.00
    8478.719     0.985938        91942        71.11
    8544.255     0.987500        92085        80.00
    8617.983     0.989062        92239        91.43
    8699.903     0.990625        92367       106.67
    8822.783     0.992188        92522       128.00
    8888.319     0.992969        92594       142.22
    8945.663     0.993750        92660       160.00
    9019.391     0.994531        92732       182.86
    9109.503     0.995313        92812       213.33
    9207.807     0.996094        92876       256.00
    9281.535     0.996484        92918       284.44
    9347.071     0.996875        92950       320.00
    9420.799     0.997266        92988       365.71
    9527.295     0.997656        93026       426.67
    9625.599     0.998047        93061       512.00
    9666.559     0.998242        93077       568.89
    9732.095     0.998437        93095       640.00
    9838.591     0.998633        93114       731.43
    9920.511     0.998828        93132       853.33
   10018.815     0.999023        93149      1024.00
   10067.967     0.999121        93161      1137.78
   10125.311     0.999219        93168      1280.00
   10174.463     0.999316        93177      1462.86
   10239.999     0.999414        93186      1706.67
   10321.919     0.999512        93195      2048.00
   10371.071     0.999561        93200      2275.56
   10403.839     0.999609        93204      2560.00
   10436.607     0.999658        93209      2925.71
   10477.567     0.999707        93214      3413.33
   10510.335     0.999756        93218      4096.00
   10518.527     0.999780        93220      4551.11
   10543.103     0.999805        93223      5120.00
   10551.295     0.999829        93226      5851.43
   10567.679     0.999854        93227      6826.67
   10592.255     0.999878        93230      8192.00
   10592.255     0.999890        93230      9102.22
   10608.639     0.999902        93232     10240.00
   10616.831     0.999915        93233     11702.86
   10641.407     0.999927        93234     13653.33
   10649.599     0.999939        93235     16384.00
   10649.599     0.999945        93235     18204.44
   10674.175     0.999951        93236     20480.00
   10846.207     0.999957        93237     23405.71
   10846.207     0.999963        93237     27306.67
   10878.975     0.999969        93238     32768.00
   10878.975     0.999973        93238     36408.89
   10878.975     0.999976        93238     40960.00
   10895.359     0.999979        93239     46811.43
   10895.359     0.999982        93239     54613.33
   10895.359     0.999985        93239     65536.00
   10895.359     0.999986        93239     72817.78
   10895.359     0.999988        93239     81920.00
   10960.895     0.999989        93240     93622.86
   10960.895     1.000000        93240          inf
#[Mean    =     4840.401, StdDeviation   =     1644.772]
#[Max     =    10952.704, Total count    =        93240]
#[Buckets =           27, SubBuckets     =         2048]
----------------------------------------------------------
  136048 requests in 30.00s, 23.87MB read
Requests/sec:   4535.07
Transfer/sec:    814.90KB
