Using argument nginx
using  args: threads=4 and connections=512 and duration=30 and requests=5000
Running 30s test @ http://10.10.1.5:8080
  4 threads and 512 connections
  Thread calibration: mean lat.: 2913.665ms, rate sampling interval: 11788ms
  Thread calibration: mean lat.: 2810.792ms, rate sampling interval: 11026ms
  Thread calibration: mean lat.: 2988.238ms, rate sampling interval: 11640ms
  Thread calibration: mean lat.: 3150.630ms, rate sampling interval: 11370ms
  Thread Stats   Avg      Stdev     99%   +/- Stdev
    Latency    13.11s     5.56s   24.18s    61.35%
    Req/Sec   300.25     15.27   316.00     75.00%
  Latency Distribution (HdrHistogram - Recorded Latency)
 50.000%   12.64s 
 75.000%   17.97s 
 90.000%   20.20s 
 99.000%   24.18s 
 99.900%   26.92s 
 99.990%   27.71s 
 99.999%   27.79s 
100.000%   27.79s 

  Detailed Percentile spectrum:
       Value   Percentile   TotalCount 1/(1-Percentile)

       1.543     0.000000            1         1.00
    5631.999     0.100000         2397         1.11
    7770.111     0.200000         4794         1.25
    9617.407     0.300000         7194         1.43
   11370.495     0.400000         9597         1.67
   12640.255     0.500000        11988         2.00
   13467.647     0.550000        13182         2.22
   15073.279     0.600000        14391         2.50
   16072.703     0.650000        15581         2.86
   16957.439     0.700000        16777         3.33
   17973.247     0.750000        17977         4.00
   18333.695     0.775000        18573         4.44
   18644.991     0.800000        19178         5.00
   18989.055     0.825000        19784         5.71
   19333.119     0.850000        20380         6.67
   19742.719     0.875000        20985         8.00
   19955.711     0.887500        21269         8.89
   20201.471     0.900000        21568        10.00
   20430.847     0.912500        21869        11.43
   20742.143     0.925000        22183        13.33
   21053.439     0.937500        22467        16.00
   21315.583     0.943750        22625        17.78
   21725.183     0.950000        22769        20.00
   22151.167     0.956250        22920        22.86
   22527.999     0.962500        23072        26.67
   22839.295     0.968750        23221        32.00
   23003.135     0.971875        23296        35.56
   23183.359     0.975000        23367        40.00
   23396.351     0.978125        23442        45.71
   23609.343     0.981250        23515        53.33
   23789.567     0.984375        23597        64.00
   23855.103     0.985938        23630        71.11
   23953.407     0.987500        23665        80.00
   24084.479     0.989062        23702        91.43
   24248.319     0.990625        23740       106.67
   24461.311     0.992188        23779       128.00
   24592.383     0.992969        23798       142.22
   24756.223     0.993750        23816       160.00
   25231.359     0.994531        23833       182.86
   25477.119     0.995313        23854       213.33
   25673.727     0.996094        23872       256.00
   25772.031     0.996484        23880       284.44
   25903.103     0.996875        23890       320.00
   26034.175     0.997266        23900       365.71
   26279.935     0.997656        23908       426.67
   26411.007     0.998047        23919       512.00
   26509.311     0.998242        23922       568.89
   26640.383     0.998437        23927       640.00
   26771.455     0.998633        23933       731.43
   26853.375     0.998828        23936       853.33
   26918.911     0.999023        23942      1024.00
   26935.295     0.999121        23944      1137.78
   27082.751     0.999219        23946      1280.00
   27148.287     0.999316        23949      1462.86
   27181.055     0.999414        23950      1706.67
   27377.663     0.999512        23953      2048.00
   27557.887     0.999561        23955      2275.56
   27557.887     0.999609        23955      2560.00
   27574.271     0.999658        23956      2925.71
   27639.807     0.999707        23958      3413.33
   27672.575     0.999756        23961      4096.00
   27672.575     0.999780        23961      4551.11
   27672.575     0.999805        23961      5120.00
   27672.575     0.999829        23961      5851.43
   27672.575     0.999854        23961      6826.67
   27705.343     0.999878        23962      8192.00
   27705.343     0.999890        23962      9102.22
   27705.343     0.999902        23962     10240.00
   27705.343     0.999915        23962     11702.86
   27721.727     0.999927        23963     13653.33
   27721.727     0.999939        23963     16384.00
   27721.727     0.999945        23963     18204.44
   27721.727     0.999951        23963     20480.00
   27721.727     0.999957        23963     23405.71
   27787.263     0.999963        23964     27306.67
   27787.263     1.000000        23964          inf
#[Mean    =    13106.281, StdDeviation   =     5559.255]
#[Max     =    27770.880, Total count    =        23964]
#[Buckets =           27, SubBuckets     =         2048]
----------------------------------------------------------
  36689 requests in 30.04s, 317.97MB read
  Non-2xx or 3xx responses: 917
Requests/sec:   1221.31
Transfer/sec:     10.58MB
