Using argument nginx
using  args: threads=4 and connections=512 and duration=30 and requests=2000
Running 30s test @ http://10.10.1.2:8080
  4 threads and 512 connections
  Thread calibration: mean lat.: 0.732ms, rate sampling interval: 10ms
  Thread calibration: mean lat.: 0.743ms, rate sampling interval: 10ms
  Thread calibration: mean lat.: 0.746ms, rate sampling interval: 10ms
  Thread calibration: mean lat.: 0.765ms, rate sampling interval: 10ms
  Thread Stats   Avg      Stdev     99%   +/- Stdev
    Latency   726.59us  644.76us   2.44ms   89.59%
    Req/Sec   526.71    233.99     1.11k    70.15%
  Latency Distribution (HdrHistogram - Recorded Latency)
 50.000%  519.00us
 75.000%  738.00us
 90.000%    1.69ms
 99.000%    2.44ms
 99.900%    3.82ms
 99.990%   16.14ms
 99.999%   16.59ms
100.000%   16.59ms

  Detailed Percentile spectrum:
       Value   Percentile   TotalCount 1/(1-Percentile)

       0.271     0.000000            1         1.00
       0.393     0.100000         4086         1.11
       0.418     0.200000         8017         1.25
       0.441     0.300000        11936         1.43
       0.469     0.400000        15895         1.67
       0.519     0.500000        19909         2.00
       0.572     0.550000        21859         2.22
       0.629     0.600000        23872         2.50
       0.666     0.650000        25829         2.86
       0.701     0.700000        27838         3.33
       0.738     0.750000        29822         4.00
       0.763     0.775000        30821         4.44
       0.793     0.800000        31799         5.00
       0.832     0.825000        32794         5.71
       0.886     0.850000        33779         6.67
       0.991     0.875000        34776         8.00
       1.109     0.887500        35266         8.89
       1.689     0.900000        35763        10.00
       1.822     0.912500        36269        11.43
       1.897     0.925000        36758        13.33
       1.961     0.937500        37255        16.00
       1.993     0.943750        37505        17.78
       2.025     0.950000        37758        20.00
       2.061     0.956250        38010        22.86
       2.099     0.962500        38252        26.67
       2.145     0.968750        38505        32.00
       2.171     0.971875        38621        35.56
       2.203     0.975000        38749        40.00
       2.235     0.978125        38875        45.71
       2.269     0.981250        38992        53.33
       2.325     0.984375        39117        64.00
       2.353     0.985938        39183        71.11
       2.381     0.987500        39241        80.00
       2.421     0.989062        39304        91.43
       2.453     0.990625        39367       106.67
       2.505     0.992188        39430       128.00
       2.531     0.992969        39458       142.22
       2.561     0.993750        39488       160.00
       2.603     0.994531        39520       182.86
       2.643     0.995313        39552       213.33
       2.691     0.996094        39581       256.00
       2.721     0.996484        39597       284.44
       2.763     0.996875        39612       320.00
       2.825     0.997266        39628       365.71
       2.887     0.997656        39645       426.67
       2.985     0.998047        39660       512.00
       3.117     0.998242        39667       568.89
       3.245     0.998437        39674       640.00
       3.383     0.998633        39682       731.43
       3.699     0.998828        39690       853.33
       4.175     0.999023        39698      1024.00
       5.635     0.999121        39702      1137.78
       6.971     0.999219        39705      1280.00
      15.351     0.999316        39709      1462.86
      15.487     0.999414        39713      1706.67
      15.575     0.999512        39717      2048.00
      15.607     0.999561        39719      2275.56
      15.687     0.999609        39721      2560.00
      15.743     0.999658        39724      2925.71
      15.759     0.999707        39725      3413.33
      15.815     0.999756        39728      4096.00
      15.815     0.999780        39728      4551.11
      15.855     0.999805        39729      5120.00
      15.975     0.999829        39730      5851.43
      16.095     0.999854        39731      6826.67
      16.135     0.999878        39732      8192.00
      16.135     0.999890        39732      9102.22
      16.167     0.999902        39733     10240.00
      16.167     0.999915        39733     11702.86
      16.303     0.999927        39734     13653.33
      16.303     0.999939        39734     16384.00
      16.303     0.999945        39734     18204.44
      16.479     0.999951        39735     20480.00
      16.479     0.999957        39735     23405.71
      16.479     0.999963        39735     27306.67
      16.479     0.999969        39735     32768.00
      16.479     0.999973        39735     36408.89
      16.591     0.999976        39736     40960.00
      16.591     1.000000        39736          inf
#[Mean    =        0.727, StdDeviation   =        0.645]
#[Max     =       16.576, Total count    =        39736]
#[Buckets =           27, SubBuckets     =         2048]
----------------------------------------------------------
  59651 requests in 30.00s, 11.41MB read
  Socket errors: connect 0, read 0, write 0, timeout 6
Requests/sec:   1988.22
Transfer/sec:    389.53KB
