Using argument nginx
using  args: threads=4 and connections=512 and duration=30 and requests=4000
Running 30s test @ http://10.10.1.4:8080
  4 threads and 512 connections
  Thread calibration: mean lat.: 1.054ms, rate sampling interval: 10ms
  Thread calibration: mean lat.: 1.088ms, rate sampling interval: 10ms
  Thread calibration: mean lat.: 1.066ms, rate sampling interval: 10ms
  Thread calibration: mean lat.: 0.884ms, rate sampling interval: 10ms
  Thread Stats   Avg      Stdev     99%   +/- Stdev
    Latency   849.78us  670.10us   2.80ms   89.92%
    Req/Sec     1.06k   329.11     1.89k    66.18%
  Latency Distribution (HdrHistogram - Recorded Latency)
 50.000%  648.00us
 75.000%  821.00us
 90.000%    1.80ms
 99.000%    2.80ms
 99.900%    4.64ms
 99.990%   16.58ms
 99.999%   17.18ms
100.000%   29.81ms

  Detailed Percentile spectrum:
       Value   Percentile   TotalCount 1/(1-Percentile)

       0.374     0.000000            1         1.00
       0.514     0.100000         8205         1.11
       0.544     0.200000        16220         1.25
       0.571     0.300000        24201         1.43
       0.601     0.400000        31954         1.67
       0.648     0.500000        39992         2.00
       0.688     0.550000        43940         2.22
       0.729     0.600000        47954         2.50
       0.761     0.650000        51932         2.86
       0.791     0.700000        56001         3.33
       0.821     0.750000        59914         4.00
       0.838     0.775000        61871         4.44
       0.859     0.800000        63887         5.00
       0.884     0.825000        65872         5.71
       0.922     0.850000        67893         6.67
       0.992     0.875000        69860         8.00
       1.074     0.887500        70850         8.89
       1.801     0.900000        71848        10.00
       2.073     0.912500        72848        11.43
       2.173     0.925000        73843        13.33
       2.259     0.937500        74845        16.00
       2.301     0.943750        75370        17.78
       2.339     0.950000        75851        20.00
       2.381     0.956250        76355        22.86
       2.429     0.962500        76851        26.67
       2.481     0.968750        77339        32.00
       2.511     0.971875        77596        35.56
       2.543     0.975000        77841        40.00
       2.583     0.978125        78095        45.71
       2.627     0.981250        78341        53.33
       2.679     0.984375        78584        64.00
       2.711     0.985938        78719        71.11
       2.741     0.987500        78832        80.00
       2.775     0.989062        78959        91.43
       2.823     0.990625        79082       106.67
       2.881     0.992188        79208       128.00
       2.907     0.992969        79271       142.22
       2.943     0.993750        79331       160.00
       2.979     0.994531        79394       182.86
       3.031     0.995313        79455       213.33
       3.095     0.996094        79520       256.00
       3.137     0.996484        79549       284.44
       3.209     0.996875        79580       320.00
       3.267     0.997266        79611       365.71
       3.347     0.997656        79642       426.67
       3.477     0.998047        79674       512.00
       3.575     0.998242        79689       568.89
       3.715     0.998437        79705       640.00
       3.931     0.998633        79720       731.43
       4.235     0.998828        79737       853.33
       4.723     0.999023        79752      1024.00
       4.963     0.999121        79759      1137.78
       5.235     0.999219        79767      1280.00
       6.167     0.999316        79775      1462.86
      11.431     0.999414        79783      1706.67
      15.807     0.999512        79791      2048.00
      15.887     0.999561        79794      2275.56
      16.007     0.999609        79798      2560.00
      16.031     0.999658        79802      2925.71
      16.111     0.999707        79806      3413.33
      16.175     0.999756        79811      4096.00
      16.183     0.999780        79812      4551.11
      16.199     0.999805        79814      5120.00
      16.215     0.999829        79816      5851.43
      16.287     0.999854        79818      6826.67
      16.415     0.999878        79820      8192.00
      16.575     0.999890        79821      9102.22
      16.607     0.999902        79822     10240.00
      16.655     0.999915        79823     11702.86
      16.719     0.999927        79824     13653.33
      16.751     0.999939        79825     16384.00
      16.751     0.999945        79825     18204.44
      16.767     0.999951        79826     20480.00
      16.767     0.999957        79826     23405.71
      17.023     0.999963        79827     27306.67
      17.023     0.999969        79827     32768.00
      17.023     0.999973        79827     36408.89
      17.183     0.999976        79828     40960.00
      17.183     0.999979        79828     46811.43
      17.183     0.999982        79828     54613.33
      17.183     0.999985        79828     65536.00
      17.183     0.999986        79828     72817.78
      29.807     0.999988        79829     81920.00
      29.807     1.000000        79829          inf
#[Mean    =        0.850, StdDeviation   =        0.670]
#[Max     =       29.792, Total count    =        79829]
#[Buckets =           27, SubBuckets     =         2048]
----------------------------------------------------------
  118954 requests in 30.00s, 22.75MB read
Requests/sec:   3965.10
Transfer/sec:    776.63KB
