No argument supplied nginx
using  args: threads=4 and connections=512 and duration=30 and requests=10000
Running 30s test @ http://localhost:8080
  4 threads and 512 connections
  Thread calibration: mean lat.: 1575.168ms, rate sampling interval: 7573ms
  Thread calibration: mean lat.: 1613.710ms, rate sampling interval: 7729ms
  Thread calibration: mean lat.: 2125.595ms, rate sampling interval: 8519ms
  Thread calibration: mean lat.: 2366.837ms, rate sampling interval: 9076ms
  Thread Stats   Avg      Stdev     99%   +/- Stdev
    Latency     9.43s     3.53s   18.37s    66.21%
    Req/Sec     1.16k    31.82     1.21k    75.00%
  Latency Distribution (HdrHistogram - Recorded Latency)
 50.000%    9.03s 
 75.000%   11.85s 
 90.000%   14.30s 
 99.000%   18.37s 
 99.900%   20.30s 
 99.990%   21.64s 
 99.999%   22.38s 
100.000%   22.51s 

  Detailed Percentile spectrum:
       Value   Percentile   TotalCount 1/(1-Percentile)

      14.647     0.000000            1         1.00
    5181.439     0.100000         9254         1.11
    6213.631     0.200000        18463         1.25
    7172.095     0.300000        27706         1.43
    8089.599     0.400000        36955         1.67
    9027.583     0.500000        46218         2.00
    9535.487     0.550000        50812         2.22
   10084.351     0.600000        55453         2.50
   10649.599     0.650000        60020         2.86
   11255.807     0.700000        64662         3.33
   11845.631     0.750000        69270         4.00
   12214.271     0.775000        71562         4.44
   12566.527     0.800000        73851         5.00
   12918.783     0.825000        76187         5.71
   13311.999     0.850000        78476         6.67
   13778.943     0.875000        80812         8.00
   14024.703     0.887500        81964         8.89
   14295.039     0.900000        83079        10.00
   14606.335     0.912500        84247        11.43
   14966.783     0.925000        85398        13.33
   15310.847     0.937500        86542        16.00
   15515.647     0.943750        87133        17.78
   15728.639     0.950000        87702        20.00
   16023.551     0.956250        88271        22.86
   16359.423     0.962500        88854        26.67
   16703.487     0.968750        89424        32.00
   16875.519     0.971875        89730        35.56
   17039.359     0.975000        90011        40.00
   17219.583     0.978125        90306        45.71
   17448.959     0.981250        90583        53.33
   17711.103     0.984375        90879        64.00
   17858.559     0.985938        91026        71.11
   18038.783     0.987500        91169        80.00
   18235.391     0.989062        91307        91.43
   18431.999     0.990625        91444       106.67
   18710.527     0.992188        91590       128.00
   18841.599     0.992969        91665       142.22
   18989.055     0.993750        91743       160.00
   19120.127     0.994531        91811       182.86
   19267.583     0.995313        91887       213.33
   19365.887     0.996094        91949       256.00
   19431.423     0.996484        91985       284.44
   19513.343     0.996875        92023       320.00
   19611.647     0.997266        92056       365.71
   19726.335     0.997656        92094       426.67
   19841.023     0.998047        92135       512.00
   19873.791     0.998242        92147       568.89
   19972.095     0.998437        92168       640.00
   20054.015     0.998633        92182       731.43
   20168.703     0.998828        92204       853.33
   20316.159     0.999023        92221      1024.00
   20365.311     0.999121        92228      1137.78
   20463.615     0.999219        92236      1280.00
   20578.303     0.999316        92247      1462.86
   20627.455     0.999414        92255      1706.67
   20758.527     0.999512        92263      2048.00
   20807.679     0.999561        92269      2275.56
   20840.447     0.999609        92273      2560.00
   20905.983     0.999658        92277      2925.71
   21102.591     0.999707        92281      3413.33
   21250.047     0.999756        92286      4096.00
   21266.431     0.999780        92288      4551.11
   21315.583     0.999805        92290      5120.00
   21430.271     0.999829        92293      5851.43
   21528.575     0.999854        92295      6826.67
   21561.343     0.999878        92297      8192.00
   21610.495     0.999890        92298      9102.22
   21643.263     0.999902        92299     10240.00
   21741.567     0.999915        92302     11702.86
   21741.567     0.999927        92302     13653.33
   21954.559     0.999939        92303     16384.00
   21954.559     0.999945        92303     18204.44
   21987.327     0.999951        92304     20480.00
   22036.479     0.999957        92305     23405.71
   22036.479     0.999963        92305     27306.67
   22216.703     0.999969        92306     32768.00
   22216.703     0.999973        92306     36408.89
   22216.703     0.999976        92306     40960.00
   22380.543     0.999979        92307     46811.43
   22380.543     0.999982        92307     54613.33
   22380.543     0.999985        92307     65536.00
   22380.543     0.999986        92307     72817.78
   22380.543     0.999988        92307     81920.00
   22511.615     0.999989        92308     93622.86
   22511.615     1.000000        92308          inf
#[Mean    =     9431.168, StdDeviation   =     3533.377]
#[Max     =    22495.232, Total count    =        92308]
#[Buckets =           27, SubBuckets     =         2048]
----------------------------------------------------------
  142073 requests in 30.00s, 780.89MB read
  Non-2xx or 3xx responses: 2714
Requests/sec:   4735.82
Transfer/sec:     26.03MB
