No argument supplied nginx
using  args: threads=4 and connections=512 and duration=30 and requests=1500
Running 30s test @ http://localhost:8080
  4 threads and 512 connections
  Thread calibration: mean lat.: 2.267ms, rate sampling interval: 10ms
  Thread calibration: mean lat.: 2.260ms, rate sampling interval: 10ms
  Thread calibration: mean lat.: 2.294ms, rate sampling interval: 10ms
  Thread calibration: mean lat.: 2.263ms, rate sampling interval: 10ms
  Thread Stats   Avg      Stdev     99%   +/- Stdev
    Latency     3.05ms   22.64ms   5.58ms   99.79%
    Req/Sec   392.49    206.59     1.00k    75.68%
  Latency Distribution (HdrHistogram - Recorded Latency)
 50.000%    2.05ms
 75.000%    2.71ms
 90.000%    3.60ms
 99.000%    5.58ms
 99.900%  274.43ms
 99.990%    1.09s 
 99.999%    1.57s 
100.000%    1.57s 

  Detailed Percentile spectrum:
       Value   Percentile   TotalCount 1/(1-Percentile)

       1.002     0.000000            1         1.00
       1.402     0.100000         2968         1.11
       1.530     0.200000         5932         1.25
       1.669     0.300000         8894         1.43
       1.874     0.400000        11849         1.67
       2.049     0.500000        14821         2.00
       2.143     0.550000        16323         2.22
       2.261     0.600000        17789         2.50
       2.433     0.650000        19259         2.86
       2.573     0.700000        20738         3.33
       2.711     0.750000        22233         4.00
       2.835     0.775000        22957         4.44
       2.961     0.800000        23694         5.00
       3.091     0.825000        24436         5.71
       3.209     0.850000        25174         6.67
       3.389     0.875000        25921         8.00
       3.491     0.887500        26288         8.89
       3.601     0.900000        26661        10.00
       3.721     0.912500        27030        11.43
       3.871     0.925000        27394        13.33
       4.053     0.937500        27771        16.00
       4.131     0.943750        27954        17.78
       4.219     0.950000        28143        20.00
       4.307     0.956250        28320        22.86
       4.447     0.962500        28506        26.67
       4.595     0.968750        28690        32.00
       4.671     0.971875        28783        35.56
       4.747     0.975000        28875        40.00
       4.863     0.978125        28969        45.71
       5.007     0.981250        29061        53.33
       5.143     0.984375        29153        64.00
       5.227     0.985938        29200        71.11
       5.343     0.987500        29245        80.00
       5.491     0.989062        29295        91.43
       5.647     0.990625        29339       106.67
       5.907     0.992188        29384       128.00
       6.075     0.992969        29407       142.22
       6.207     0.993750        29430       160.00
       6.387     0.994531        29454       182.86
       6.615     0.995313        29478       213.33
       6.959     0.996094        29500       256.00
       7.167     0.996484        29511       284.44
       7.571     0.996875        29523       320.00
       8.127     0.997266        29535       365.71
      11.727     0.997656        29546       426.67
      35.391     0.998047        29558       512.00
      55.871     0.998242        29563       568.89
     104.639     0.998437        29569       640.00
     156.543     0.998633        29575       731.43
     203.903     0.998828        29582       853.33
     287.231     0.999023        29587      1024.00
     305.919     0.999121        29589      1137.78
     326.143     0.999219        29592      1280.00
     362.751     0.999316        29595      1462.86
     451.839     0.999414        29598      1706.67
     501.759     0.999512        29601      2048.00
     570.367     0.999561        29602      2275.56
     577.535     0.999609        29604      2560.00
     614.399     0.999658        29605      2925.71
     764.927     0.999707        29607      3413.33
     819.711     0.999756        29608      4096.00
     871.935     0.999780        29609      4551.11
     937.471     0.999805        29610      5120.00
     937.471     0.999829        29610      5851.43
     951.295     0.999854        29611      6826.67
    1085.439     0.999878        29612      8192.00
    1085.439     0.999890        29612      9102.22
    1164.287     0.999902        29613     10240.00
    1164.287     0.999915        29613     11702.86
    1164.287     0.999927        29613     13653.33
    1362.943     0.999939        29614     16384.00
    1362.943     0.999945        29614     18204.44
    1362.943     0.999951        29614     20480.00
    1362.943     0.999957        29614     23405.71
    1362.943     0.999963        29614     27306.67
    1572.863     0.999969        29615     32768.00
    1572.863     1.000000        29615          inf
#[Mean    =        3.046, StdDeviation   =       22.644]
#[Max     =     1571.840, Total count    =        29615]
#[Buckets =           27, SubBuckets     =         2048]
----------------------------------------------------------
  44330 requests in 30.00s, 9.27MB read
  Socket errors: connect 0, read 0, write 0, timeout 22
  Non-2xx or 3xx responses: 466
Requests/sec:   1477.43
Transfer/sec:    316.49KB
