Using argument nginx
using  args: threads=4 and connections=512 and duration=30 and requests=3500
Running 30s test @ http://10.10.1.4:8080
  4 threads and 512 connections
  Thread calibration: mean lat.: 278.963ms, rate sampling interval: 2625ms
  Thread calibration: mean lat.: 269.182ms, rate sampling interval: 2349ms
  Thread calibration: mean lat.: 282.441ms, rate sampling interval: 2639ms
  Thread calibration: mean lat.: 331.986ms, rate sampling interval: 3274ms
  Thread Stats   Avg      Stdev     99%   +/- Stdev
    Latency     5.61s     4.66s   19.02s    63.25%
    Req/Sec   403.68     54.39   499.00     71.43%
  Latency Distribution (HdrHistogram - Recorded Latency)
 50.000%    5.52s 
 75.000%    8.84s 
 90.000%   11.26s 
 99.000%   19.02s 
 99.900%   20.92s 
 99.990%   21.40s 
 99.999%   22.20s 
100.000%   22.20s 

  Detailed Percentile spectrum:
       Value   Percentile   TotalCount 1/(1-Percentile)

       0.428     0.000000            1         1.00
     109.247     0.100000         3237         1.11
     705.023     0.200000         6473         1.25
    1632.255     0.300000         9709         1.43
    3223.551     0.400000        12946         1.67
    5517.311     0.500000        16185         2.00
    6381.567     0.550000        17803         2.22
    7118.847     0.600000        19424         2.50
    7725.055     0.650000        21041         2.86
    8265.727     0.700000        22655         3.33
    8839.167     0.750000        24270         4.00
    9191.423     0.775000        25097         4.44
    9494.527     0.800000        25895         5.00
    9805.823     0.825000        26697         5.71
   10125.311     0.850000        27518         6.67
   10608.639     0.875000        28321         8.00
   10919.935     0.887500        28720         8.89
   11255.807     0.900000        29122        10.00
   11714.559     0.912500        29527        11.43
   12255.231     0.925000        29935        13.33
   12861.439     0.937500        30337        16.00
   13189.119     0.943750        30537        17.78
   13713.407     0.950000        30740        20.00
   14254.079     0.956250        30944        22.86
   14974.975     0.962500        31144        26.67
   15925.247     0.968750        31345        32.00
   16367.615     0.971875        31446        35.56
   16859.135     0.975000        31550        40.00
   17350.655     0.978125        31650        45.71
   17907.711     0.981250        31755        53.33
   18235.391     0.984375        31851        64.00
   18464.767     0.985938        31904        71.11
   18710.527     0.987500        31957        80.00
   18923.519     0.989062        32004        91.43
   19087.359     0.990625        32054       106.67
   19283.967     0.992188        32107       128.00
   19398.655     0.992969        32130       142.22
   19513.343     0.993750        32155       160.00
   19644.415     0.994531        32185       182.86
   19742.719     0.995313        32206       213.33
   19890.175     0.996094        32234       256.00
   19939.327     0.996484        32243       284.44
   20021.247     0.996875        32256       320.00
   20234.239     0.997266        32269       365.71
   20398.079     0.997656        32282       426.67
   20611.071     0.998047        32293       512.00
   20742.143     0.998242        32300       568.89
   20807.679     0.998437        32307       640.00
   20840.447     0.998633        32314       731.43
   20889.599     0.998828        32322       853.33
   20938.751     0.999023        32326      1024.00
   21020.671     0.999121        32328      1137.78
   21069.823     0.999219        32332      1280.00
   21086.207     0.999316        32334      1462.86
   21151.743     0.999414        32338      1706.67
   21200.895     0.999512        32341      2048.00
   21217.279     0.999561        32342      2275.56
   21250.047     0.999609        32345      2560.00
   21250.047     0.999658        32345      2925.71
   21282.815     0.999707        32348      3413.33
   21315.583     0.999756        32349      4096.00
   21315.583     0.999780        32349      4551.11
   21331.967     0.999805        32350      5120.00
   21397.503     0.999829        32353      5851.43
   21397.503     0.999854        32353      6826.67
   21397.503     0.999878        32353      8192.00
   21397.503     0.999890        32353      9102.22
   21397.503     0.999902        32353     10240.00
   21446.655     0.999915        32354     11702.86
   21446.655     0.999927        32354     13653.33
   21463.039     0.999939        32355     16384.00
   21463.039     0.999945        32355     18204.44
   21463.039     0.999951        32355     20480.00
   21463.039     0.999957        32355     23405.71
   21463.039     0.999963        32355     27306.67
   22200.319     0.999969        32356     32768.00
   22200.319     1.000000        32356          inf
#[Mean    =     5606.458, StdDeviation   =     4663.265]
#[Max     =    22183.936, Total count    =        32356]
#[Buckets =           27, SubBuckets     =         2048]
----------------------------------------------------------
  59388 requests in 30.00s, 315.52MB read
  Non-2xx or 3xx responses: 380
Requests/sec:   1979.63
Transfer/sec:     10.52MB
