Using argument nginx
using  args: threads=4 and connections=512 and duration=30 and requests=6000
Running 30s test @ http://10.10.1.8:8080/wrk2-api/user-timeline/read
  4 threads and 512 connections
  Thread calibration: mean lat.: 601.085ms, rate sampling interval: 2768ms
  Thread calibration: mean lat.: 625.479ms, rate sampling interval: 2916ms
  Thread calibration: mean lat.: 694.235ms, rate sampling interval: 3041ms
  Thread calibration: mean lat.: 640.179ms, rate sampling interval: 3031ms
  Thread Stats   Avg      Stdev     99%   +/- Stdev
    Latency     3.08s     1.44s    6.72s    66.59%
    Req/Sec     1.25k    34.08     1.32k    64.00%
  Latency Distribution (HdrHistogram - Recorded Latency)
 50.000%    2.96s 
 75.000%    4.04s 
 90.000%    5.05s 
 99.000%    6.72s 
 99.900%    7.69s 
 99.990%    8.94s 
 99.999%    9.13s 
100.000%    9.26s 

  Detailed Percentile spectrum:
       Value   Percentile   TotalCount 1/(1-Percentile)

      13.295     0.000000            1         1.00
    1289.215     0.100000         9943         1.11
    1799.167     0.200000        19879         1.25
    2201.599     0.300000        29843         1.43
    2576.383     0.400000        39736         1.67
    2959.359     0.500000        49705         2.00
    3147.775     0.550000        54650         2.22
    3342.335     0.600000        59610         2.50
    3561.471     0.650000        64591         2.86
    3784.703     0.700000        69566         3.33
    4036.607     0.750000        74536         4.00
    4171.775     0.775000        77015         4.44
    4317.183     0.800000        79490         5.00
    4472.831     0.825000        81952         5.71
    4644.863     0.850000        84439         6.67
    4833.279     0.875000        86961         8.00
    4935.679     0.887500        88188         8.89
    5046.271     0.900000        89414        10.00
    5169.151     0.912500        90675        11.43
    5308.415     0.925000        91911        13.33
    5464.063     0.937500        93130        16.00
    5550.079     0.943750        93771        17.78
    5640.191     0.950000        94382        20.00
    5738.495     0.956250        95006        22.86
    5844.991     0.962500        95616        26.67
    5971.967     0.968750        96242        32.00
    6037.503     0.971875        96546        35.56
    6119.423     0.975000        96862        40.00
    6205.439     0.978125        97169        45.71
    6307.839     0.981250        97478        53.33
    6434.815     0.984375        97787        64.00
    6504.447     0.985938        97941        71.11
    6586.367     0.987500        98099        80.00
    6668.287     0.989062        98253        91.43
    6758.399     0.990625        98410       106.67
    6844.415     0.992188        98560       128.00
    6889.471     0.992969        98638       142.22
    6942.719     0.993750        98722       160.00
    6983.679     0.994531        98796       182.86
    7036.927     0.995313        98872       213.33
    7102.463     0.996094        98950       256.00
    7135.231     0.996484        98988       284.44
    7200.767     0.996875        99025       320.00
    7274.495     0.997266        99065       365.71
    7348.223     0.997656        99106       426.67
    7413.759     0.998047        99142       512.00
    7458.815     0.998242        99162       568.89
    7495.679     0.998437        99180       640.00
    7565.311     0.998633        99200       731.43
    7622.655     0.998828        99219       853.33
    7700.479     0.999023        99238      1024.00
    7753.727     0.999121        99248      1137.78
    7827.455     0.999219        99258      1280.00
    7966.719     0.999316        99268      1462.86
    8187.903     0.999414        99277      1706.67
    8347.647     0.999512        99287      2048.00
    8413.183     0.999561        99295      2275.56
    8421.375     0.999609        99297      2560.00
    8462.335     0.999658        99302      2925.71
    8495.103     0.999707        99306      3413.33
    8593.407     0.999756        99311      4096.00
    8798.207     0.999780        99314      4551.11
    8871.935     0.999805        99317      5120.00
    8888.319     0.999829        99320      5851.43
    8896.511     0.999854        99321      6826.67
    8912.895     0.999878        99323      8192.00
    8937.471     0.999890        99325      9102.22
    8953.855     0.999902        99327     10240.00
    8953.855     0.999915        99327     11702.86
    8994.815     0.999927        99328     13653.33
    9019.391     0.999939        99329     16384.00
    9027.583     0.999945        99330     18204.44
    9043.967     0.999951        99331     20480.00
    9043.967     0.999957        99331     23405.71
    9052.159     0.999963        99332     27306.67
    9052.159     0.999969        99332     32768.00
    9125.887     0.999973        99334     36408.89
    9125.887     0.999976        99334     40960.00
    9125.887     0.999979        99334     46811.43
    9125.887     0.999982        99334     54613.33
    9125.887     0.999985        99334     65536.00
    9125.887     0.999986        99334     72817.78
    9125.887     0.999988        99334     81920.00
    9125.887     0.999989        99334     93622.86
    9256.959     0.999991        99335    109226.67
    9256.959     1.000000        99335          inf
#[Mean    =     3078.134, StdDeviation   =     1436.661]
#[Max     =     9248.768, Total count    =        99335]
#[Buckets =           27, SubBuckets     =         2048]
----------------------------------------------------------
  149568 requests in 30.00s, 26.25MB read
  Non-2xx or 3xx responses: 4
Requests/sec:   4985.83
Transfer/sec:      0.87MB
