Using argument nginx
using  args: threads=4 and connections=512 and duration=30 and requests=16000
Running 30s test @ http://10.10.1.2:5000
  4 threads and 512 connections
  Thread calibration: mean lat.: 3792.383ms, rate sampling interval: 14778ms
  Thread calibration: mean lat.: 3744.612ms, rate sampling interval: 14655ms
  Thread calibration: mean lat.: 3949.721ms, rate sampling interval: 13852ms
  Thread calibration: mean lat.: 3932.097ms, rate sampling interval: 13787ms
  Thread Stats   Avg      Stdev     99%   +/- Stdev
    Latency    16.37s     4.87s   24.95s    58.01%
    Req/Sec   621.25      4.15   627.00     50.00%
  Latency Distribution (HdrHistogram - Recorded Latency)
 50.000%   16.38s 
 75.000%   20.58s 
 90.000%   23.07s 
 99.000%   24.95s 
 99.900%   25.64s 
 99.990%   26.02s 
 99.999%   26.20s 
100.000%   26.20s 

  Detailed Percentile spectrum:
       Value   Percentile   TotalCount 1/(1-Percentile)

    7061.503     0.000000            1         1.00
    9641.983     0.100000         4953         1.11
   11337.727     0.200000         9887         1.25
   12984.319     0.300000        14838         1.43
   14712.831     0.400000        19766         1.67
   16375.807     0.500000        24705         2.00
   17219.583     0.550000        27196         2.22
   18038.783     0.600000        29690         2.50
   18874.367     0.650000        32140         2.86
   19726.335     0.700000        34611         3.33
   20578.303     0.750000        37070         4.00
   21004.287     0.775000        38344         4.44
   21413.887     0.800000        39543         5.00
   21823.487     0.825000        40769         5.71
   22249.471     0.850000        42047         6.67
   22642.687     0.875000        43265         8.00
   22855.679     0.887500        43866         8.89
   23068.671     0.900000        44488        10.00
   23281.663     0.912500        45123        11.43
   23494.655     0.925000        45721        13.33
   23724.031     0.937500        46361        16.00
   23838.719     0.943750        46668        17.78
   23953.407     0.950000        46970        20.00
   24084.479     0.956250        47274        22.86
   24199.167     0.962500        47585        26.67
   24313.855     0.968750        47873        32.00
   24395.775     0.971875        48054        35.56
   24461.311     0.975000        48198        40.00
   24526.847     0.978125        48335        45.71
   24625.151     0.981250        48508        53.33
   24723.455     0.984375        48665        64.00
   24772.607     0.985938        48725        71.11
   24838.143     0.987500        48802        80.00
   24903.679     0.989062        48878        91.43
   24969.215     0.990625        48964       106.67
   25034.751     0.992188        49036       128.00
   25067.519     0.992969        49077       142.22
   25100.287     0.993750        49118       160.00
   25133.055     0.994531        49146       182.86
   25198.591     0.995313        49185       213.33
   25247.743     0.996094        49220       256.00
   25296.895     0.996484        49241       284.44
   25329.663     0.996875        49262       320.00
   25378.815     0.997266        49282       365.71
   25411.583     0.997656        49297       426.67
   25460.735     0.998047        49315       512.00
   25493.503     0.998242        49325       568.89
   25526.271     0.998437        49335       640.00
   25591.807     0.998633        49346       731.43
   25624.575     0.998828        49359       853.33
   25640.959     0.999023        49363      1024.00
   25673.727     0.999121        49367      1137.78
   25706.495     0.999219        49373      1280.00
   25722.879     0.999316        49377      1462.86
   25755.647     0.999414        49383      1706.67
   25804.799     0.999512        49387      2048.00
   25853.951     0.999561        49390      2275.56
   25870.335     0.999609        49392      2560.00
   25886.719     0.999658        49395      2925.71
   25903.103     0.999707        49397      3413.33
   25919.487     0.999756        49399      4096.00
   25935.871     0.999780        49402      4551.11
   25935.871     0.999805        49402      5120.00
   25935.871     0.999829        49402      5851.43
   25968.639     0.999854        49403      6826.67
   26001.407     0.999878        49404      8192.00
   26017.791     0.999890        49405      9102.22
   26066.943     0.999902        49407     10240.00
   26066.943     0.999915        49407     11702.86
   26066.943     0.999927        49407     13653.33
   26066.943     0.999939        49407     16384.00
   26083.327     0.999945        49408     18204.44
   26083.327     0.999951        49408     20480.00
   26083.327     0.999957        49408     23405.71
   26099.711     0.999963        49409     27306.67
   26099.711     0.999969        49409     32768.00
   26099.711     0.999973        49409     36408.89
   26099.711     0.999976        49409     40960.00
   26099.711     0.999979        49409     46811.43
   26198.015     0.999982        49410     54613.33
   26198.015     1.000000        49410          inf
#[Mean    =    16366.508, StdDeviation   =     4870.837]
#[Max     =    26181.632, Total count    =        49410]
#[Buckets =           27, SubBuckets     =         2048]
----------------------------------------------------------
  74499 requests in 30.02s, 30.72MB read
Requests/sec:   2481.92
Transfer/sec:      1.02MB
