Using argument nginx
using  args: threads=4 and connections=512 and duration=30 and requests=18000
Running 30s test @ http://10.10.1.4:5000
  4 threads and 512 connections
  Thread calibration: mean lat.: 3826.280ms, rate sampling interval: 14188ms
  Thread calibration: mean lat.: 3806.513ms, rate sampling interval: 14262ms
  Thread calibration: mean lat.: 3832.959ms, rate sampling interval: 14188ms
  Thread calibration: mean lat.: 3686.846ms, rate sampling interval: 13074ms
  Thread Stats   Avg      Stdev     99%   +/- Stdev
    Latency    15.80s     4.64s   23.95s    57.64%
    Req/Sec     0.88k     5.54     0.89k    50.00%
  Latency Distribution (HdrHistogram - Recorded Latency)
 50.000%   15.71s 
 75.000%   19.84s 
 90.000%   22.22s 
 99.000%   23.95s 
 99.900%   24.71s 
 99.990%   25.25s 
 99.999%   25.51s 
100.000%   25.61s 

  Detailed Percentile spectrum:
       Value   Percentile   TotalCount 1/(1-Percentile)

    6541.311     0.000000            1         1.00
    9437.183     0.100000         7059         1.11
   11001.855     0.200000        14086         1.25
   12591.103     0.300000        21110         1.43
   14204.927     0.400000        28164         1.67
   15712.255     0.500000        35178         2.00
   16515.071     0.550000        38712         2.22
   17367.039     0.600000        42252         2.50
   18202.623     0.650000        45727         2.86
   19021.823     0.700000        49314         3.33
   19841.023     0.750000        52801         4.00
   20267.007     0.775000        54576         4.44
   20660.223     0.800000        56276         5.00
   21069.823     0.825000        58059         5.71
   21463.039     0.850000        59807         6.67
   21839.871     0.875000        61629         8.00
   22020.095     0.887500        62512         8.89
   22216.703     0.900000        63416        10.00
   22380.543     0.912500        64234        11.43
   22577.151     0.925000        65123        13.33
   22773.759     0.937500        65995        16.00
   22888.447     0.943750        66456        17.78
   22986.751     0.950000        66854        20.00
   23101.439     0.956250        67300        22.86
   23216.127     0.962500        67736        26.67
   23347.199     0.968750        68177        32.00
   23412.735     0.971875        68391        35.56
   23494.655     0.975000        68624        40.00
   23560.191     0.978125        68814        45.71
   23658.495     0.981250        69067        53.33
   23740.415     0.984375        69260        64.00
   23789.567     0.985938        69363        71.11
   23855.103     0.987500        69488        80.00
   23920.639     0.989062        69608        91.43
   23969.791     0.990625        69697       106.67
   24051.711     0.992188        69811       128.00
   24084.479     0.992969        69859       142.22
   24133.631     0.993750        69918       160.00
   24182.783     0.994531        69974       182.86
   24231.935     0.995313        70020       213.33
   24297.471     0.996094        70073       256.00
   24330.239     0.996484        70102       284.44
   24363.007     0.996875        70129       320.00
   24412.159     0.997266        70158       365.71
   24461.311     0.997656        70184       426.67
   24526.847     0.998047        70213       512.00
   24543.231     0.998242        70225       568.89
   24575.999     0.998437        70235       640.00
   24625.151     0.998633        70258       731.43
   24641.535     0.998828        70263       853.33
   24707.071     0.999023        70281      1024.00
   24723.455     0.999121        70289      1137.78
   24739.839     0.999219        70294      1280.00
   24772.607     0.999316        70296      1462.86
   24838.143     0.999414        70304      1706.67
   24887.295     0.999512        70311      2048.00
   24903.679     0.999561        70314      2275.56
   24920.063     0.999609        70317      2560.00
   24985.599     0.999658        70323      2925.71
   25001.983     0.999707        70324      3413.33
   25051.135     0.999756        70327      4096.00
   25083.903     0.999780        70331      4551.11
   25083.903     0.999805        70331      5120.00
   25116.671     0.999829        70332      5851.43
   25149.439     0.999854        70334      6826.67
   25165.823     0.999878        70336      8192.00
   25247.743     0.999890        70337      9102.22
   25264.127     0.999902        70338     10240.00
   25264.127     0.999915        70338     11702.86
   25296.895     0.999927        70339     13653.33
   25313.279     0.999939        70340     16384.00
   25329.663     0.999945        70341     18204.44
   25329.663     0.999951        70341     20480.00
   25329.663     0.999957        70341     23405.71
   25427.967     0.999963        70342     27306.67
   25427.967     0.999969        70342     32768.00
   25509.887     0.999973        70343     36408.89
   25509.887     0.999976        70343     40960.00
   25509.887     0.999979        70343     46811.43
   25509.887     0.999982        70343     54613.33
   25509.887     0.999985        70343     65536.00
   25608.191     0.999986        70344     72817.78
   25608.191     1.000000        70344          inf
#[Mean    =    15800.657, StdDeviation   =     4642.517]
#[Max     =    25591.808, Total count    =        70344]
#[Buckets =           27, SubBuckets     =         2048]
----------------------------------------------------------
  106307 requests in 30.00s, 44.00MB read
Requests/sec:   3543.35
Transfer/sec:      1.47MB
