Using argument nginx
using  args: threads=4 and connections=512 and duration=30 and requests=20000
Running 30s test @ http://10.10.1.4:8080
  4 threads and 512 connections
  Thread calibration: mean lat.: 2.063ms, rate sampling interval: 10ms
  Thread calibration: mean lat.: 2.008ms, rate sampling interval: 10ms
  Thread calibration: mean lat.: 2.060ms, rate sampling interval: 10ms
  Thread calibration: mean lat.: 1.949ms, rate sampling interval: 10ms
  Thread Stats   Avg      Stdev     99%   +/- Stdev
    Latency     9.24ms  165.46ms   7.29ms   99.71%
    Req/Sec     5.23k     0.85k    7.34k    68.63%
  Latency Distribution (HdrHistogram - Recorded Latency)
 50.000%    0.92ms
 75.000%    1.22ms
 90.000%    2.63ms
 99.000%    7.29ms
 99.900%    3.53s 
 99.990%    4.94s 
 99.999%    5.03s 
100.000%    5.04s 

  Detailed Percentile spectrum:
       Value   Percentile   TotalCount 1/(1-Percentile)

       0.388     0.000000            1         1.00
       0.634     0.100000        39492         1.11
       0.703     0.200000        78976         1.25
       0.768     0.300000       118247         1.43
       0.837     0.400000       157515         1.67
       0.917     0.500000       197086         2.00
       0.964     0.550000       216868         2.22
       1.016     0.600000       236288         2.50
       1.076     0.650000       256027         2.86
       1.145     0.700000       275680         3.33
       1.224     0.750000       295374         4.00
       1.270     0.775000       305235         4.44
       1.325     0.800000       315005         5.00
       1.393     0.825000       324840         5.71
       1.492     0.850000       334639         6.67
       1.726     0.875000       344443         8.00
       2.255     0.887500       349358         8.89
       2.627     0.900000       354270        10.00
       2.969     0.912500       359202        11.43
       3.267     0.925000       364118        13.33
       3.593     0.937500       369039        16.00
       3.803     0.943750       371503        17.78
       4.041     0.950000       373956        20.00
       4.263     0.956250       376458        22.86
       4.519     0.962500       378896        26.67
       4.867     0.968750       381348        32.00
       5.079     0.971875       382587        35.56
       5.275     0.975000       383817        40.00
       5.511     0.978125       385048        45.71
       5.827     0.981250       386253        53.33
       6.203     0.984375       387487        64.00
       6.415     0.985938       388105        71.11
       6.691     0.987500       388713        80.00
       7.059     0.989062       389331        91.43
       7.435     0.990625       389942       106.67
       8.015     0.992188       390560       128.00
       8.351     0.992969       390867       142.22
       8.903     0.993750       391173       160.00
       9.583     0.994531       391482       182.86
      10.911     0.995313       391787       213.33
      15.383     0.996094       392095       256.00
      17.279     0.996484       392249       284.44
      26.719     0.996875       392402       320.00
     536.063     0.997266       392556       365.71
    1220.607     0.997656       392710       426.67
    1928.191     0.998047       392864       512.00
    2254.847     0.998242       392941       568.89
    2600.959     0.998437       393018       640.00
    2893.823     0.998633       393094       731.43
    3227.647     0.998828       393171       853.33
    3565.567     0.999023       393248      1024.00
    3731.455     0.999121       393287      1137.78
    3856.383     0.999219       393325      1280.00
    3969.023     0.999316       393363      1462.86
    4179.967     0.999414       393403      1706.67
    4354.047     0.999512       393441      2048.00
    4476.927     0.999561       393461      2275.56
    4546.559     0.999609       393479      2560.00
    4628.479     0.999658       393498      2925.71
    4698.111     0.999707       393517      3413.33
    4747.263     0.999756       393536      4096.00
    4775.935     0.999780       393546      4551.11
    4829.183     0.999805       393558      5120.00
    4849.663     0.999829       393566      5851.43
    4870.143     0.999854       393575      6826.67
    4890.623     0.999878       393584      8192.00
    4911.103     0.999890       393589      9102.22
    4939.775     0.999902       393595     10240.00
    4952.063     0.999915       393599     11702.86
    4984.831     0.999927       393608     13653.33
    4984.831     0.999939       393608     16384.00
    4988.927     0.999945       393613     18204.44
    4988.927     0.999951       393613     20480.00
    5013.503     0.999957       393620     23405.71
    5013.503     0.999963       393620     27306.67
    5013.503     0.999969       393620     32768.00
    5017.599     0.999973       393624     36408.89
    5017.599     0.999976       393624     40960.00
    5017.599     0.999979       393624     46811.43
    5029.887     0.999982       393625     54613.33
    5033.983     0.999985       393631     65536.00
    5033.983     0.999986       393631     72817.78
    5033.983     0.999988       393631     81920.00
    5033.983     0.999989       393631     93622.86
    5033.983     0.999991       393631    109226.67
    5033.983     0.999992       393631    131072.00
    5033.983     0.999993       393631    145635.56
    5033.983     0.999994       393631    163840.00
    5033.983     0.999995       393631    187245.71
    5033.983     0.999995       393631    218453.33
    5033.983     0.999996       393631    262144.00
    5033.983     0.999997       393631    291271.11
    5033.983     0.999997       393631    327680.00
    5033.983     0.999997       393631    374491.43
    5038.079     0.999998       393632    436906.67
    5038.079     1.000000       393632          inf
#[Mean    =        9.237, StdDeviation   =      165.464]
#[Max     =     5033.984, Total count    =       393632]
#[Buckets =           27, SubBuckets     =         2048]
----------------------------------------------------------
  595102 requests in 30.00s, 113.85MB read
  Non-2xx or 3xx responses: 7
Requests/sec:  19836.37
Transfer/sec:      3.79MB
