Using argument nginx
using  args: threads=4 and connections=512 and duration=30 and requests=10000
Running 30s test @ http://10.10.1.2:5000
  4 threads and 512 connections
  Thread calibration: mean lat.: 3858.397ms, rate sampling interval: 13737ms
  Thread calibration: mean lat.: 3787.927ms, rate sampling interval: 13623ms
  Thread calibration: mean lat.: 3816.603ms, rate sampling interval: 13688ms
  Thread calibration: mean lat.: 3789.429ms, rate sampling interval: 13697ms
  Thread Stats   Avg      Stdev     99%   +/- Stdev
    Latency    15.02s     4.35s   22.87s    58.22%
    Req/Sec   624.25      3.49   630.00     75.00%
  Latency Distribution (HdrHistogram - Recorded Latency)
 50.000%   15.01s 
 75.000%   18.76s 
 90.000%   20.96s 
 99.000%   22.87s 
 99.900%   23.71s 
 99.990%   24.05s 
 99.999%   24.17s 
100.000%   24.17s 

  Detailed Percentile spectrum:
       Value   Percentile   TotalCount 1/(1-Percentile)

    6119.423     0.000000            1         1.00
    9043.967     0.100000         4976         1.11
   10526.719     0.200000         9969         1.25
   12017.663     0.300000        14933         1.43
   13533.183     0.400000        19917         1.67
   15007.743     0.500000        24893         2.00
   15745.023     0.550000        27376         2.22
   16515.071     0.600000        29843         2.50
   17268.735     0.650000        32358         2.86
   17973.247     0.700000        34819         3.33
   18759.679     0.750000        37325         4.00
   19120.127     0.775000        38562         4.44
   19496.959     0.800000        39798         5.00
   19873.791     0.825000        41040         5.71
   20250.623     0.850000        42323         6.67
   20594.687     0.875000        43554         8.00
   20774.911     0.887500        44178         8.89
   20955.135     0.900000        44758        10.00
   21151.743     0.912500        45380        11.43
   21348.351     0.925000        46030        13.33
   21561.343     0.937500        46661        16.00
   21676.031     0.943750        46950        17.78
   21790.719     0.950000        47274        20.00
   21921.791     0.956250        47570        22.86
   22052.863     0.962500        47883        26.67
   22200.319     0.968750        48209        32.00
   22265.855     0.971875        48342        35.56
   22347.775     0.975000        48508        40.00
   22429.695     0.978125        48645        45.71
   22544.383     0.981250        48819        53.33
   22659.071     0.984375        48978        64.00
   22708.223     0.985938        49038        71.11
   22773.759     0.987500        49112        80.00
   22839.295     0.989062        49196        91.43
   22921.215     0.990625        49275       106.67
   22970.367     0.992188        49346       128.00
   23035.903     0.992969        49391       142.22
   23085.055     0.993750        49422       160.00
   23134.207     0.994531        49459       182.86
   23232.511     0.995313        49501       213.33
   23298.047     0.996094        49542       256.00
   23314.431     0.996484        49557       284.44
   23363.583     0.996875        49577       320.00
   23412.735     0.997266        49599       365.71
   23461.887     0.997656        49623       426.67
   23511.039     0.998047        49634       512.00
   23543.807     0.998242        49649       568.89
   23560.191     0.998437        49655       640.00
   23592.959     0.998633        49663       731.43
   23642.111     0.998828        49673       853.33
   23724.031     0.999023        49684      1024.00
   23740.415     0.999121        49687      1137.78
   23773.183     0.999219        49694      1280.00
   23805.951     0.999316        49698      1462.86
   23822.335     0.999414        49702      1706.67
   23838.719     0.999512        49706      2048.00
   23871.487     0.999561        49709      2275.56
   23904.255     0.999609        49711      2560.00
   23937.023     0.999658        49717      2925.71
   23937.023     0.999707        49717      3413.33
   23953.407     0.999756        49719      4096.00
   23969.791     0.999780        49720      4551.11
   23986.175     0.999805        49721      5120.00
   24018.943     0.999829        49722      5851.43
   24035.327     0.999854        49724      6826.67
   24035.327     0.999878        49724      8192.00
   24051.711     0.999890        49725      9102.22
   24068.095     0.999902        49727     10240.00
   24068.095     0.999915        49727     11702.86
   24068.095     0.999927        49727     13653.33
   24068.095     0.999939        49727     16384.00
   24133.631     0.999945        49729     18204.44
   24133.631     0.999951        49729     20480.00
   24133.631     0.999957        49729     23405.71
   24133.631     0.999963        49729     27306.67
   24133.631     0.999969        49729     32768.00
   24133.631     0.999973        49729     36408.89
   24133.631     0.999976        49729     40960.00
   24133.631     0.999979        49729     46811.43
   24166.399     0.999982        49730     54613.33
   24166.399     1.000000        49730          inf
#[Mean    =    15018.350, StdDeviation   =     4348.343]
#[Max     =    24150.016, Total count    =        49730]
#[Buckets =           27, SubBuckets     =         2048]
----------------------------------------------------------
  74344 requests in 30.00s, 30.61MB read
Requests/sec:   2478.15
Transfer/sec:      1.02MB
