Using argument nginx
using  args: threads=4 and connections=512 and duration=30 and requests=6000
Running 30s test @ http://10.10.1.4:5000
  4 threads and 512 connections
  Thread calibration: mean lat.: 468.893ms, rate sampling interval: 2195ms
  Thread calibration: mean lat.: 505.546ms, rate sampling interval: 2465ms
  Thread calibration: mean lat.: 495.374ms, rate sampling interval: 2537ms
  Thread calibration: mean lat.: 577.073ms, rate sampling interval: 2527ms
  Thread Stats   Avg      Stdev     99%   +/- Stdev
    Latency     1.11s   914.22ms   3.89s    72.37%
    Req/Sec     1.48k    44.23     1.56k    64.52%
  Latency Distribution (HdrHistogram - Recorded Latency)
 50.000%  880.64ms
 75.000%    1.60s 
 90.000%    2.40s 
 99.000%    3.89s 
 99.900%    5.57s 
 99.990%    6.18s 
 99.999%    6.31s 
100.000%    6.32s 

  Detailed Percentile spectrum:
       Value   Percentile   TotalCount 1/(1-Percentile)

       0.311     0.000000            1         1.00
     162.815     0.100000        11797         1.11
     318.207     0.200000        23587         1.25
     482.303     0.300000        35358         1.43
     666.111     0.400000        47140         1.67
     880.639     0.500000        58943         2.00
     998.911     0.550000        64833         2.22
    1128.447     0.600000        70737         2.50
    1271.807     0.650000        76636         2.86
    1422.335     0.700000        82504         3.33
    1595.391     0.750000        88418         4.00
    1695.743     0.775000        91359         4.44
    1799.167     0.800000        94298         5.00
    1915.903     0.825000        97233         5.71
    2051.071     0.850000       100177         6.67
    2211.839     0.875000       103126         8.00
    2299.903     0.887500       104608         8.89
    2400.255     0.900000       106083        10.00
    2508.799     0.912500       107570        11.43
    2627.583     0.925000       109037        13.33
    2760.703     0.937500       110486        16.00
    2834.431     0.943750       111222        17.78
    2914.303     0.950000       111972        20.00
    3004.415     0.956250       112700        22.86
    3117.055     0.962500       113441        26.67
    3239.935     0.968750       114176        32.00
    3307.519     0.971875       114536        35.56
    3383.295     0.975000       114907        40.00
    3469.311     0.978125       115279        45.71
    3563.519     0.981250       115649        53.33
    3653.631     0.984375       116011        64.00
    3706.879     0.985938       116201        71.11
    3768.319     0.987500       116377        80.00
    3842.047     0.989062       116564        91.43
    3919.871     0.990625       116747       106.67
    4020.223     0.992188       116930       128.00
    4083.711     0.992969       117022       142.22
    4151.295     0.993750       117118       160.00
    4231.167     0.994531       117209       182.86
    4362.239     0.995313       117300       213.33
    4616.191     0.996094       117390       256.00
    4739.071     0.996484       117437       284.44
    4866.047     0.996875       117483       320.00
    4952.063     0.997266       117528       365.71
    5083.135     0.997656       117576       426.67
    5238.783     0.998047       117621       512.00
    5312.511     0.998242       117643       568.89
    5390.335     0.998437       117667       640.00
    5459.967     0.998633       117690       731.43
    5517.311     0.998828       117714       853.33
    5574.655     0.999023       117736      1024.00
    5607.423     0.999121       117748      1137.78
    5631.999     0.999219       117758      1280.00
    5677.055     0.999316       117772      1462.86
    5718.015     0.999414       117782      1706.67
    5771.263     0.999512       117793      2048.00
    5808.127     0.999561       117799      2275.56
    5836.799     0.999609       117805      2560.00
    5869.567     0.999658       117811      2925.71
    5898.239     0.999707       117816      3413.33
    5963.775     0.999756       117822      4096.00
    6000.639     0.999780       117825      4551.11
    6025.215     0.999805       117827      5120.00
    6070.271     0.999829       117830      5851.43
    6119.423     0.999854       117833      6826.67
    6160.383     0.999878       117836      8192.00
    6176.767     0.999890       117838      9102.22
    6184.959     0.999902       117839     10240.00
    6205.439     0.999915       117840     11702.86
    6217.727     0.999927       117842     13653.33
    6225.919     0.999939       117843     16384.00
    6234.111     0.999945       117844     18204.44
    6246.399     0.999951       117845     20480.00
    6246.399     0.999957       117845     23405.71
    6258.687     0.999963       117846     27306.67
    6275.071     0.999969       117847     32768.00
    6275.071     0.999973       117847     36408.89
    6279.167     0.999976       117848     40960.00
    6279.167     0.999979       117848     46811.43
    6279.167     0.999982       117848     54613.33
    6311.935     0.999985       117849     65536.00
    6311.935     0.999986       117849     72817.78
    6311.935     0.999988       117849     81920.00
    6311.935     0.999989       117849     93622.86
    6311.935     0.999991       117849    109226.67
    6324.223     0.999992       117850    131072.00
    6324.223     1.000000       117850          inf
#[Mean    =     1110.344, StdDeviation   =      914.222]
#[Max     =     6320.128, Total count    =       117850]
#[Buckets =           27, SubBuckets     =         2048]
----------------------------------------------------------
  171734 requests in 30.00s, 70.97MB read
Requests/sec:   5723.99
Transfer/sec:      2.37MB
