Using argument nginx
using  args: threads=4 and connections=512 and duration=30 and requests=5000
Running 30s test @ http://10.10.1.6:8080/wrk2-api/user-timeline/read
  4 threads and 512 connections
  Thread calibration: mean lat.: 142.413ms, rate sampling interval: 757ms
  Thread calibration: mean lat.: 124.778ms, rate sampling interval: 692ms
  Thread calibration: mean lat.: 127.576ms, rate sampling interval: 711ms
  Thread calibration: mean lat.: 130.133ms, rate sampling interval: 721ms
  Thread Stats   Avg      Stdev     99%   +/- Stdev
    Latency   458.67ms  397.56ms   1.76s    82.11%
    Req/Sec     1.23k   153.60     1.35k    90.74%
  Latency Distribution (HdrHistogram - Recorded Latency)
 50.000%  334.33ms
 75.000%  641.02ms
 90.000%    1.03s 
 99.000%    1.76s 
 99.900%    2.34s 
 99.990%    2.75s 
 99.999%    2.96s 
100.000%    3.04s 

  Detailed Percentile spectrum:
       Value   Percentile   TotalCount 1/(1-Percentile)

       4.603     0.000000            1         1.00
      87.615     0.100000         9796         1.11
     129.983     0.200000        19550         1.25
     184.063     0.300000        29325         1.43
     251.007     0.400000        39114         1.67
     334.335     0.500000        48903         2.00
     381.951     0.550000        53777         2.22
     433.663     0.600000        58652         2.50
     492.543     0.650000        63533         2.86
     560.127     0.700000        68424         3.33
     641.023     0.750000        73315         4.00
     686.591     0.775000        75775         4.44
     737.791     0.800000        78197         5.00
     793.599     0.825000        80641         5.71
     857.599     0.850000        83084         6.67
     932.863     0.875000        85531         8.00
     978.431     0.887500        86750         8.89
    1025.535     0.900000        87972        10.00
    1082.367     0.912500        89216        11.43
    1142.783     0.925000        90431        13.33
    1214.463     0.937500        91653        16.00
    1252.351     0.943750        92247        17.78
    1292.287     0.950000        92856        20.00
    1335.295     0.956250        93480        22.86
    1386.495     0.962500        94080        26.67
    1440.767     0.968750        94689        32.00
    1473.535     0.971875        95004        35.56
    1506.303     0.975000        95303        40.00
    1543.167     0.978125        95605        45.71
    1589.247     0.981250        95922        53.33
    1640.447     0.984375        96216        64.00
    1670.143     0.985938        96371        71.11
    1700.863     0.987500        96524        80.00
    1740.799     0.989062        96678        91.43
    1781.759     0.990625        96827       106.67
    1830.911     0.992188        96981       128.00
    1861.631     0.992969        97056       142.22
    1890.303     0.993750        97136       160.00
    1922.047     0.994531        97212       182.86
    1956.863     0.995313        97286       213.33
    1994.751     0.996094        97362       256.00
    2018.303     0.996484        97402       284.44
    2042.879     0.996875        97438       320.00
    2076.671     0.997266        97476       365.71
    2107.391     0.997656        97514       426.67
    2162.687     0.998047        97556       512.00
    2183.167     0.998242        97572       568.89
    2224.127     0.998437        97591       640.00
    2258.943     0.998633        97611       731.43
    2306.047     0.998828        97629       853.33
    2340.863     0.999023        97648      1024.00
    2355.199     0.999121        97659      1137.78
    2392.063     0.999219        97667      1280.00
    2420.735     0.999316        97677      1462.86
    2435.071     0.999414        97686      1706.67
    2480.127     0.999512        97696      2048.00
    2502.655     0.999561        97701      2275.56
    2531.327     0.999609        97705      2560.00
    2568.191     0.999658        97710      2925.71
    2625.535     0.999707        97715      3413.33
    2666.495     0.999756        97720      4096.00
    2676.735     0.999780        97722      4551.11
    2713.599     0.999805        97724      5120.00
    2738.175     0.999829        97727      5851.43
    2746.367     0.999854        97729      6826.67
    2750.463     0.999878        97732      8192.00
    2754.559     0.999890        97733      9102.22
    2766.847     0.999902        97734     10240.00
    2785.279     0.999915        97735     11702.86
    2793.471     0.999927        97737     13653.33
    2815.999     0.999939        97738     16384.00
    2815.999     0.999945        97738     18204.44
    2848.767     0.999951        97739     20480.00
    2848.767     0.999957        97739     23405.71
    2861.055     0.999963        97740     27306.67
    2879.487     0.999969        97741     32768.00
    2879.487     0.999973        97741     36408.89
    2879.487     0.999976        97741     40960.00
    2879.487     0.999979        97741     46811.43
    2955.263     0.999982        97742     54613.33
    2955.263     0.999985        97742     65536.00
    2955.263     0.999986        97742     72817.78
    2955.263     0.999988        97742     81920.00
    2955.263     0.999989        97742     93622.86
    3041.279     0.999991        97743    109226.67
    3041.279     1.000000        97743          inf
#[Mean    =      458.671, StdDeviation   =      397.564]
#[Max     =     3039.232, Total count    =        97743]
#[Buckets =           27, SubBuckets     =         2048]
----------------------------------------------------------
  145922 requests in 30.00s, 25.61MB read
Requests/sec:   4864.33
Transfer/sec:      0.85MB
