Using argument nginx
using  args: threads=4 and connections=512 and duration=30 and requests=4000
Running 30s test @ http://10.10.1.6:8080/wrk2-api/user-timeline/read
  4 threads and 512 connections
  Thread calibration: mean lat.: 9.025ms, rate sampling interval: 24ms
  Thread calibration: mean lat.: 9.431ms, rate sampling interval: 28ms
  Thread calibration: mean lat.: 7.361ms, rate sampling interval: 18ms
  Thread calibration: mean lat.: 8.995ms, rate sampling interval: 24ms
  Thread Stats   Avg      Stdev     99%   +/- Stdev
    Latency    16.76ms   42.15ms 230.27ms   92.31%
    Req/Sec     1.03k   326.17     2.00k    78.24%
  Latency Distribution (HdrHistogram - Recorded Latency)
 50.000%    4.31ms
 75.000%    6.01ms
 90.000%   35.62ms
 99.000%  230.27ms
 99.900%  352.26ms
 99.990%  452.86ms
 99.999%  505.09ms
100.000%  509.70ms

  Detailed Percentile spectrum:
       Value   Percentile   TotalCount 1/(1-Percentile)

       2.367     0.000000            1         1.00
       3.263     0.100000         8018         1.11
       3.521     0.200000        16032         1.25
       3.757     0.300000        24047         1.43
       4.009     0.400000        32056         1.67
       4.311     0.500000        40041         2.00
       4.499     0.550000        44023         2.22
       4.723     0.600000        48042         2.50
       5.015     0.650000        52040         2.86
       5.419     0.700000        56023         3.33
       6.011     0.750000        60031         4.00
       6.447     0.775000        62028         4.44
       7.019     0.800000        64028         5.00
       7.891     0.825000        66027         5.71
       9.439     0.850000        68031         6.67
      15.047     0.875000        70027         8.00
      24.895     0.887500        71029         8.89
      35.615     0.900000        72028        10.00
      47.071     0.912500        73028        11.43
      61.055     0.925000        74028        13.33
      78.399     0.937500        75029        16.00
      88.575     0.943750        75529        17.78
      99.903     0.950000        76031        20.00
     112.575     0.956250        76530        22.86
     126.463     0.962500        77029        26.67
     142.079     0.968750        77532        32.00
     150.527     0.971875        77781        35.56
     161.023     0.975000        78034        40.00
     173.055     0.978125        78281        45.71
     185.727     0.981250        78532        53.33
     199.167     0.984375        78780        64.00
     207.615     0.985938        78905        71.11
     215.807     0.987500        79030        80.00
     225.535     0.989062        79156        91.43
     234.495     0.990625        79282       106.67
     245.119     0.992188        79406       128.00
     249.343     0.992969        79469       142.22
     256.511     0.993750        79531       160.00
     263.423     0.994531        79595       182.86
     271.871     0.995313        79655       213.33
     281.855     0.996094        79718       256.00
     288.255     0.996484        79749       284.44
     293.119     0.996875        79780       320.00
     300.799     0.997266        79814       365.71
     305.663     0.997656        79844       426.67
     315.647     0.998047        79874       512.00
     322.303     0.998242        79891       568.89
     328.191     0.998437        79905       640.00
     333.311     0.998633        79921       731.43
     342.015     0.998828        79938       853.33
     353.023     0.999023        79952      1024.00
     357.631     0.999121        79960      1137.78
     365.055     0.999219        79968      1280.00
     370.943     0.999316        79976      1462.86
     376.575     0.999414        79984      1706.67
     381.439     0.999512        79991      2048.00
     382.719     0.999561        79995      2275.56
     390.399     0.999609        79999      2560.00
     397.823     0.999658        80003      2925.71
     415.487     0.999707        80007      3413.33
     423.679     0.999756        80011      4096.00
     425.215     0.999780        80013      4551.11
     432.127     0.999805        80015      5120.00
     442.111     0.999829        80017      5851.43
     450.559     0.999854        80019      6826.67
     452.351     0.999878        80021      8192.00
     452.863     0.999890        80022      9102.22
     453.887     0.999902        80023     10240.00
     458.495     0.999915        80024     11702.86
     469.759     0.999927        80025     13653.33
     472.319     0.999939        80026     16384.00
     472.319     0.999945        80026     18204.44
     473.855     0.999951        80027     20480.00
     473.855     0.999957        80027     23405.71
     480.767     0.999963        80028     27306.67
     480.767     0.999969        80028     32768.00
     480.767     0.999973        80028     36408.89
     505.087     0.999976        80029     40960.00
     505.087     0.999979        80029     46811.43
     505.087     0.999982        80029     54613.33
     505.087     0.999985        80029     65536.00
     505.087     0.999986        80029     72817.78
     509.695     0.999988        80030     81920.00
     509.695     1.000000        80030          inf
#[Mean    =       16.758, StdDeviation   =       42.146]
#[Max     =      509.440, Total count    =        80030]
#[Buckets =           27, SubBuckets     =         2048]
----------------------------------------------------------
  118934 requests in 30.00s, 20.87MB read
  Non-2xx or 3xx responses: 1
Requests/sec:   3964.54
Transfer/sec:    712.38KB
