Using argument nginx
using  args: threads=4 and connections=512 and duration=30 and requests=5000
Running 30s test @ http://10.10.1.8:8080
  4 threads and 512 connections
  Thread calibration: mean lat.: 2941.006ms, rate sampling interval: 11599ms
  Thread calibration: mean lat.: 2754.370ms, rate sampling interval: 11698ms
  Thread calibration: mean lat.: 3077.158ms, rate sampling interval: 12181ms
  Thread calibration: mean lat.: 2976.839ms, rate sampling interval: 11698ms
  Thread Stats   Avg      Stdev     99%   +/- Stdev
    Latency    13.39s     5.62s   24.07s    61.35%
    Req/Sec   310.00     21.53   343.00     50.00%
  Latency Distribution (HdrHistogram - Recorded Latency)
 50.000%   12.59s 
 75.000%   18.50s 
 90.000%   21.02s 
 99.000%   24.07s 
 99.900%   27.74s 
 99.990%   28.72s 
 99.999%   28.74s 
100.000%   28.74s 

  Detailed Percentile spectrum:
       Value   Percentile   TotalCount 1/(1-Percentile)

     230.143     0.000000            1         1.00
    6168.575     0.100000         2426         1.11
    8318.975     0.200000         4843         1.25
    9969.663     0.300000         7267         1.43
   11337.727     0.400000         9692         1.67
   12591.103     0.500000        12111         2.00
   13500.415     0.550000        13320         2.22
   14614.527     0.600000        14536         2.50
   15917.055     0.650000        15743         2.86
   17219.583     0.700000        16950         3.33
   18497.535     0.750000        18170         4.00
   18907.135     0.775000        18796         4.44
   19218.431     0.800000        19392         5.00
   19529.727     0.825000        19996         5.71
   19988.479     0.850000        20603         6.67
   20430.847     0.875000        21193         8.00
   20742.143     0.887500        21490         8.89
   21020.671     0.900000        21797        10.00
   21331.967     0.912500        22095        11.43
   21741.567     0.925000        22408        13.33
   22118.399     0.937500        22703        16.00
   22315.007     0.943750        22859        17.78
   22495.231     0.950000        23001        20.00
   22740.991     0.956250        23161        22.86
   22937.599     0.962500        23307        26.67
   23166.975     0.968750        23462        32.00
   23265.279     0.971875        23531        35.56
   23379.967     0.975000        23606        40.00
   23478.271     0.978125        23690        45.71
   23576.575     0.981250        23762        53.33
   23691.263     0.984375        23833        64.00
   23789.567     0.985938        23873        71.11
   23871.487     0.987500        23911        80.00
   23986.175     0.989062        23951        91.43
   24150.015     0.990625        23988       106.67
   24281.087     0.992188        24026       128.00
   24346.623     0.992969        24047       142.22
   24428.543     0.993750        24061       160.00
   24592.383     0.994531        24079       182.86
   25018.367     0.995313        24098       213.33
   25821.183     0.996094        24119       256.00
   25985.023     0.996484        24126       284.44
   26132.479     0.996875        24136       320.00
   26214.399     0.997266        24147       365.71
   26296.319     0.997656        24155       426.67
   26443.775     0.998047        24165       512.00
   26820.607     0.998242        24169       568.89
   26984.447     0.998437        24175       640.00
   27131.903     0.998633        24178       731.43
   27344.895     0.998828        24183       853.33
   27738.111     0.999023        24188      1024.00
   27820.031     0.999121        24191      1137.78
   27983.871     0.999219        24193      1280.00
   28033.023     0.999316        24196      1462.86
   28049.407     0.999414        24197      1706.67
   28196.863     0.999512        24201      2048.00
   28196.863     0.999561        24201      2275.56
   28213.247     0.999609        24202      2560.00
   28311.551     0.999658        24203      2925.71
   28639.231     0.999707        24205      3413.33
   28671.999     0.999756        24207      4096.00
   28671.999     0.999780        24207      4551.11
   28671.999     0.999805        24207      5120.00
   28671.999     0.999829        24207      5851.43
   28704.767     0.999854        24208      6826.67
   28721.151     0.999878        24210      8192.00
   28721.151     0.999890        24210      9102.22
   28721.151     0.999902        24210     10240.00
   28721.151     0.999915        24210     11702.86
   28721.151     0.999927        24210     13653.33
   28721.151     0.999939        24210     16384.00
   28721.151     0.999945        24210     18204.44
   28721.151     0.999951        24210     20480.00
   28721.151     0.999957        24210     23405.71
   28737.535     0.999963        24211     27306.67
   28737.535     1.000000        24211          inf
#[Mean    =    13391.075, StdDeviation   =     5622.184]
#[Max     =    28721.152, Total count    =        24211]
#[Buckets =           27, SubBuckets     =         2048]
----------------------------------------------------------
  36962 requests in 30.07s, 327.21MB read
  Non-2xx or 3xx responses: 726
Requests/sec:   1229.05
Transfer/sec:     10.88MB
