Using argument nginx
using  args: threads=4 and connections=512 and duration=30 and requests=2000
Running 30s test @ http://10.10.1.8:8080
  4 threads and 512 connections
  Thread calibration: mean lat.: 2.821ms, rate sampling interval: 10ms
  Thread calibration: mean lat.: 2.799ms, rate sampling interval: 10ms
  Thread calibration: mean lat.: 2.816ms, rate sampling interval: 10ms
  Thread calibration: mean lat.: 2.811ms, rate sampling interval: 10ms
  Thread Stats   Avg      Stdev     99%   +/- Stdev
    Latency     3.01ms    1.56ms   6.58ms   59.91%
    Req/Sec   525.19    234.62     1.11k    70.18%
  Latency Distribution (HdrHistogram - Recorded Latency)
 50.000%    3.46ms
 75.000%    4.02ms
 90.000%    4.71ms
 99.000%    6.58ms
 99.900%    8.42ms
 99.990%   10.28ms
 99.999%   11.57ms
100.000%   11.57ms

  Detailed Percentile spectrum:
       Value   Percentile   TotalCount 1/(1-Percentile)

       0.404     0.000000            1         1.00
       0.839     0.100000         3969         1.11
       0.943     0.200000         7956         1.25
       2.167     0.300000        11898         1.43
       3.079     0.400000        15869         1.67
       3.463     0.500000        19837         2.00
       3.575     0.550000        21829         2.22
       3.683     0.600000        23812         2.50
       3.787     0.650000        25783         2.86
       3.899     0.700000        27766         3.33
       4.023     0.750000        29738         4.00
       4.095     0.775000        30746         4.44
       4.179     0.800000        31756         5.00
       4.275     0.825000        32736         5.71
       4.387     0.850000        33708         6.67
       4.531     0.875000        34703         8.00
       4.615     0.887500        35207         8.89
       4.707     0.900000        35694        10.00
       4.807     0.912500        36179        11.43
       4.931     0.925000        36688        13.33
       5.083     0.937500        37174        16.00
       5.171     0.943750        37424        17.78
       5.263     0.950000        37666        20.00
       5.387     0.956250        37923        22.86
       5.515     0.962500        38172        26.67
       5.655     0.968750        38414        32.00
       5.743     0.971875        38535        35.56
       5.835     0.975000        38658        40.00
       5.955     0.978125        38784        45.71
       6.087     0.981250        38905        53.33
       6.231     0.984375        39031        64.00
       6.291     0.985938        39093        71.11
       6.395     0.987500        39155        80.00
       6.511     0.989062        39215        91.43
       6.631     0.990625        39277       106.67
       6.791     0.992188        39340       128.00
       6.883     0.992969        39370       142.22
       6.959     0.993750        39402       160.00
       7.067     0.994531        39432       182.86
       7.179     0.995313        39463       213.33
       7.383     0.996094        39495       256.00
       7.479     0.996484        39509       284.44
       7.591     0.996875        39525       320.00
       7.699     0.997266        39540       365.71
       7.835     0.997656        39556       426.67
       7.959     0.998047        39572       512.00
       7.991     0.998242        39579       568.89
       8.035     0.998437        39587       640.00
       8.127     0.998633        39594       731.43
       8.319     0.998828        39602       853.33
       8.455     0.999023        39610      1024.00
       8.647     0.999121        39616      1137.78
       8.687     0.999219        39618      1280.00
       8.807     0.999316        39621      1462.86
       9.063     0.999414        39625      1706.67
       9.183     0.999512        39629      2048.00
       9.239     0.999561        39631      2275.56
       9.287     0.999609        39633      2560.00
       9.359     0.999658        39635      2925.71
       9.551     0.999707        39637      3413.33
       9.615     0.999756        39639      4096.00
       9.807     0.999780        39640      4551.11
      10.031     0.999805        39641      5120.00
      10.199     0.999829        39642      5851.43
      10.247     0.999854        39643      6826.67
      10.279     0.999878        39644      8192.00
      10.279     0.999890        39644      9102.22
      10.503     0.999902        39645     10240.00
      10.503     0.999915        39645     11702.86
      10.559     0.999927        39646     13653.33
      10.559     0.999939        39646     16384.00
      10.559     0.999945        39646     18204.44
      11.143     0.999951        39647     20480.00
      11.143     0.999957        39647     23405.71
      11.143     0.999963        39647     27306.67
      11.143     0.999969        39647     32768.00
      11.143     0.999973        39647     36408.89
      11.567     0.999976        39648     40960.00
      11.567     1.000000        39648          inf
#[Mean    =        3.012, StdDeviation   =        1.561]
#[Max     =       11.560, Total count    =        39648]
#[Buckets =           27, SubBuckets     =         2048]
----------------------------------------------------------
  58712 requests in 30.00s, 457.11MB read
  Socket errors: connect 0, read 0, write 0, timeout 8
Requests/sec:   1956.99
Transfer/sec:     15.24MB
