Using argument nginx
using  args: threads=4 and connections=512 and duration=30 and requests=4000
Running 30s test @ http://10.10.1.8:8080
  4 threads and 512 connections
  Thread calibration: mean lat.: 1761.096ms, rate sampling interval: 9101ms
  Thread calibration: mean lat.: 1826.056ms, rate sampling interval: 8830ms
  Thread calibration: mean lat.: 1701.509ms, rate sampling interval: 7704ms
  Thread calibration: mean lat.: 1687.369ms, rate sampling interval: 8396ms
  Thread Stats   Avg      Stdev     99%   +/- Stdev
    Latency    11.57s     7.03s   25.69s    58.19%
    Req/Sec   315.88     53.80   391.00     75.00%
  Latency Distribution (HdrHistogram - Recorded Latency)
 50.000%   11.77s 
 75.000%   17.29s 
 90.000%   20.69s 
 99.000%   25.69s 
 99.900%   26.71s 
 99.990%   27.54s 
 99.999%   27.79s 
100.000%   27.79s 

  Detailed Percentile spectrum:
       Value   Percentile   TotalCount 1/(1-Percentile)

       0.635     0.000000            1         1.00
    2017.279     0.100000         2583         1.11
    3733.503     0.200000         5161         1.25
    6520.831     0.300000         7740         1.43
    9658.367     0.400000        10317         1.67
   11771.903     0.500000        12896         2.00
   12943.359     0.550000        14188         2.22
   14229.503     0.600000        15476         2.50
   15278.079     0.650000        16765         2.86
   16277.503     0.700000        18056         3.33
   17285.119     0.750000        19344         4.00
   17727.487     0.775000        19996         4.44
   18153.471     0.800000        20634         5.00
   18694.143     0.825000        21289         5.71
   19251.199     0.850000        21929         6.67
   19939.327     0.875000        22572         8.00
   20316.159     0.887500        22903         8.89
   20692.991     0.900000        23215        10.00
   21282.815     0.912500        23542        11.43
   21774.335     0.925000        23864        13.33
   22364.159     0.937500        24191        16.00
   22675.455     0.943750        24346        17.78
   23035.903     0.950000        24504        20.00
   23363.583     0.956250        24666        22.86
   23642.111     0.962500        24825        26.67
   24068.095     0.968750        24990        32.00
   24264.703     0.971875        25069        35.56
   24494.079     0.975000        25150        40.00
   24739.839     0.978125        25228        45.71
   25034.751     0.981250        25309        53.33
   25296.895     0.984375        25391        64.00
   25378.815     0.985938        25435        71.11
   25493.503     0.987500        25471        80.00
   25591.807     0.989062        25512        91.43
   25739.263     0.990625        25554       106.67
   25903.103     0.992188        25594       128.00
   25985.023     0.992969        25618       142.22
   26017.791     0.993750        25638       160.00
   26066.943     0.994531        25653       182.86
   26148.863     0.995313        25675       213.33
   26198.015     0.996094        25692       256.00
   26230.783     0.996484        25705       284.44
   26247.167     0.996875        25712       320.00
   26296.319     0.997266        25726       365.71
   26329.087     0.997656        25734       426.67
   26411.007     0.998047        25742       512.00
   26460.159     0.998242        25747       568.89
   26525.695     0.998437        25752       640.00
   26591.231     0.998633        25758       731.43
   26673.151     0.998828        25762       853.33
   26722.303     0.999023        25769      1024.00
   26738.687     0.999121        25770      1137.78
   26787.839     0.999219        25775      1280.00
   26787.839     0.999316        25775      1462.86
   26836.991     0.999414        25777      1706.67
   26853.375     0.999512        25780      2048.00
   26869.759     0.999561        25781      2275.56
   26951.679     0.999609        25783      2560.00
   27066.367     0.999658        25784      2925.71
   27082.751     0.999707        25785      3413.33
   27115.519     0.999756        25786      4096.00
   27312.127     0.999780        25787      4551.11
   27312.127     0.999805        25787      5120.00
   27361.279     0.999829        25788      5851.43
   27541.503     0.999854        25789      6826.67
   27541.503     0.999878        25789      8192.00
   27639.807     0.999890        25790      9102.22
   27639.807     0.999902        25790     10240.00
   27639.807     0.999915        25790     11702.86
   27770.879     0.999927        25791     13653.33
   27770.879     0.999939        25791     16384.00
   27770.879     0.999945        25791     18204.44
   27770.879     0.999951        25791     20480.00
   27770.879     0.999957        25791     23405.71
   27787.263     0.999963        25792     27306.67
   27787.263     1.000000        25792          inf
#[Mean    =    11568.274, StdDeviation   =     7033.412]
#[Max     =    27770.880, Total count    =        25792]
#[Buckets =           27, SubBuckets     =         2048]
----------------------------------------------------------
  39241 requests in 30.05s, 335.76MB read
  Non-2xx or 3xx responses: 597
Requests/sec:   1305.76
Transfer/sec:     11.17MB
