Using argument nginx
using  args: threads=4 and connections=512 and duration=30 and requests=7000
Running 30s test @ http://10.10.1.4:8080/wrk2-api/user-timeline/read
  4 threads and 512 connections
  Thread calibration: mean lat.: 5.319ms, rate sampling interval: 12ms
  Thread calibration: mean lat.: 5.604ms, rate sampling interval: 12ms
  Thread calibration: mean lat.: 5.716ms, rate sampling interval: 12ms
  Thread calibration: mean lat.: 5.930ms, rate sampling interval: 13ms
  Thread Stats   Avg      Stdev     99%   +/- Stdev
    Latency     7.46ms   25.42ms 132.10ms   96.75%
    Req/Sec     1.83k   469.96     3.08k    70.90%
  Latency Distribution (HdrHistogram - Recorded Latency)
 50.000%    2.82ms
 75.000%    4.25ms
 90.000%    7.87ms
 99.000%  132.10ms
 99.900%  329.21ms
 99.990%  576.51ms
 99.999%  737.79ms
100.000%  794.11ms

  Detailed Percentile spectrum:
       Value   Percentile   TotalCount 1/(1-Percentile)

       1.082     0.000000            1         1.00
       1.795     0.100000        13943         1.11
       2.036     0.200000        27887         1.25
       2.265     0.300000        41917         1.43
       2.517     0.400000        55857         1.67
       2.821     0.500000        69768         2.00
       3.007     0.550000        76696         2.22
       3.227     0.600000        83667         2.50
       3.485     0.650000        90624         2.86
       3.813     0.700000        97609         3.33
       4.251     0.750000       104555         4.00
       4.535     0.775000       108037         4.44
       4.899     0.800000       111532         5.00
       5.331     0.825000       115020         5.71
       5.887     0.850000       118488         6.67
       6.687     0.875000       121982         8.00
       7.219     0.887500       123723         8.89
       7.871     0.900000       125468        10.00
       8.735     0.912500       127199        11.43
      10.063     0.925000       128946        13.33
      12.159     0.937500       130685        16.00
      13.967     0.943750       131558        17.78
      16.607     0.950000       132433        20.00
      20.095     0.956250       133303        22.86
      24.655     0.962500       134169        26.67
      35.839     0.968750       135040        32.00
      43.903     0.971875       135478        35.56
      53.663     0.975000       135915        40.00
      65.535     0.978125       136348        45.71
      78.783     0.981250       136783        53.33
      93.567     0.984375       137218        64.00
     102.655     0.985938       137436        71.11
     112.511     0.987500       137656        80.00
     124.479     0.989062       137872        91.43
     136.575     0.990625       138090       106.67
     152.319     0.992188       138308       128.00
     159.999     0.992969       138417       142.22
     168.959     0.993750       138526       160.00
     178.175     0.994531       138634       182.86
     189.695     0.995313       138743       213.33
     205.439     0.996094       138852       256.00
     214.399     0.996484       138906       284.44
     224.639     0.996875       138962       320.00
     236.799     0.997266       139015       365.71
     248.703     0.997656       139071       426.67
     265.471     0.998047       139124       512.00
     272.127     0.998242       139152       568.89
     283.135     0.998437       139180       640.00
     295.679     0.998633       139206       731.43
     311.807     0.998828       139233       853.33
     330.751     0.999023       139261      1024.00
     339.455     0.999121       139274      1137.78
     346.367     0.999219       139288      1280.00
     359.167     0.999316       139301      1462.86
     375.295     0.999414       139315      1706.67
     398.847     0.999512       139328      2048.00
     410.367     0.999561       139335      2275.56
     417.535     0.999609       139342      2560.00
     421.631     0.999658       139349      2925.71
     444.927     0.999707       139356      3413.33
     463.615     0.999756       139363      4096.00
     473.855     0.999780       139366      4551.11
     485.375     0.999805       139369      5120.00
     496.127     0.999829       139373      5851.43
     503.551     0.999854       139376      6826.67
     530.431     0.999878       139379      8192.00
     545.279     0.999890       139381      9102.22
     597.503     0.999902       139383     10240.00
     599.551     0.999915       139385     11702.86
     641.023     0.999927       139386     13653.33
     674.815     0.999939       139388     16384.00
     676.863     0.999945       139389     18204.44
     680.959     0.999951       139390     20480.00
     684.031     0.999957       139391     23405.71
     684.031     0.999963       139391     27306.67
     699.391     0.999969       139392     32768.00
     706.559     0.999973       139393     36408.89
     706.559     0.999976       139393     40960.00
     732.159     0.999979       139394     46811.43
     732.159     0.999982       139394     54613.33
     732.159     0.999985       139394     65536.00
     737.791     0.999986       139395     72817.78
     737.791     0.999988       139395     81920.00
     737.791     0.999989       139395     93622.86
     737.791     0.999991       139395    109226.67
     737.791     0.999992       139395    131072.00
     794.111     0.999993       139396    145635.56
     794.111     1.000000       139396          inf
#[Mean    =        7.459, StdDeviation   =       25.423]
#[Max     =      793.600, Total count    =       139396]
#[Buckets =           27, SubBuckets     =         2048]
----------------------------------------------------------
  206514 requests in 30.00s, 36.35MB read
  Non-2xx or 3xx responses: 707
Requests/sec:   6884.19
Transfer/sec:      1.21MB
