Using argument nginx
using  args: threads=4 and connections=512 and duration=30 and requests=15000
Running 30s test @ http://10.10.1.4:8080
  4 threads and 512 connections
  Thread calibration: mean lat.: 1.518ms, rate sampling interval: 10ms
  Thread calibration: mean lat.: 1.541ms, rate sampling interval: 10ms
  Thread calibration: mean lat.: 1.550ms, rate sampling interval: 10ms
  Thread calibration: mean lat.: 1.569ms, rate sampling interval: 10ms
  Thread Stats   Avg      Stdev     99%   +/- Stdev
    Latency     1.03ms    0.91ms   4.32ms   89.45%
    Req/Sec     3.96k   691.62     5.67k    68.12%
  Latency Distribution (HdrHistogram - Recorded Latency)
 50.000%  772.00us
 75.000%    0.99ms
 90.000%    2.09ms
 99.000%    4.32ms
 99.900%    9.00ms
 99.990%   18.29ms
 99.999%   28.59ms
100.000%   37.02ms

  Detailed Percentile spectrum:
       Value   Percentile   TotalCount 1/(1-Percentile)

       0.381     0.000000            1         1.00
       0.558     0.100000        30314         1.11
       0.606     0.200000        59939         1.25
       0.653     0.300000        89981         1.43
       0.707     0.400000       119731         1.67
       0.772     0.500000       149690         2.00
       0.806     0.550000       164340         2.22
       0.843     0.600000       179415         2.50
       0.883     0.650000       194265         2.86
       0.929     0.700000       209241         3.33
       0.987     0.750000       223970         4.00
       1.024     0.775000       231556         4.44
       1.070     0.800000       238873         5.00
       1.131     0.825000       246360         5.71
       1.215     0.850000       253851         6.67
       1.360     0.875000       261258         8.00
       1.556     0.887500       264968         8.89
       2.089     0.900000       268723        10.00
       2.277     0.912500       272457        11.43
       2.457     0.925000       276179        13.33
       2.639     0.937500       279896        16.00
       2.739     0.943750       281776        17.78
       2.849     0.950000       283651        20.00
       2.969     0.956250       285496        22.86
       3.103     0.962500       287367        26.67
       3.259     0.968750       289226        32.00
       3.349     0.971875       290165        35.56
       3.451     0.975000       291105        40.00
       3.573     0.978125       292031        45.71
       3.719     0.981250       292962        53.33
       3.887     0.984375       293893        64.00
       3.989     0.985938       294356        71.11
       4.103     0.987500       294841        80.00
       4.227     0.989062       295293        91.43
       4.383     0.990625       295767       106.67
       4.571     0.992188       296224       128.00
       4.675     0.992969       296455       142.22
       4.783     0.993750       296690       160.00
       4.943     0.994531       296929       182.86
       5.095     0.995313       297161       213.33
       5.291     0.996094       297393       256.00
       5.423     0.996484       297506       284.44
       5.551     0.996875       297624       320.00
       5.719     0.997266       297739       365.71
       5.967     0.997656       297857       426.67
       6.279     0.998047       297973       512.00
       6.507     0.998242       298031       568.89
       6.779     0.998437       298088       640.00
       7.127     0.998633       298147       731.43
       7.831     0.998828       298205       853.33
       9.255     0.999023       298263      1024.00
      10.463     0.999121       298292      1137.78
      13.375     0.999219       298321      1280.00
      15.759     0.999316       298352      1462.86
      15.951     0.999414       298380      1706.67
      16.095     0.999512       298409      2048.00
      16.223     0.999561       298423      2275.56
      16.399     0.999609       298438      2560.00
      16.495     0.999658       298452      2925.71
      16.735     0.999707       298467      3413.33
      16.911     0.999756       298483      4096.00
      16.991     0.999780       298489      4551.11
      17.071     0.999805       298496      5120.00
      17.199     0.999829       298503      5851.43
      17.439     0.999854       298511      6826.67
      17.999     0.999878       298519      8192.00
      18.127     0.999890       298522      9102.22
      18.495     0.999902       298525     10240.00
      18.751     0.999915       298529     11702.86
      20.127     0.999927       298533     13653.33
      20.943     0.999939       298536     16384.00
      21.103     0.999945       298538     18204.44
      21.215     0.999951       298540     20480.00
      21.279     0.999957       298542     23405.71
      22.159     0.999963       298544     27306.67
      22.751     0.999969       298545     32768.00
      24.287     0.999973       298546     36408.89
      24.703     0.999976       298547     40960.00
      24.895     0.999979       298548     46811.43
      27.215     0.999982       298549     54613.33
      27.743     0.999985       298550     65536.00
      27.743     0.999986       298550     72817.78
      28.591     0.999988       298551     81920.00
      28.591     0.999989       298551     93622.86
      28.815     0.999991       298552    109226.67
      28.815     0.999992       298552    131072.00
      28.815     0.999993       298552    145635.56
      36.479     0.999994       298553    163840.00
      36.479     0.999995       298553    187245.71
      36.479     0.999995       298553    218453.33
      36.479     0.999996       298553    262144.00
      36.479     0.999997       298553    291271.11
      37.023     0.999997       298554    327680.00
      37.023     1.000000       298554          inf
#[Mean    =        1.034, StdDeviation   =        0.909]
#[Max     =       36.992, Total count    =       298554]
#[Buckets =           27, SubBuckets     =         2048]
----------------------------------------------------------
  449699 requests in 30.00s, 86.03MB read
Requests/sec:  14990.15
Transfer/sec:      2.87MB
