Using argument nginx
using  args: threads=4 and connections=512 and duration=30 and requests=2000
Running 30s test @ http://10.10.1.4:8080/wrk2-api/user-timeline/read
  4 threads and 512 connections
  Thread calibration: mean lat.: 1.718ms, rate sampling interval: 10ms
  Thread calibration: mean lat.: 1.695ms, rate sampling interval: 10ms
  Thread calibration: mean lat.: 1.742ms, rate sampling interval: 10ms
  Thread calibration: mean lat.: 1.532ms, rate sampling interval: 10ms
  Thread Stats   Avg      Stdev     99%   +/- Stdev
    Latency     1.49ms  414.98us   3.05ms   89.68%
    Req/Sec   525.97    235.35     1.11k    69.18%
  Latency Distribution (HdrHistogram - Recorded Latency)
 50.000%    1.37ms
 75.000%    1.54ms
 90.000%    1.91ms
 99.000%    3.05ms
 99.900%    4.99ms
 99.990%    7.51ms
 99.999%    9.64ms
100.000%    9.64ms

  Detailed Percentile spectrum:
       Value   Percentile   TotalCount 1/(1-Percentile)

       0.995     0.000000            1         1.00
       1.194     0.100000         3988         1.11
       1.244     0.200000         7953         1.25
       1.287     0.300000        11930         1.43
       1.329     0.400000        15957         1.67
       1.373     0.500000        19866         2.00
       1.399     0.550000        21878         2.22
       1.426     0.600000        23864         2.50
       1.457     0.650000        25803         2.86
       1.495     0.700000        27791         3.33
       1.540     0.750000        29768         4.00
       1.569     0.775000        30777         4.44
       1.605     0.800000        31770         5.00
       1.647     0.825000        32746         5.71
       1.701     0.850000        33737         6.67
       1.781     0.875000        34731         8.00
       1.830     0.887500        35220         8.89
       1.906     0.900000        35718        10.00
       2.014     0.912500        36216        11.43
       2.125     0.925000        36712        13.33
       2.223     0.937500        37206        16.00
       2.273     0.943750        37456        17.78
       2.323     0.950000        37701        20.00
       2.387     0.956250        37949        22.86
       2.435     0.962500        38199        26.67
       2.505     0.968750        38450        32.00
       2.543     0.971875        38570        35.56
       2.587     0.975000        38694        40.00
       2.637     0.978125        38816        45.71
       2.709     0.981250        38940        53.33
       2.793     0.984375        39064        64.00
       2.857     0.985938        39127        71.11
       2.919     0.987500        39190        80.00
       2.991     0.989062        39251        91.43
       3.103     0.990625        39312       106.67
       3.247     0.992188        39376       128.00
       3.343     0.992969        39405       142.22
       3.453     0.993750        39436       160.00
       3.567     0.994531        39467       182.86
       3.695     0.995313        39498       213.33
       3.833     0.996094        39529       256.00
       3.927     0.996484        39545       284.44
       3.969     0.996875        39560       320.00
       4.059     0.997266        39576       365.71
       4.211     0.997656        39591       426.67
       4.359     0.998047        39607       512.00
       4.411     0.998242        39615       568.89
       4.483     0.998437        39622       640.00
       4.651     0.998633        39630       731.43
       4.803     0.998828        39638       853.33
       5.023     0.999023        39646      1024.00
       5.167     0.999121        39650      1137.78
       5.399     0.999219        39653      1280.00
       5.511     0.999316        39657      1462.86
       5.783     0.999414        39661      1706.67
       5.959     0.999512        39665      2048.00
       6.103     0.999561        39667      2275.56
       6.227     0.999609        39669      2560.00
       6.367     0.999658        39671      2925.71
       6.479     0.999707        39673      3413.33
       6.791     0.999756        39675      4096.00
       6.839     0.999780        39676      4551.11
       6.967     0.999805        39677      5120.00
       7.263     0.999829        39678      5851.43
       7.287     0.999854        39679      6826.67
       7.507     0.999878        39680      8192.00
       7.507     0.999890        39680      9102.22
       8.119     0.999902        39681     10240.00
       8.119     0.999915        39681     11702.86
       8.263     0.999927        39682     13653.33
       8.263     0.999939        39682     16384.00
       8.263     0.999945        39682     18204.44
       8.551     0.999951        39683     20480.00
       8.551     0.999957        39683     23405.71
       8.551     0.999963        39683     27306.67
       8.551     0.999969        39683     32768.00
       8.551     0.999973        39683     36408.89
       9.639     0.999976        39684     40960.00
       9.639     1.000000        39684          inf
#[Mean    =        1.489, StdDeviation   =        0.415]
#[Max     =        9.632, Total count    =        39684]
#[Buckets =           27, SubBuckets     =         2048]
----------------------------------------------------------
  59185 requests in 30.01s, 10.42MB read
  Socket errors: connect 0, read 0, write 0, timeout 7
  Non-2xx or 3xx responses: 214
Requests/sec:   1972.32
Transfer/sec:    355.61KB
