Using argument nginx
using  args: threads=4 and connections=512 and duration=30 and requests=4000
Running 30s test @ http://10.10.1.6:8080
  4 threads and 512 connections
  Thread calibration: mean lat.: 3.654ms, rate sampling interval: 11ms
  Thread calibration: mean lat.: 3.660ms, rate sampling interval: 11ms
  Thread calibration: mean lat.: 3.665ms, rate sampling interval: 11ms
  Thread calibration: mean lat.: 3.736ms, rate sampling interval: 11ms
  Thread Stats   Avg      Stdev     99%   +/- Stdev
    Latency     3.81ms    1.81ms   8.91ms   69.57%
    Req/Sec     1.05k   314.63     1.90k    66.87%
  Latency Distribution (HdrHistogram - Recorded Latency)
 50.000%    3.90ms
 75.000%    4.72ms
 90.000%    5.93ms
 99.000%    8.91ms
 99.900%   12.46ms
 99.990%   17.06ms
 99.999%   20.16ms
100.000%   21.14ms

  Detailed Percentile spectrum:
       Value   Percentile   TotalCount 1/(1-Percentile)

       0.508     0.000000            1         1.00
       1.048     0.100000         8009         1.11
       2.187     0.200000        15980         1.25
       3.249     0.300000        23961         1.43
       3.641     0.400000        31981         1.67
       3.903     0.500000        39931         2.00
       4.037     0.550000        43902         2.22
       4.179     0.600000        47967         2.50
       4.331     0.650000        51989         2.86
       4.503     0.700000        55889         3.33
       4.719     0.750000        59908         4.00
       4.843     0.775000        61884         4.44
       4.987     0.800000        63871         5.00
       5.163     0.825000        65866         5.71
       5.375     0.850000        67884         6.67
       5.627     0.875000        69847         8.00
       5.771     0.887500        70866         8.89
       5.931     0.900000        71856        10.00
       6.103     0.912500        72842        11.43
       6.307     0.925000        73831        13.33
       6.543     0.937500        74836        16.00
       6.671     0.943750        75337        17.78
       6.811     0.950000        75832        20.00
       6.987     0.956250        76336        22.86
       7.175     0.962500        76827        26.67
       7.419     0.968750        77329        32.00
       7.551     0.971875        77573        35.56
       7.711     0.975000        77824        40.00
       7.883     0.978125        78073        45.71
       8.075     0.981250        78323        53.33
       8.311     0.984375        78578        64.00
       8.455     0.985938        78701        71.11
       8.607     0.987500        78827        80.00
       8.799     0.989062        78950        91.43
       8.999     0.990625        79069       106.67
       9.231     0.992188        79197       128.00
       9.367     0.992969        79257       142.22
       9.527     0.993750        79319       160.00
       9.719     0.994531        79381       182.86
       9.999     0.995313        79444       213.33
      10.279     0.996094        79506       256.00
      10.471     0.996484        79538       284.44
      10.655     0.996875        79569       320.00
      10.855     0.997266        79599       365.71
      11.111     0.997656        79630       426.67
      11.351     0.998047        79662       512.00
      11.535     0.998242        79677       568.89
      11.799     0.998437        79693       640.00
      12.015     0.998633        79709       731.43
      12.247     0.998828        79724       853.33
      12.543     0.999023        79740      1024.00
      12.871     0.999121        79747      1137.78
      13.039     0.999219        79756      1280.00
      13.207     0.999316        79763      1462.86
      13.495     0.999414        79772      1706.67
      13.743     0.999512        79779      2048.00
      13.975     0.999561        79782      2275.56
      14.359     0.999609        79786      2560.00
      14.551     0.999658        79790      2925.71
      14.855     0.999707        79794      3413.33
      15.239     0.999756        79799      4096.00
      15.287     0.999780        79800      4551.11
      15.591     0.999805        79802      5120.00
      15.863     0.999829        79804      5851.43
      16.375     0.999854        79806      6826.67
      16.879     0.999878        79808      8192.00
      17.055     0.999890        79809      9102.22
      17.311     0.999902        79810     10240.00
      17.871     0.999915        79811     11702.86
      17.919     0.999927        79812     13653.33
      17.951     0.999939        79813     16384.00
      17.951     0.999945        79813     18204.44
      18.575     0.999951        79814     20480.00
      18.575     0.999957        79814     23405.71
      19.951     0.999963        79815     27306.67
      19.951     0.999969        79815     32768.00
      19.951     0.999973        79815     36408.89
      20.159     0.999976        79816     40960.00
      20.159     0.999979        79816     46811.43
      20.159     0.999982        79816     54613.33
      20.159     0.999985        79816     65536.00
      20.159     0.999986        79816     72817.78
      21.135     0.999988        79817     81920.00
      21.135     1.000000        79817          inf
#[Mean    =        3.807, StdDeviation   =        1.815]
#[Max     =       21.120, Total count    =        79817]
#[Buckets =           27, SubBuckets     =         2048]
----------------------------------------------------------
  118942 requests in 30.00s, 1.08GB read
Requests/sec:   3964.60
Transfer/sec:     36.70MB
