Using argument nginx
using  args: threads=4 and connections=512 and duration=30 and requests=10000
Running 30s test @ http://10.10.1.6:8080
  4 threads and 512 connections
  Thread calibration: mean lat.: 117.280ms, rate sampling interval: 666ms
  Thread calibration: mean lat.: 132.781ms, rate sampling interval: 780ms
  Thread calibration: mean lat.: 144.898ms, rate sampling interval: 868ms
  Thread calibration: mean lat.: 127.380ms, rate sampling interval: 709ms
  Thread Stats   Avg      Stdev     99%   +/- Stdev
    Latency   623.82ms    1.09s    4.83s    86.63%
    Req/Sec     2.37k    96.88     2.50k    84.62%
  Latency Distribution (HdrHistogram - Recorded Latency)
 50.000%   96.57ms
 75.000%  666.11ms
 90.000%    2.20s 
 99.000%    4.83s 
 99.900%    6.27s 
 99.990%    6.71s 
 99.999%    6.95s 
100.000%    6.99s 

  Detailed Percentile spectrum:
       Value   Percentile   TotalCount 1/(1-Percentile)

       0.649     0.000000            1         1.00
      12.535     0.100000        18875         1.11
      21.567     0.200000        37709         1.25
      34.719     0.300000        56577         1.43
      56.287     0.400000        75414         1.67
      96.575     0.500000        94262         2.00
     133.247     0.550000       103702         2.22
     191.231     0.600000       113115         2.50
     285.951     0.650000       122544         2.86
     431.359     0.700000       131972         3.33
     666.111     0.750000       141396         4.00
     821.247     0.775000       146103         4.44
    1005.055     0.800000       150825         5.00
    1234.943     0.825000       155531         5.71
    1507.327     0.850000       160248         6.67
    1828.863     0.875000       164962         8.00
    2010.111     0.887500       167317         8.89
    2203.647     0.900000       169681        10.00
    2410.495     0.912500       172044        11.43
    2627.583     0.925000       174384        13.33
    2891.775     0.937500       176755        16.00
    3033.087     0.943750       177918        17.78
    3194.879     0.950000       179094        20.00
    3373.055     0.956250       180277        22.86
    3567.615     0.962500       181456        26.67
    3768.319     0.968750       182635        32.00
    3872.767     0.971875       183226        35.56
    3973.119     0.975000       183808        40.00
    4106.239     0.978125       184399        45.71
    4272.127     0.981250       184996        53.33
    4448.255     0.984375       185586        64.00
    4550.655     0.985938       185880        71.11
    4648.959     0.987500       186171        80.00
    4759.551     0.989062       186471        91.43
    4874.239     0.990625       186759       106.67
    4984.831     0.992188       187053       128.00
    5050.367     0.992969       187196       142.22
    5124.095     0.993750       187342       160.00
    5197.823     0.994531       187499       182.86
    5296.127     0.995313       187639       213.33
    5414.911     0.996094       187786       256.00
    5476.351     0.996484       187861       284.44
    5570.559     0.996875       187930       320.00
    5656.575     0.997266       188005       365.71
    5750.783     0.997656       188078       426.67
    5910.527     0.998047       188155       512.00
    5963.775     0.998242       188190       568.89
    6017.023     0.998437       188225       640.00
    6103.039     0.998633       188262       731.43
    6205.439     0.998828       188299       853.33
    6279.167     0.999023       188340      1024.00
    6299.647     0.999121       188357      1137.78
    6320.127     0.999219       188373      1280.00
    6344.703     0.999316       188392      1462.86
    6381.567     0.999414       188411      1706.67
    6430.719     0.999512       188427      2048.00
    6463.487     0.999561       188437      2275.56
    6488.063     0.999609       188446      2560.00
    6516.735     0.999658       188456      2925.71
    6537.215     0.999707       188464      3413.33
    6578.175     0.999756       188473      4096.00
    6606.847     0.999780       188479      4551.11
    6623.231     0.999805       188483      5120.00
    6651.903     0.999829       188487      5851.43
    6660.095     0.999854       188493      6826.67
    6688.767     0.999878       188496      8192.00
    6709.247     0.999890       188500      9102.22
    6721.535     0.999902       188501     10240.00
    6737.919     0.999915       188503     11702.86
    6762.495     0.999927       188506     13653.33
    6787.071     0.999939       188508     16384.00
    6803.455     0.999945       188509     18204.44
    6807.551     0.999951       188510     20480.00
    6815.743     0.999957       188511     23405.71
    6836.223     0.999963       188513     27306.67
    6840.319     0.999969       188514     32768.00
    6840.319     0.999973       188514     36408.89
    6930.431     0.999976       188515     40960.00
    6930.431     0.999979       188515     46811.43
    6946.815     0.999982       188517     54613.33
    6946.815     0.999985       188517     65536.00
    6946.815     0.999986       188517     72817.78
    6946.815     0.999988       188517     81920.00
    6946.815     0.999989       188517     93622.86
    6979.583     0.999991       188518    109226.67
    6979.583     0.999992       188518    131072.00
    6979.583     0.999993       188518    145635.56
    6979.583     0.999994       188518    163840.00
    6979.583     0.999995       188518    187245.71
    6987.775     0.999995       188519    218453.33
    6987.775     1.000000       188519          inf
#[Mean    =      623.820, StdDeviation   =     1085.638]
#[Max     =     6983.680, Total count    =       188519]
#[Buckets =           27, SubBuckets     =         2048]
----------------------------------------------------------
  284252 requests in 30.00s, 3.02GB read
  Non-2xx or 3xx responses: 26
Requests/sec:   9475.02
Transfer/sec:    103.05MB
