Using argument nginx
using  args: threads=4 and connections=512 and duration=30 and requests=3000
Running 30s test @ http://10.10.1.6:8080
  4 threads and 512 connections
  Thread calibration: mean lat.: 3.204ms, rate sampling interval: 10ms
  Thread calibration: mean lat.: 3.277ms, rate sampling interval: 10ms
  Thread calibration: mean lat.: 3.294ms, rate sampling interval: 10ms
  Thread calibration: mean lat.: 3.225ms, rate sampling interval: 10ms
  Thread Stats   Avg      Stdev     99%   +/- Stdev
    Latency     3.36ms    1.64ms   7.59ms   65.99%
    Req/Sec   791.66    286.18     1.50k    63.84%
  Latency Distribution (HdrHistogram - Recorded Latency)
 50.000%    3.65ms
 75.000%    4.28ms
 90.000%    5.18ms
 99.000%    7.59ms
 99.900%   10.12ms
 99.990%   12.68ms
 99.999%   14.22ms
100.000%   14.39ms

  Detailed Percentile spectrum:
       Value   Percentile   TotalCount 1/(1-Percentile)

       0.443     0.000000            1         1.00
       0.920     0.100000         6007         1.11
       1.160     0.200000        11946         1.25
       2.599     0.300000        17920         1.43
       3.397     0.400000        23880         1.67
       3.651     0.500000        29886         2.00
       3.761     0.550000        32846         2.22
       3.875     0.600000        35844         2.50
       3.993     0.650000        38816         2.86
       4.127     0.700000        41815         3.33
       4.283     0.750000        44808         4.00
       4.375     0.775000        46309         4.44
       4.483     0.800000        47798         5.00
       4.611     0.825000        49272         5.71
       4.759     0.850000        50748         6.67
       4.947     0.875000        52252         8.00
       5.051     0.887500        52985         8.89
       5.175     0.900000        53746        10.00
       5.311     0.912500        54486        11.43
       5.471     0.925000        55227        13.33
       5.663     0.937500        55968        16.00
       5.767     0.943750        56349        17.78
       5.899     0.950000        56721        20.00
       6.039     0.956250        57093        22.86
       6.199     0.962500        57468        26.67
       6.379     0.968750        57837        32.00
       6.483     0.971875        58026        35.56
       6.611     0.975000        58211        40.00
       6.763     0.978125        58396        45.71
       6.923     0.981250        58583        53.33
       7.127     0.984375        58767        64.00
       7.231     0.985938        58864        71.11
       7.355     0.987500        58954        80.00
       7.495     0.989062        59047        91.43
       7.663     0.990625        59142       106.67
       7.887     0.992188        59234       128.00
       7.991     0.992969        59281       142.22
       8.107     0.993750        59328       160.00
       8.223     0.994531        59373       182.86
       8.407     0.995313        59423       213.33
       8.631     0.996094        59466       256.00
       8.711     0.996484        59490       284.44
       8.855     0.996875        59514       320.00
       9.007     0.997266        59536       365.71
       9.191     0.997656        59560       426.67
       9.399     0.998047        59583       512.00
       9.551     0.998242        59595       568.89
       9.671     0.998437        59608       640.00
       9.791     0.998633        59618       731.43
      10.031     0.998828        59630       853.33
      10.175     0.999023        59642      1024.00
      10.439     0.999121        59647      1137.78
      10.479     0.999219        59653      1280.00
      10.687     0.999316        59659      1462.86
      10.871     0.999414        59665      1706.67
      11.063     0.999512        59670      2048.00
      11.247     0.999561        59674      2275.56
      11.367     0.999609        59676      2560.00
      11.495     0.999658        59679      2925.71
      11.687     0.999707        59682      3413.33
      11.847     0.999756        59685      4096.00
      11.871     0.999780        59686      4551.11
      12.135     0.999805        59688      5120.00
      12.183     0.999829        59689      5851.43
      12.287     0.999854        59691      6826.67
      12.663     0.999878        59692      8192.00
      12.679     0.999890        59693      9102.22
      12.687     0.999902        59694     10240.00
      12.687     0.999915        59694     11702.86
      13.263     0.999927        59695     13653.33
      13.559     0.999939        59696     16384.00
      13.559     0.999945        59696     18204.44
      13.655     0.999951        59697     20480.00
      13.655     0.999957        59697     23405.71
      13.655     0.999963        59697     27306.67
      14.223     0.999969        59698     32768.00
      14.223     0.999973        59698     36408.89
      14.223     0.999976        59698     40960.00
      14.223     0.999979        59698     46811.43
      14.223     0.999982        59698     54613.33
      14.391     0.999985        59699     65536.00
      14.391     1.000000        59699          inf
#[Mean    =        3.360, StdDeviation   =        1.636]
#[Max     =       14.384, Total count    =        59699]
#[Buckets =           27, SubBuckets     =         2048]
----------------------------------------------------------
  89122 requests in 30.00s, 775.00MB read
  Socket errors: connect 0, read 0, write 0, timeout 1
Requests/sec:   2970.61
Transfer/sec:     25.83MB
