Using argument nginx
using  args: threads=4 and connections=512 and duration=30 and requests=6000
Running 30s test @ http://10.10.1.6:8080
  4 threads and 512 connections
  Thread calibration: mean lat.: 4.872ms, rate sampling interval: 15ms
  Thread calibration: mean lat.: 5.026ms, rate sampling interval: 16ms
  Thread calibration: mean lat.: 4.926ms, rate sampling interval: 16ms
  Thread calibration: mean lat.: 4.885ms, rate sampling interval: 15ms
  Thread Stats   Avg      Stdev     99%   +/- Stdev
    Latency     5.36ms    2.82ms  14.78ms   73.14%
    Req/Sec     1.56k   315.89     2.33k    69.44%
  Latency Distribution (HdrHistogram - Recorded Latency)
 50.000%    4.89ms
 75.000%    6.59ms
 90.000%    8.80ms
 99.000%   14.78ms
 99.900%   21.90ms
 99.990%   32.38ms
 99.999%   42.65ms
100.000%   44.16ms

  Detailed Percentile spectrum:
       Value   Percentile   TotalCount 1/(1-Percentile)

       0.482     0.000000            1         1.00
       2.061     0.100000        11992         1.11
       3.505     0.200000        23982         1.25
       4.075     0.300000        35984         1.43
       4.483     0.400000        48040         1.67
       4.895     0.500000        60007         2.00
       5.131     0.550000        65937         2.22
       5.403     0.600000        71925         2.50
       5.719     0.650000        77881         2.86
       6.123     0.700000        83910         3.33
       6.587     0.750000        89905         4.00
       6.843     0.775000        92888         4.44
       7.135     0.800000        95876         5.00
       7.439     0.825000        98869         5.71
       7.811     0.850000       101857         6.67
       8.263     0.875000       104882         8.00
       8.511     0.887500       106369         8.89
       8.799     0.900000       107856        10.00
       9.119     0.912500       109336        11.43
       9.487     0.925000       110831        13.33
       9.951     0.937500       112341        16.00
      10.215     0.943750       113080        17.78
      10.519     0.950000       113832        20.00
      10.847     0.956250       114581        22.86
      11.215     0.962500       115317        26.67
      11.671     0.968750       116078        32.00
      11.943     0.971875       116440        35.56
      12.263     0.975000       116820        40.00
      12.647     0.978125       117196        45.71
      13.023     0.981250       117563        53.33
      13.487     0.984375       117938        64.00
      13.807     0.985938       118128        71.11
      14.111     0.987500       118313        80.00
      14.487     0.989062       118501        91.43
      14.919     0.990625       118689       106.67
      15.383     0.992188       118874       128.00
      15.631     0.992969       118971       142.22
      15.943     0.993750       119063       160.00
      16.319     0.994531       119157       182.86
      16.703     0.995313       119252       213.33
      17.231     0.996094       119342       256.00
      17.455     0.996484       119390       284.44
      17.871     0.996875       119438       320.00
      18.239     0.997266       119482       365.71
      18.927     0.997656       119532       426.67
      19.535     0.998047       119575       512.00
      19.903     0.998242       119601       568.89
      20.239     0.998437       119623       640.00
      20.703     0.998633       119646       731.43
      21.359     0.998828       119669       853.33
      21.983     0.999023       119692      1024.00
      22.271     0.999121       119704      1137.78
      22.703     0.999219       119716      1280.00
      23.087     0.999316       119728      1462.86
      23.519     0.999414       119739      1706.67
      24.127     0.999512       119751      2048.00
      24.527     0.999561       119757      2275.56
      25.599     0.999609       119763      2560.00
      26.143     0.999658       119770      2925.71
      26.431     0.999707       119774      3413.33
      27.183     0.999756       119780      4096.00
      27.487     0.999780       119783      4551.11
      27.951     0.999805       119786      5120.00
      28.895     0.999829       119789      5851.43
      29.599     0.999854       119792      6826.67
      31.631     0.999878       119795      8192.00
      31.759     0.999890       119796      9102.22
      32.543     0.999902       119798     10240.00
      32.831     0.999915       119799     11702.86
      34.111     0.999927       119801     13653.33
      35.103     0.999939       119802     16384.00
      36.191     0.999945       119803     18204.44
      36.255     0.999951       119804     20480.00
      36.255     0.999957       119804     23405.71
      36.735     0.999963       119805     27306.67
      37.375     0.999969       119806     32768.00
      37.375     0.999973       119806     36408.89
      40.159     0.999976       119807     40960.00
      40.159     0.999979       119807     46811.43
      40.159     0.999982       119807     54613.33
      42.655     0.999985       119808     65536.00
      42.655     0.999986       119808     72817.78
      42.655     0.999988       119808     81920.00
      42.655     0.999989       119808     93622.86
      42.655     0.999991       119808    109226.67
      44.159     0.999992       119809    131072.00
      44.159     1.000000       119809          inf
#[Mean    =        5.355, StdDeviation   =        2.818]
#[Max     =       44.128, Total count    =       119809]
#[Buckets =           27, SubBuckets     =         2048]
----------------------------------------------------------
  178518 requests in 30.00s, 1.73GB read
  Non-2xx or 3xx responses: 2
Requests/sec:   5950.65
Transfer/sec:     59.07MB
