Using argument nginx
using  args: threads=4 and connections=512 and duration=30 and requests=16000
Running 30s test @ http://10.10.1.6:5000
  4 threads and 512 connections
  Thread calibration: mean lat.: 301.393ms, rate sampling interval: 1441ms
  Thread calibration: mean lat.: 293.852ms, rate sampling interval: 1348ms
  Thread calibration: mean lat.: 327.198ms, rate sampling interval: 1481ms
  Thread calibration: mean lat.: 357.410ms, rate sampling interval: 1554ms
  Thread Stats   Avg      Stdev     99%   +/- Stdev
    Latency   945.74ms  628.47ms   2.77s    68.23%
    Req/Sec     3.87k    60.12     3.98k    65.38%
  Latency Distribution (HdrHistogram - Recorded Latency)
 50.000%  836.09ms
 75.000%    1.32s 
 90.000%    1.84s 
 99.000%    2.77s 
 99.900%    3.35s 
 99.990%    3.75s 
 99.999%    3.86s 
100.000%    3.90s 

  Detailed Percentile spectrum:
       Value   Percentile   TotalCount 1/(1-Percentile)

       0.408     0.000000            1         1.00
     218.239     0.100000        30723         1.11
     383.231     0.200000        61484         1.25
     531.455     0.300000        92243         1.43
     677.375     0.400000       122976         1.67
     836.095     0.500000       153632         2.00
     921.599     0.550000       169021         2.22
    1010.687     0.600000       184348         2.50
    1106.943     0.650000       199700         2.86
    1209.343     0.700000       215179         3.33
    1319.935     0.750000       230436         4.00
    1378.303     0.775000       238108         4.44
    1444.863     0.800000       245847         5.00
    1521.663     0.825000       253545         5.71
    1609.727     0.850000       261168         6.67
    1720.319     0.875000       268859         8.00
    1782.783     0.887500       272704         8.89
    1841.151     0.900000       276517        10.00
    1905.663     0.912500       280353        11.43
    1973.247     0.925000       284186        13.33
    2046.975     0.937500       288046        16.00
    2091.007     0.943750       289976        17.78
    2142.207     0.950000       291929        20.00
    2199.551     0.956250       293834        22.86
    2258.943     0.962500       295704        26.67
    2324.479     0.968750       297642        32.00
    2365.439     0.971875       298611        35.56
    2410.495     0.975000       299585        40.00
    2459.647     0.978125       300518        45.71
    2514.943     0.981250       301462        53.33
    2580.479     0.984375       302445        64.00
    2619.391     0.985938       302918        71.11
    2668.543     0.987500       303395        80.00
    2729.983     0.989062       303865        91.43
    2791.423     0.990625       304344       106.67
    2854.911     0.992188       304836       128.00
    2885.631     0.992969       305061       142.22
    2924.543     0.993750       305297       160.00
    2969.599     0.994531       305540       182.86
    3020.799     0.995313       305785       213.33
    3067.903     0.996094       306020       256.00
    3096.575     0.996484       306138       284.44
    3127.295     0.996875       306260       320.00
    3155.967     0.997266       306377       365.71
    3190.783     0.997656       306497       426.67
    3229.695     0.998047       306617       512.00
    3250.175     0.998242       306679       568.89
    3270.655     0.998437       306737       640.00
    3289.087     0.998633       306801       731.43
    3309.567     0.998828       306857       853.33
    3350.527     0.999023       306917      1024.00
    3383.295     0.999121       306948      1137.78
    3416.063     0.999219       306977      1280.00
    3459.071     0.999316       307008      1462.86
    3493.887     0.999414       307037      1706.67
    3563.519     0.999512       307067      2048.00
    3588.095     0.999561       307082      2275.56
    3608.575     0.999609       307097      2560.00
    3624.959     0.999658       307112      2925.71
    3645.439     0.999707       307128      3413.33
    3665.919     0.999756       307142      4096.00
    3676.159     0.999780       307152      4551.11
    3682.303     0.999805       307157      5120.00
    3702.783     0.999829       307165      5851.43
    3723.263     0.999854       307173      6826.67
    3739.647     0.999878       307181      8192.00
    3745.791     0.999890       307185      9102.22
    3751.935     0.999902       307188     10240.00
    3764.223     0.999915       307191     11702.86
    3776.511     0.999927       307195     13653.33
    3782.655     0.999939       307199     16384.00
    3784.703     0.999945       307201     18204.44
    3788.799     0.999951       307202     20480.00
    3811.327     0.999957       307204     23405.71
    3813.375     0.999963       307206     27306.67
    3825.663     0.999969       307208     32768.00
    3827.711     0.999973       307210     36408.89
    3827.711     0.999976       307210     40960.00
    3835.903     0.999979       307211     46811.43
    3844.095     0.999982       307212     54613.33
    3846.143     0.999985       307213     65536.00
    3846.143     0.999986       307213     72817.78
    3864.575     0.999988       307214     81920.00
    3864.575     0.999989       307214     93622.86
    3868.671     0.999991       307215    109226.67
    3868.671     0.999992       307215    131072.00
    3868.671     0.999993       307215    145635.56
    3899.391     0.999994       307216    163840.00
    3899.391     0.999995       307216    187245.71
    3899.391     0.999995       307216    218453.33
    3899.391     0.999996       307216    262144.00
    3899.391     0.999997       307216    291271.11
    3901.439     0.999997       307217    327680.00
    3901.439     1.000000       307217          inf
#[Mean    =      945.739, StdDeviation   =      628.472]
#[Max     =     3899.392, Total count    =       307217]
#[Buckets =           27, SubBuckets     =         2048]
----------------------------------------------------------
  452004 requests in 30.00s, 186.68MB read
Requests/sec:  15067.19
Transfer/sec:      6.22MB
