Using argument nginx
using  args: threads=4 and connections=512 and duration=30 and requests=2000
Running 30s test @ http://10.10.1.6:8080
  4 threads and 512 connections
  Thread calibration: mean lat.: 2.824ms, rate sampling interval: 10ms
  Thread calibration: mean lat.: 2.871ms, rate sampling interval: 10ms
  Thread calibration: mean lat.: 2.809ms, rate sampling interval: 10ms
  Thread calibration: mean lat.: 2.791ms, rate sampling interval: 10ms
  Thread Stats   Avg      Stdev     99%   +/- Stdev
    Latency     2.95ms    1.50ms   6.42ms   60.02%
    Req/Sec   526.10    236.90     1.11k    68.56%
  Latency Distribution (HdrHistogram - Recorded Latency)
 50.000%    3.43ms
 75.000%    3.96ms
 90.000%    4.57ms
 99.000%    6.42ms
 99.900%    8.16ms
 99.990%    9.94ms
 99.999%   10.85ms
100.000%   10.85ms

  Detailed Percentile spectrum:
       Value   Percentile   TotalCount 1/(1-Percentile)

       0.420     0.000000            1         1.00
       0.882     0.100000         3997         1.11
       1.029     0.200000         7953         1.25
       2.036     0.300000        11906         1.43
       2.897     0.400000        15875         1.67
       3.429     0.500000        19855         2.00
       3.541     0.550000        21838         2.22
       3.641     0.600000        23818         2.50
       3.739     0.650000        25816         2.86
       3.843     0.700000        27795         3.33
       3.957     0.750000        29778         4.00
       4.023     0.775000        30772         4.44
       4.103     0.800000        31785         5.00
       4.187     0.825000        32744         5.71
       4.287     0.850000        33752         6.67
       4.411     0.875000        34748         8.00
       4.483     0.887500        35229         8.89
       4.567     0.900000        35721        10.00
       4.663     0.912500        36225        11.43
       4.779     0.925000        36712        13.33
       4.927     0.937500        37222        16.00
       5.007     0.943750        37456        17.78
       5.099     0.950000        37706        20.00
       5.215     0.956250        37950        22.86
       5.343     0.962500        38208        26.67
       5.495     0.968750        38446        32.00
       5.583     0.971875        38571        35.56
       5.691     0.975000        38695        40.00
       5.791     0.978125        38818        45.71
       5.919     0.981250        38949        53.33
       6.071     0.984375        39068        64.00
       6.143     0.985938        39129        71.11
       6.239     0.987500        39191        80.00
       6.367     0.989062        39253        91.43
       6.475     0.990625        39315       106.67
       6.611     0.992188        39376       128.00
       6.679     0.992969        39407       142.22
       6.767     0.993750        39438       160.00
       6.847     0.994531        39469       182.86
       7.011     0.995313        39500       213.33
       7.151     0.996094        39532       256.00
       7.215     0.996484        39547       284.44
       7.291     0.996875        39562       320.00
       7.419     0.997266        39578       365.71
       7.511     0.997656        39593       426.67
       7.627     0.998047        39610       512.00
       7.719     0.998242        39617       568.89
       7.807     0.998437        39624       640.00
       7.927     0.998633        39632       731.43
       8.059     0.998828        39640       853.33
       8.179     0.999023        39648      1024.00
       8.255     0.999121        39652      1137.78
       8.351     0.999219        39656      1280.00
       8.399     0.999316        39659      1462.86
       8.711     0.999414        39664      1706.67
       8.823     0.999512        39667      2048.00
       8.983     0.999561        39669      2275.56
       9.055     0.999609        39671      2560.00
       9.231     0.999658        39673      2925.71
       9.327     0.999707        39675      3413.33
       9.351     0.999756        39677      4096.00
       9.479     0.999780        39678      4551.11
       9.495     0.999805        39679      5120.00
       9.679     0.999829        39680      5851.43
       9.735     0.999854        39681      6826.67
       9.935     0.999878        39682      8192.00
       9.935     0.999890        39682      9102.22
       9.975     0.999902        39683     10240.00
       9.975     0.999915        39683     11702.86
      10.135     0.999927        39684     13653.33
      10.135     0.999939        39684     16384.00
      10.135     0.999945        39684     18204.44
      10.271     0.999951        39685     20480.00
      10.271     0.999957        39685     23405.71
      10.271     0.999963        39685     27306.67
      10.271     0.999969        39685     32768.00
      10.271     0.999973        39685     36408.89
      10.847     0.999976        39686     40960.00
      10.847     1.000000        39686          inf
#[Mean    =        2.955, StdDeviation   =        1.499]
#[Max     =       10.840, Total count    =        39686]
#[Buckets =           27, SubBuckets     =         2048]
----------------------------------------------------------
  59185 requests in 30.00s, 467.42MB read
  Socket errors: connect 0, read 0, write 0, timeout 9
  Non-2xx or 3xx responses: 16
Requests/sec:   1972.70
Transfer/sec:     15.58MB
