Using argument nginx
using  args: threads=4 and connections=512 and duration=30 and requests=3000
Running 30s test @ http://10.10.1.6:8080
  4 threads and 512 connections
  Thread calibration: mean lat.: 1905.591ms, rate sampling interval: 9043ms
  Thread calibration: mean lat.: 2195.365ms, rate sampling interval: 10076ms
  Thread calibration: mean lat.: 2002.416ms, rate sampling interval: 8577ms
  Thread calibration: mean lat.: 2218.440ms, rate sampling interval: 9879ms
  Thread Stats   Avg      Stdev     99%   +/- Stdev
    Latency     8.54s     5.59s   21.15s    62.80%
    Req/Sec   308.29     34.73   373.00     57.14%
  Latency Distribution (HdrHistogram - Recorded Latency)
 50.000%    7.75s 
 75.000%   12.46s 
 90.000%   16.99s 
 99.000%   21.15s 
 99.900%   22.71s 
 99.990%   23.36s 
 99.999%   23.58s 
100.000%   23.58s 

  Detailed Percentile spectrum:
       Value   Percentile   TotalCount 1/(1-Percentile)

       0.490     0.000000            1         1.00
    1320.959     0.100000         2451         1.11
    3383.295     0.200000         4903         1.25
    4919.295     0.300000         7354         1.43
    6234.111     0.400000         9809         1.67
    7753.727     0.500000        12259         2.00
    8445.951     0.550000        13492         2.22
    9273.343     0.600000        14708         2.50
   10239.999     0.650000        15936         2.86
   11223.039     0.700000        17161         3.33
   12460.031     0.750000        18389         4.00
   13180.927     0.775000        19002         4.44
   14016.511     0.800000        19613         5.00
   14786.559     0.825000        20223         5.71
   15433.727     0.850000        20834         6.67
   16187.391     0.875000        21448         8.00
   16588.799     0.887500        21755         8.89
   16990.207     0.900000        22061        10.00
   17399.807     0.912500        22377        11.43
   17776.639     0.925000        22672        13.33
   18235.391     0.937500        22979        16.00
   18513.919     0.943750        23141        17.78
   18743.295     0.950000        23288        20.00
   19054.591     0.956250        23446        22.86
   19267.583     0.962500        23594        26.67
   19529.727     0.968750        23749        32.00
   19709.951     0.971875        23823        35.56
   19988.479     0.975000        23903        40.00
   20201.471     0.978125        23979        45.71
   20430.847     0.981250        24053        53.33
   20643.839     0.984375        24130        64.00
   20758.527     0.985938        24166        71.11
   20922.367     0.987500        24206        80.00
   21053.439     0.989062        24242        91.43
   21233.663     0.990625        24281       106.67
   21397.503     0.992188        24319       128.00
   21479.423     0.992969        24339       142.22
   21561.343     0.993750        24358       160.00
   21659.647     0.994531        24376       182.86
   21839.871     0.995313        24396       213.33
   22102.015     0.996094        24416       256.00
   22183.935     0.996484        24426       284.44
   22249.471     0.996875        24435       320.00
   22298.623     0.997266        24444       365.71
   22396.927     0.997656        24453       426.67
   22478.847     0.998047        24463       512.00
   22527.999     0.998242        24467       568.89
   22560.767     0.998437        24472       640.00
   22593.535     0.998633        24479       731.43
   22626.303     0.998828        24482       853.33
   22773.759     0.999023        24487      1024.00
   22855.679     0.999121        24490      1137.78
   22872.063     0.999219        24491      1280.00
   22937.599     0.999316        24494      1462.86
   23019.519     0.999414        24496      1706.67
   23085.055     0.999512        24500      2048.00
   23085.055     0.999561        24500      2275.56
   23117.823     0.999609        24501      2560.00
   23134.207     0.999658        24502      2925.71
   23166.975     0.999707        24503      3413.33
   23216.127     0.999756        24505      4096.00
   23216.127     0.999780        24505      4551.11
   23248.895     0.999805        24506      5120.00
   23248.895     0.999829        24506      5851.43
   23347.199     0.999854        24507      6826.67
   23363.583     0.999878        24508      8192.00
   23363.583     0.999890        24508      9102.22
   23363.583     0.999902        24508     10240.00
   23363.583     0.999915        24508     11702.86
   23396.351     0.999927        24509     13653.33
   23396.351     0.999939        24509     16384.00
   23396.351     0.999945        24509     18204.44
   23396.351     0.999951        24509     20480.00
   23396.351     0.999957        24509     23405.71
   23576.575     0.999963        24510     27306.67
   23576.575     1.000000        24510          inf
#[Mean    =     8541.581, StdDeviation   =     5592.401]
#[Max     =    23560.192, Total count    =        24510]
#[Buckets =           27, SubBuckets     =         2048]
----------------------------------------------------------
  37847 requests in 30.00s, 326.04MB read
  Non-2xx or 3xx responses: 791
Requests/sec:   1261.47
Transfer/sec:     10.87MB
