Using argument nginx
using  args: threads=4 and connections=512 and duration=30 and requests=1500
Running 30s test @ http://10.10.1.6:8080
  4 threads and 512 connections
  Thread calibration: mean lat.: 1.765ms, rate sampling interval: 10ms
  Thread calibration: mean lat.: 1.801ms, rate sampling interval: 10ms
  Thread calibration: mean lat.: 1.785ms, rate sampling interval: 10ms
  Thread calibration: mean lat.: 1.803ms, rate sampling interval: 10ms
  Thread Stats   Avg      Stdev     99%   +/- Stdev
    Latency     2.54ms    1.57ms   5.96ms   58.27%
    Req/Sec   392.66    204.42     1.00k    70.90%
  Latency Distribution (HdrHistogram - Recorded Latency)
 50.000%    2.59ms
 75.000%    3.91ms
 90.000%    4.45ms
 99.000%    5.96ms
 99.900%    7.46ms
 99.990%    8.94ms
 99.999%    9.35ms
100.000%    9.35ms

  Detailed Percentile spectrum:
       Value   Percentile   TotalCount 1/(1-Percentile)

       0.460     0.000000            2         1.00
       0.738     0.100000         2971         1.11
       0.922     0.200000         5929         1.25
       1.052     0.300000         8902         1.43
       1.240     0.400000        11859         1.67
       2.589     0.500000        14818         2.00
       3.015     0.550000        16294         2.22
       3.439     0.600000        17777         2.50
       3.639     0.650000        19257         2.86
       3.781     0.700000        20747         3.33
       3.911     0.750000        22231         4.00
       3.977     0.775000        22959         4.44
       4.055     0.800000        23707         5.00
       4.135     0.825000        24439         5.71
       4.219     0.850000        25183         6.67
       4.319     0.875000        25920         8.00
       4.387     0.887500        26314         8.89
       4.455     0.900000        26677        10.00
       4.527     0.912500        27034        11.43
       4.619     0.925000        27401        13.33
       4.739     0.937500        27774        16.00
       4.815     0.943750        27955        17.78
       4.887     0.950000        28138        20.00
       4.983     0.956250        28325        22.86
       5.087     0.962500        28510        26.67
       5.203     0.968750        28698        32.00
       5.275     0.971875        28788        35.56
       5.339     0.975000        28881        40.00
       5.439     0.978125        28971        45.71
       5.511     0.981250        29065        53.33
       5.639     0.984375        29159        64.00
       5.735     0.985938        29206        71.11
       5.819     0.987500        29250        80.00
       5.903     0.989062        29295        91.43
       5.995     0.990625        29341       106.67
       6.143     0.992188        29387       128.00
       6.207     0.992969        29411       142.22
       6.283     0.993750        29434       160.00
       6.335     0.994531        29459       182.86
       6.435     0.995313        29481       213.33
       6.559     0.996094        29503       256.00
       6.659     0.996484        29514       284.44
       6.763     0.996875        29526       320.00
       6.827     0.997266        29538       365.71
       6.947     0.997656        29549       426.67
       7.051     0.998047        29561       512.00
       7.115     0.998242        29566       568.89
       7.219     0.998437        29572       640.00
       7.283     0.998633        29579       731.43
       7.387     0.998828        29584       853.33
       7.479     0.999023        29590      1024.00
       7.575     0.999121        29593      1137.78
       7.607     0.999219        29595      1280.00
       7.675     0.999316        29598      1462.86
       7.799     0.999414        29601      1706.67
       7.943     0.999512        29604      2048.00
       7.991     0.999561        29605      2275.56
       8.215     0.999609        29607      2560.00
       8.255     0.999658        29608      2925.71
       8.319     0.999707        29610      3413.33
       8.463     0.999756        29611      4096.00
       8.519     0.999780        29612      4551.11
       8.607     0.999805        29613      5120.00
       8.607     0.999829        29613      5851.43
       8.831     0.999854        29614      6826.67
       8.935     0.999878        29615      8192.00
       8.935     0.999890        29615      9102.22
       8.943     0.999902        29616     10240.00
       8.943     0.999915        29616     11702.86
       8.943     0.999927        29616     13653.33
       8.983     0.999939        29617     16384.00
       8.983     0.999945        29617     18204.44
       8.983     0.999951        29617     20480.00
       8.983     0.999957        29617     23405.71
       8.983     0.999963        29617     27306.67
       9.351     0.999969        29618     32768.00
       9.351     1.000000        29618          inf
#[Mean    =        2.544, StdDeviation   =        1.571]
#[Max     =        9.344, Total count    =        29618]
#[Buckets =           27, SubBuckets     =         2048]
----------------------------------------------------------
  44333 requests in 30.00s, 213.91MB read
  Socket errors: connect 0, read 0, write 0, timeout 22
Requests/sec:   1477.54
Transfer/sec:      7.13MB
