Using argument nginx
using  args: threads=4 and connections=512 and duration=30 and requests=4000
Running 30s test @ http://10.10.1.6:8080/wrk2-api/user-timeline/read
  4 threads and 512 connections
  Thread calibration: mean lat.: 4.285ms, rate sampling interval: 10ms
  Thread calibration: mean lat.: 4.307ms, rate sampling interval: 10ms
  Thread calibration: mean lat.: 4.359ms, rate sampling interval: 11ms
  Thread calibration: mean lat.: 4.291ms, rate sampling interval: 10ms
  Thread Stats   Avg      Stdev     99%   +/- Stdev
    Latency     4.31ms    1.77ms  12.39ms   93.28%
    Req/Sec     1.06k   341.25     1.91k    65.45%
  Latency Distribution (HdrHistogram - Recorded Latency)
 50.000%    3.90ms
 75.000%    4.50ms
 90.000%    5.49ms
 99.000%   12.39ms
 99.900%   22.64ms
 99.990%   32.03ms
 99.999%   39.01ms
100.000%   43.10ms

  Detailed Percentile spectrum:
       Value   Percentile   TotalCount 1/(1-Percentile)

       2.419     0.000000            1         1.00
       3.231     0.100000         8000         1.11
       3.421     0.200000        16026         1.25
       3.579     0.300000        24034         1.43
       3.735     0.400000        31999         1.67
       3.899     0.500000        39948         2.00
       3.991     0.550000        43900         2.22
       4.093     0.600000        47905         2.50
       4.207     0.650000        51949         2.86
       4.335     0.700000        55877         3.33
       4.503     0.750000        59940         4.00
       4.599     0.775000        61901         4.44
       4.715     0.800000        63902         5.00
       4.847     0.825000        65851         5.71
       5.011     0.850000        67890         6.67
       5.211     0.875000        69860         8.00
       5.335     0.887500        70836         8.89
       5.487     0.900000        71843        10.00
       5.671     0.912500        72839        11.43
       5.911     0.925000        73836        13.33
       6.223     0.937500        74825        16.00
       6.423     0.943750        75321        17.78
       6.635     0.950000        75823        20.00
       6.903     0.956250        76324        22.86
       7.251     0.962500        76822        26.67
       7.735     0.968750        77319        32.00
       8.039     0.971875        77566        35.56
       8.383     0.975000        77815        40.00
       8.815     0.978125        78065        45.71
       9.383     0.981250        78318        53.33
      10.191     0.984375        78564        64.00
      10.735     0.985938        78688        71.11
      11.383     0.987500        78814        80.00
      12.071     0.989062        78940        91.43
      12.719     0.990625        79063       106.67
      13.831     0.992188        79187       128.00
      14.311     0.992969        79250       142.22
      14.751     0.993750        79314       160.00
      15.343     0.994531        79374       182.86
      16.263     0.995313        79436       213.33
      17.007     0.996094        79499       256.00
      17.423     0.996484        79531       284.44
      17.919     0.996875        79561       320.00
      18.431     0.997266        79592       365.71
      19.247     0.997656        79623       426.67
      20.159     0.998047        79655       512.00
      20.543     0.998242        79670       568.89
      20.911     0.998437        79687       640.00
      21.343     0.998633        79701       731.43
      22.095     0.998828        79717       853.33
      22.927     0.999023        79733      1024.00
      23.199     0.999121        79740      1137.78
      23.823     0.999219        79748      1280.00
      24.319     0.999316        79756      1462.86
      24.783     0.999414        79764      1706.67
      25.231     0.999512        79772      2048.00
      25.471     0.999561        79775      2275.56
      26.095     0.999609        79779      2560.00
      26.495     0.999658        79783      2925.71
      27.087     0.999707        79787      3413.33
      28.015     0.999756        79791      4096.00
      28.447     0.999780        79793      4551.11
      29.263     0.999805        79795      5120.00
      30.367     0.999829        79797      5851.43
      31.391     0.999854        79799      6826.67
      31.807     0.999878        79801      8192.00
      32.031     0.999890        79802      9102.22
      32.831     0.999902        79803     10240.00
      32.927     0.999915        79804     11702.86
      35.871     0.999927        79805     13653.33
      36.447     0.999939        79806     16384.00
      36.447     0.999945        79806     18204.44
      36.639     0.999951        79807     20480.00
      36.639     0.999957        79807     23405.71
      38.271     0.999963        79808     27306.67
      38.271     0.999969        79808     32768.00
      38.271     0.999973        79808     36408.89
      39.007     0.999976        79809     40960.00
      39.007     0.999979        79809     46811.43
      39.007     0.999982        79809     54613.33
      39.007     0.999985        79809     65536.00
      39.007     0.999986        79809     72817.78
      43.103     0.999988        79810     81920.00
      43.103     1.000000        79810          inf
#[Mean    =        4.313, StdDeviation   =        1.774]
#[Max     =       43.072, Total count    =        79810]
#[Buckets =           27, SubBuckets     =         2048]
----------------------------------------------------------
  118932 requests in 30.00s, 20.87MB read
Requests/sec:   3964.46
Transfer/sec:    712.36KB
