Using argument nginx
using  args: threads=4 and connections=512 and duration=30 and requests=4000
Running 30s test @ http://10.10.1.6:8080
  4 threads and 512 connections
  Thread calibration: mean lat.: 1184.513ms, rate sampling interval: 6942ms
  Thread calibration: mean lat.: 1264.743ms, rate sampling interval: 6352ms
  Thread calibration: mean lat.: 1142.311ms, rate sampling interval: 5062ms
  Thread calibration: mean lat.: 2844.102ms, rate sampling interval: 11558ms
  Thread Stats   Avg      Stdev     99%   +/- Stdev
    Latency     9.38s     5.87s   22.86s    62.04%
    Req/Sec   302.11     40.33   383.00     66.67%
  Latency Distribution (HdrHistogram - Recorded Latency)
 50.000%    8.87s 
 75.000%   12.79s 
 90.000%   18.45s 
 99.000%   22.86s 
 99.900%   23.79s 
 99.990%   24.12s 
 99.999%   24.38s 
100.000%   24.38s 

  Detailed Percentile spectrum:
       Value   Percentile   TotalCount 1/(1-Percentile)

       0.966     0.000000            1         1.00
    2220.031     0.100000         2500         1.11
    3641.343     0.200000         5000         1.25
    5410.815     0.300000         7497         1.43
    7266.303     0.400000        10004         1.67
    8871.935     0.500000        12495         2.00
    9486.335     0.550000        13746         2.22
   10108.927     0.600000        15006         2.50
   10911.743     0.650000        16259         2.86
   11796.479     0.700000        17496         3.33
   12787.711     0.750000        18744         4.00
   13541.375     0.775000        19373         4.44
   14622.719     0.800000        19992         5.00
   15908.863     0.825000        20617         5.71
   16973.823     0.850000        21251         6.67
   17776.639     0.875000        21872         8.00
   18104.319     0.887500        22180         8.89
   18448.383     0.900000        22491        10.00
   18907.135     0.912500        22809        11.43
   19267.583     0.925000        23120        13.33
   19791.871     0.937500        23433        16.00
   20119.551     0.943750        23586        17.78
   20479.999     0.950000        23745        20.00
   20824.063     0.956250        23897        22.86
   21135.359     0.962500        24057        26.67
   21430.271     0.968750        24210        32.00
   21626.879     0.971875        24293        35.56
   21856.255     0.975000        24371        40.00
   22036.479     0.978125        24454        45.71
   22233.087     0.981250        24528        53.33
   22396.927     0.984375        24602        64.00
   22527.999     0.985938        24642        71.11
   22626.303     0.987500        24685        80.00
   22757.375     0.989062        24720        91.43
   22888.447     0.990625        24757       106.67
   23019.519     0.992188        24795       128.00
   23101.439     0.992969        24815       142.22
   23183.359     0.993750        24835       160.00
   23248.895     0.994531        24856       182.86
   23330.815     0.995313        24879       213.33
   23379.967     0.996094        24893       256.00
   23429.119     0.996484        24906       284.44
   23461.887     0.996875        24916       320.00
   23511.039     0.997266        24923       365.71
   23543.807     0.997656        24932       426.67
   23592.959     0.998047        24942       512.00
   23625.727     0.998242        24949       568.89
   23642.111     0.998437        24951       640.00
   23674.879     0.998633        24957       731.43
   23724.031     0.998828        24961       853.33
   23789.567     0.999023        24966      1024.00
   23822.335     0.999121        24969      1137.78
   23855.103     0.999219        24973      1280.00
   23855.103     0.999316        24973      1462.86
   23887.871     0.999414        24976      1706.67
   23904.255     0.999512        24978      2048.00
   23937.023     0.999561        24980      2275.56
   23953.407     0.999609        24981      2560.00
   23969.791     0.999658        24982      2925.71
   24002.559     0.999707        24983      3413.33
   24018.943     0.999756        24984      4096.00
   24051.711     0.999780        24985      4551.11
   24100.863     0.999805        24987      5120.00
   24100.863     0.999829        24987      5851.43
   24100.863     0.999854        24987      6826.67
   24100.863     0.999878        24987      8192.00
   24117.247     0.999890        24988      9102.22
   24117.247     0.999902        24988     10240.00
   24117.247     0.999915        24988     11702.86
   24150.015     0.999927        24989     13653.33
   24150.015     0.999939        24989     16384.00
   24150.015     0.999945        24989     18204.44
   24150.015     0.999951        24989     20480.00
   24150.015     0.999957        24989     23405.71
   24379.391     0.999963        24990     27306.67
   24379.391     1.000000        24990          inf
#[Mean    =     9383.162, StdDeviation   =     5874.487]
#[Max     =    24363.008, Total count    =        24990]
#[Buckets =           27, SubBuckets     =         2048]
----------------------------------------------------------
  37825 requests in 30.08s, 328.15MB read
  Non-2xx or 3xx responses: 1107
Requests/sec:   1257.54
Transfer/sec:     10.91MB
