Using argument nginx
using  args: threads=4 and connections=512 and duration=30 and requests=2000
Running 30s test @ http://10.10.1.6:8080
  4 threads and 512 connections
  Thread calibration: mean lat.: 2.747ms, rate sampling interval: 10ms
  Thread calibration: mean lat.: 2.738ms, rate sampling interval: 10ms
  Thread calibration: mean lat.: 2.742ms, rate sampling interval: 10ms
  Thread calibration: mean lat.: 2.728ms, rate sampling interval: 10ms
  Thread Stats   Avg      Stdev     99%   +/- Stdev
    Latency     2.86ms    1.37ms   6.10ms   61.17%
    Req/Sec   526.26    240.34     1.20k    69.34%
  Latency Distribution (HdrHistogram - Recorded Latency)
 50.000%    3.26ms
 75.000%    3.75ms
 90.000%    4.32ms
 99.000%    6.10ms
 99.900%    8.20ms
 99.990%   11.41ms
 99.999%   16.06ms
100.000%   16.06ms

  Detailed Percentile spectrum:
       Value   Percentile   TotalCount 1/(1-Percentile)

       0.424     0.000000            1         1.00
       0.949     0.100000         3996         1.11
       1.105     0.200000         7944         1.25
       2.091     0.300000        11908         1.43
       2.889     0.400000        15884         1.67
       3.261     0.500000        19863         2.00
       3.363     0.550000        21843         2.22
       3.455     0.600000        23818         2.50
       3.547     0.650000        25837         2.86
       3.641     0.700000        27800         3.33
       3.747     0.750000        29785         4.00
       3.807     0.775000        30780         4.44
       3.877     0.800000        31768         5.00
       3.957     0.825000        32755         5.71
       4.055     0.850000        33757         6.67
       4.171     0.875000        34749         8.00
       4.239     0.887500        35245         8.89
       4.315     0.900000        35723        10.00
       4.403     0.912500        36239        11.43
       4.507     0.925000        36720        13.33
       4.639     0.937500        37218        16.00
       4.715     0.943750        37459        17.78
       4.799     0.950000        37705        20.00
       4.915     0.956250        37957        22.86
       5.031     0.962500        38201        26.67
       5.179     0.968750        38452        32.00
       5.275     0.971875        38580        35.56
       5.371     0.975000        38699        40.00
       5.475     0.978125        38824        45.71
       5.599     0.981250        38947        53.33
       5.711     0.984375        39071        64.00
       5.795     0.985938        39131        71.11
       5.899     0.987500        39193        80.00
       6.023     0.989062        39256        91.43
       6.143     0.990625        39318       106.67
       6.303     0.992188        39380       128.00
       6.403     0.992969        39411       142.22
       6.523     0.993750        39441       160.00
       6.623     0.994531        39472       182.86
       6.739     0.995313        39503       213.33
       6.891     0.996094        39535       256.00
       7.015     0.996484        39551       284.44
       7.115     0.996875        39565       320.00
       7.283     0.997266        39581       365.71
       7.391     0.997656        39596       426.67
       7.587     0.998047        39612       512.00
       7.723     0.998242        39620       568.89
       7.763     0.998437        39627       640.00
       7.899     0.998633        39635       731.43
       8.095     0.998828        39643       853.33
       8.375     0.999023        39652      1024.00
       8.527     0.999121        39655      1137.78
       8.727     0.999219        39658      1280.00
       8.935     0.999316        39662      1462.86
       9.039     0.999414        39666      1706.67
       9.383     0.999512        39670      2048.00
       9.495     0.999561        39672      2275.56
       9.567     0.999609        39674      2560.00
       9.831     0.999658        39676      2925.71
       9.991     0.999707        39678      3413.33
      10.351     0.999756        39680      4096.00
      10.671     0.999780        39681      4551.11
      10.679     0.999805        39682      5120.00
      10.687     0.999829        39683      5851.43
      10.927     0.999854        39684      6826.67
      11.407     0.999878        39685      8192.00
      11.407     0.999890        39685      9102.22
      11.727     0.999902        39686     10240.00
      11.727     0.999915        39686     11702.86
      11.807     0.999927        39687     13653.33
      11.807     0.999939        39687     16384.00
      11.807     0.999945        39687     18204.44
      12.735     0.999951        39688     20480.00
      12.735     0.999957        39688     23405.71
      12.735     0.999963        39688     27306.67
      12.735     0.999969        39688     32768.00
      12.735     0.999973        39688     36408.89
      16.063     0.999976        39689     40960.00
      16.063     1.000000        39689          inf
#[Mean    =        2.863, StdDeviation   =        1.374]
#[Max     =       16.056, Total count    =        39689]
#[Buckets =           27, SubBuckets     =         2048]
----------------------------------------------------------
  59189 requests in 30.00s, 464.10MB read
  Socket errors: connect 0, read 0, write 0, timeout 9
Requests/sec:   1972.82
Transfer/sec:     15.47MB
