Using argument nginx
using  args: threads=4 and connections=512 and duration=30 and requests=10000
Running 30s test @ http://10.10.1.5:5000
  4 threads and 512 connections
  Thread calibration: mean lat.: 6.660ms, rate sampling interval: 23ms
  Thread calibration: mean lat.: 6.416ms, rate sampling interval: 23ms
  Thread calibration: mean lat.: 6.747ms, rate sampling interval: 23ms
  Thread calibration: mean lat.: 6.438ms, rate sampling interval: 23ms
  Thread Stats   Avg      Stdev     99%   +/- Stdev
    Latency     5.58ms    4.94ms  23.42ms   90.51%
    Req/Sec     2.56k   416.68     3.59k    69.92%
  Latency Distribution (HdrHistogram - Recorded Latency)
 50.000%    4.50ms
 75.000%    7.00ms
 90.000%   10.20ms
 99.000%   23.42ms
 99.900%   57.09ms
 99.990%   84.10ms
 99.999%  108.42ms
100.000%  121.66ms

  Detailed Percentile spectrum:
       Value   Percentile   TotalCount 1/(1-Percentile)

       0.361     0.000000            1         1.00
       1.615     0.100000        19934         1.11
       2.319     0.200000        39905         1.25
       3.017     0.300000        59827         1.43
       3.733     0.400000        79732         1.67
       4.503     0.500000        99640         2.00
       4.911     0.550000       109683         2.22
       5.351     0.600000       119565         2.50
       5.827     0.650000       129547         2.86
       6.379     0.700000       139540         3.33
       6.999     0.750000       149444         4.00
       7.355     0.775000       154467         4.44
       7.755     0.800000       159435         5.00
       8.207     0.825000       164400         5.71
       8.751     0.850000       169419         6.67
       9.391     0.875000       174400         8.00
       9.751     0.887500       176839         8.89
      10.199     0.900000       179361        10.00
      10.703     0.912500       181849        11.43
      11.319     0.925000       184340        13.33
      12.079     0.937500       186806        16.00
      12.527     0.943750       188047        17.78
      13.071     0.950000       189301        20.00
      13.695     0.956250       190554        22.86
      14.439     0.962500       191790        26.67
      15.439     0.968750       193033        32.00
      16.063     0.971875       193656        35.56
      16.751     0.975000       194294        40.00
      17.551     0.978125       194909        45.71
      18.527     0.981250       195524        53.33
      19.791     0.984375       196149        64.00
      20.543     0.985938       196454        71.11
      21.407     0.987500       196765        80.00
      22.655     0.989062       197076        91.43
      24.047     0.990625       197388       106.67
      26.063     0.992188       197700       128.00
      27.215     0.992969       197855       142.22
      28.703     0.993750       198011       160.00
      30.463     0.994531       198168       182.86
      32.447     0.995313       198322       213.33
      34.943     0.996094       198477       256.00
      36.575     0.996484       198555       284.44
      38.175     0.996875       198633       320.00
      40.223     0.997266       198711       365.71
      42.815     0.997656       198788       426.67
      45.631     0.998047       198866       512.00
      48.159     0.998242       198905       568.89
      49.759     0.998437       198944       640.00
      52.095     0.998633       198983       731.43
      54.495     0.998828       199024       853.33
      57.343     0.999023       199062      1024.00
      58.303     0.999121       199080      1137.78
      60.319     0.999219       199100      1280.00
      62.271     0.999316       199119      1462.86
      64.351     0.999414       199139      1706.67
      66.751     0.999512       199158      2048.00
      68.735     0.999561       199168      2275.56
      69.695     0.999609       199179      2560.00
      70.399     0.999658       199187      2925.71
      72.447     0.999707       199197      3413.33
      75.135     0.999756       199207      4096.00
      75.647     0.999780       199213      4551.11
      76.799     0.999805       199217      5120.00
      78.079     0.999829       199221      5851.43
      79.039     0.999854       199226      6826.67
      81.215     0.999878       199231      8192.00
      83.583     0.999890       199234      9102.22
      84.159     0.999902       199236     10240.00
      84.927     0.999915       199238     11702.86
      86.719     0.999927       199241     13653.33
      86.911     0.999939       199243     16384.00
      87.231     0.999945       199245     18204.44
      87.999     0.999951       199246     20480.00
      88.255     0.999957       199247     23405.71
      89.087     0.999963       199248     27306.67
      90.751     0.999969       199249     32768.00
      91.519     0.999973       199250     36408.89
      93.695     0.999976       199251     40960.00
      93.695     0.999979       199251     46811.43
      95.359     0.999982       199252     54613.33
      95.359     0.999985       199252     65536.00
     108.415     0.999986       199253     72817.78
     108.415     0.999988       199253     81920.00
     108.415     0.999989       199253     93622.86
     113.087     0.999991       199254    109226.67
     113.087     0.999992       199254    131072.00
     113.087     0.999993       199254    145635.56
     113.087     0.999994       199254    163840.00
     113.087     0.999995       199254    187245.71
     121.663     0.999995       199255    218453.33
     121.663     1.000000       199255          inf
#[Mean    =        5.580, StdDeviation   =        4.939]
#[Max     =      121.600, Total count    =       199255]
#[Buckets =           27, SubBuckets     =         2048]
----------------------------------------------------------
  295235 requests in 30.00s, 122.03MB read
Requests/sec:   9841.13
Transfer/sec:      4.07MB
