Using argument nginx
using  args: threads=4 and connections=512 and duration=30 and requests=14000
Running 30s test @ http://10.10.1.6:5000
  4 threads and 512 connections
  Thread calibration: mean lat.: 18.495ms, rate sampling interval: 72ms
  Thread calibration: mean lat.: 19.498ms, rate sampling interval: 75ms
  Thread calibration: mean lat.: 18.563ms, rate sampling interval: 72ms
  Thread calibration: mean lat.: 18.473ms, rate sampling interval: 72ms
  Thread Stats   Avg      Stdev     99%   +/- Stdev
    Latency    16.60ms   12.75ms  63.81ms   80.34%
    Req/Sec     3.53k   322.80     4.33k    71.26%
  Latency Distribution (HdrHistogram - Recorded Latency)
 50.000%   13.71ms
 75.000%   21.26ms
 90.000%   31.73ms
 99.000%   63.81ms
 99.900%   99.78ms
 99.990%  137.47ms
 99.999%  178.82ms
100.000%  197.63ms

  Detailed Percentile spectrum:
       Value   Percentile   TotalCount 1/(1-Percentile)

       0.370     0.000000            1         1.00
       4.507     0.100000        27902         1.11
       6.811     0.200000        55796         1.25
       9.087     0.300000        83758         1.43
      11.399     0.400000       111666         1.67
      13.711     0.500000       139548         2.00
      14.919     0.550000       153441         2.22
      16.231     0.600000       167432         2.50
      17.679     0.650000       181426         2.86
      19.311     0.700000       195275         3.33
      21.263     0.750000       209292         4.00
      22.415     0.775000       216201         4.44
      23.727     0.800000       223201         5.00
      25.263     0.825000       230206         5.71
      27.007     0.850000       237174         6.67
      29.071     0.875000       244113         8.00
      30.303     0.887500       247607         8.89
      31.727     0.900000       251081        10.00
      33.439     0.912500       254601        11.43
      35.455     0.925000       258058        13.33
      37.791     0.937500       261540        16.00
      39.167     0.943750       263290        17.78
      40.703     0.950000       265025        20.00
      42.463     0.956250       266772        22.86
      44.575     0.962500       268505        26.67
      47.103     0.968750       270261        32.00
      48.543     0.971875       271128        35.56
      50.175     0.975000       271995        40.00
      51.999     0.978125       272869        45.71
      54.239     0.981250       273740        53.33
      56.927     0.984375       274616        64.00
      58.527     0.985938       275046        71.11
      60.351     0.987500       275480        80.00
      62.399     0.989062       275916        91.43
      64.735     0.990625       276350       106.67
      67.391     0.992188       276790       128.00
      69.055     0.992969       277006       142.22
      70.911     0.993750       277221       160.00
      73.279     0.994531       277439       182.86
      75.711     0.995313       277661       213.33
      78.335     0.996094       277876       256.00
      80.063     0.996484       277986       284.44
      81.919     0.996875       278098       320.00
      83.967     0.997266       278203       365.71
      86.399     0.997656       278310       426.67
      89.471     0.998047       278419       512.00
      91.007     0.998242       278475       568.89
      92.927     0.998437       278528       640.00
      95.167     0.998633       278582       731.43
      97.727     0.998828       278637       853.33
     100.031     0.999023       278693      1024.00
     101.503     0.999121       278718      1137.78
     103.359     0.999219       278746      1280.00
     105.535     0.999316       278774      1462.86
     107.455     0.999414       278800      1706.67
     110.143     0.999512       278828      2048.00
     111.807     0.999561       278841      2275.56
     113.727     0.999609       278855      2560.00
     115.967     0.999658       278869      2925.71
     117.759     0.999707       278883      3413.33
     121.727     0.999756       278895      4096.00
     123.007     0.999780       278902      4551.11
     125.695     0.999805       278909      5120.00
     128.383     0.999829       278916      5851.43
     133.119     0.999854       278924      6826.67
     135.551     0.999878       278929      8192.00
     136.447     0.999890       278933      9102.22
     137.727     0.999902       278936     10240.00
     140.799     0.999915       278940     11702.86
     146.303     0.999927       278943     13653.33
     151.167     0.999939       278946     16384.00
     154.239     0.999945       278949     18204.44
     158.719     0.999951       278950     20480.00
     162.559     0.999957       278952     23405.71
     163.455     0.999963       278953     27306.67
     168.575     0.999969       278955     32768.00
     172.927     0.999973       278956     36408.89
     174.847     0.999976       278957     40960.00
     175.103     0.999979       278958     46811.43
     175.103     0.999982       278958     54613.33
     176.511     0.999985       278959     65536.00
     178.815     0.999986       278960     72817.78
     178.815     0.999988       278960     81920.00
     181.247     0.999989       278961     93622.86
     181.247     0.999991       278961    109226.67
     181.247     0.999992       278961    131072.00
     183.935     0.999993       278962    145635.56
     183.935     0.999994       278962    163840.00
     183.935     0.999995       278962    187245.71
     183.935     0.999995       278962    218453.33
     183.935     0.999996       278962    262144.00
     197.631     0.999997       278963    291271.11
     197.631     1.000000       278963          inf
#[Mean    =       16.597, StdDeviation   =       12.747]
#[Max     =      197.504, Total count    =       278963]
#[Buckets =           27, SubBuckets     =         2048]
----------------------------------------------------------
  416381 requests in 30.00s, 171.91MB read
Requests/sec:  13879.51
Transfer/sec:      5.73MB
