Using argument nginx
using  args: threads=8 and connections=512 and duration=30 and requests=15000
Running 30s test @ http://10.10.1.6:5000
  8 threads and 512 connections
  Thread calibration: mean lat.: 4278.291ms, rate sampling interval: 12247ms
  Thread calibration: mean lat.: 3772.606ms, rate sampling interval: 11386ms
  Thread calibration: mean lat.: 4367.996ms, rate sampling interval: 11976ms
  Thread calibration: mean lat.: 4546.825ms, rate sampling interval: 12566ms
  Thread calibration: mean lat.: 4551.245ms, rate sampling interval: 12181ms
  Thread calibration: mean lat.: 4690.770ms, rate sampling interval: 12468ms
  Thread calibration: mean lat.: 4480.745ms, rate sampling interval: 12165ms
  Thread calibration: mean lat.: 4179.767ms, rate sampling interval: 12140ms
  Thread Stats   Avg      Stdev     99%   +/- Stdev
    Latency     1.85s     1.83s    6.23s    63.17%
    Req/Sec     2.47k    24.55     2.50k    75.00%
  Latency Distribution (HdrHistogram - Recorded Latency)
 50.000%    1.44s 
 75.000%    3.27s 
 90.000%    4.58s 
 99.000%    6.23s 
 99.900%    7.09s 
 99.990%    7.57s 
 99.999%    7.70s 
100.000%    7.75s 

  Detailed Percentile spectrum:
       Value   Percentile   TotalCount 1/(1-Percentile)

       0.321     0.000000            1         1.00
       7.055     0.100000        36802         1.11
      16.767     0.200000        73583         1.25
      64.703     0.300000       110359         1.43
     658.431     0.400000       147147         1.67
    1442.815     0.500000       183940         2.00
    1803.263     0.550000       202364         2.22
    2177.023     0.600000       220823         2.50
    2541.567     0.650000       239135         2.86
    2902.015     0.700000       257576         3.33
    3272.703     0.750000       275999         4.00
    3457.023     0.775000       285086         4.44
    3672.063     0.800000       294343         5.00
    3874.815     0.825000       303524         5.71
    4085.759     0.850000       312687         6.67
    4321.279     0.875000       322016         8.00
    4435.967     0.887500       326493         8.89
    4575.231     0.900000       331099        10.00
    4718.591     0.912500       335694        11.43
    4866.047     0.925000       340283        13.33
    5054.463     0.937500       344910        16.00
    5152.767     0.943750       347236        17.78
    5242.879     0.950000       349561        20.00
    5341.183     0.956250       351762        22.86
    5455.871     0.962500       354073        26.67
    5574.655     0.968750       356361        32.00
    5648.383     0.971875       357513        35.56
    5718.015     0.975000       358659        40.00
    5804.031     0.978125       359813        45.71
    5902.335     0.981250       360983        53.33
    5992.447     0.984375       362133        64.00
    6045.695     0.985938       362683        71.11
    6107.135     0.987500       363274        80.00
    6184.959     0.989062       363842        91.43
    6254.591     0.990625       364416       106.67
    6336.511     0.992188       364989       128.00
    6381.567     0.992969       365268       142.22
    6426.623     0.993750       365574       160.00
    6475.775     0.994531       365853       182.86
    6537.215     0.995313       366128       213.33
    6615.039     0.996094       366433       256.00
    6647.807     0.996484       366570       284.44
    6684.671     0.996875       366704       320.00
    6733.823     0.997266       366849       365.71
    6778.879     0.997656       366999       426.67
    6840.319     0.998047       367134       512.00
    6877.183     0.998242       367210       568.89
    6922.239     0.998437       367278       640.00
    6987.775     0.998633       367352       731.43
    7053.311     0.998828       367422       853.33
    7098.367     0.999023       367495      1024.00
    7122.943     0.999121       367531      1137.78
    7147.519     0.999219       367565      1280.00
    7184.383     0.999316       367603      1462.86
    7233.535     0.999414       367639      1706.67
    7274.495     0.999512       367675      2048.00
    7307.263     0.999561       367694      2275.56
    7335.935     0.999609       367712      2560.00
    7352.319     0.999658       367727      2925.71
    7376.895     0.999707       367745      3413.33
    7405.567     0.999756       367763      4096.00
    7430.143     0.999780       367773      4551.11
    7450.623     0.999805       367781      5120.00
    7479.295     0.999829       367790      5851.43
    7507.967     0.999854       367801      6826.67
    7532.543     0.999878       367808      8192.00
    7544.831     0.999890       367813      9102.22
    7569.407     0.999902       367818     10240.00
    7581.695     0.999915       367822     11702.86
    7614.463     0.999927       367826     13653.33
    7626.751     0.999939       367830     16384.00
    7634.943     0.999945       367832     18204.44
    7651.327     0.999951       367836     20480.00
    7655.423     0.999957       367837     23405.71
    7663.615     0.999963       367839     27306.67
    7679.999     0.999969       367842     32768.00
    7679.999     0.999973       367842     36408.89
    7692.287     0.999976       367846     40960.00
    7692.287     0.999979       367846     46811.43
    7692.287     0.999982       367846     54613.33
    7696.383     0.999985       367847     65536.00
    7696.383     0.999986       367847     72817.78
    7700.479     0.999988       367849     81920.00
    7700.479     0.999989       367849     93622.86
    7700.479     0.999991       367849    109226.67
    7716.863     0.999992       367850    131072.00
    7716.863     0.999993       367850    145635.56
    7716.863     0.999994       367850    163840.00
    7725.055     0.999995       367851    187245.71
    7725.055     0.999995       367851    218453.33
    7725.055     0.999996       367851    262144.00
    7725.055     0.999997       367851    291271.11
    7725.055     0.999997       367851    327680.00
    7745.535     0.999997       367852    374491.43
    7745.535     1.000000       367852          inf
#[Mean    =     1847.270, StdDeviation   =     1834.954]
#[Max     =     7741.440, Total count    =       367852]
#[Buckets =           27, SubBuckets     =         2048]
----------------------------------------------------------
  447700 requests in 30.00s, 185.39MB read
Requests/sec:  14924.28
Transfer/sec:      6.18MB
