Using argument nginx
using  args: threads=4 and connections=512 and duration=30 and requests=1000
Running 30s test @ http://10.10.1.6:5000
  4 threads and 512 connections
  Thread calibration: mean lat.: 1.791ms, rate sampling interval: 10ms
  Thread calibration: mean lat.: 1.816ms, rate sampling interval: 10ms
  Thread calibration: mean lat.: 1.821ms, rate sampling interval: 10ms
  Thread calibration: mean lat.: 1.798ms, rate sampling interval: 10ms
  Thread Stats   Avg      Stdev     99%   +/- Stdev
    Latency     1.79ms    1.03ms   4.92ms   75.60%
    Req/Sec   263.55    164.82   700.00     74.99%
  Latency Distribution (HdrHistogram - Recorded Latency)
 50.000%    1.45ms
 75.000%    2.44ms
 90.000%    3.27ms
 99.000%    4.92ms
 99.900%    6.03ms
 99.990%    6.91ms
 99.999%   15.07ms
100.000%   15.07ms

  Detailed Percentile spectrum:
       Value   Percentile   TotalCount 1/(1-Percentile)

       0.336     0.000000            1         1.00
       0.782     0.100000         1989         1.11
       0.889     0.200000         3981         1.25
       1.101     0.300000         5973         1.43
       1.323     0.400000         7953         1.67
       1.446     0.500000         9956         2.00
       1.510     0.550000        10939         2.22
       1.598     0.600000        11929         2.50
       1.768     0.650000        12921         2.86
       2.201     0.700000        13918         3.33
       2.443     0.750000        14907         4.00
       2.553     0.775000        15407         4.44
       2.669     0.800000        15901         5.00
       2.793     0.825000        16405         5.71
       2.913     0.850000        16899         6.67
       3.075     0.875000        17396         8.00
       3.169     0.887500        17644         8.89
       3.269     0.900000        17889        10.00
       3.375     0.912500        18138        11.43
       3.497     0.925000        18387        13.33
       3.647     0.937500        18634        16.00
       3.741     0.943750        18760        17.78
       3.837     0.950000        18886        20.00
       3.959     0.956250        19012        22.86
       4.069     0.962500        19136        26.67
       4.203     0.968750        19258        32.00
       4.287     0.971875        19323        35.56
       4.375     0.975000        19382        40.00
       4.451     0.978125        19442        45.71
       4.563     0.981250        19506        53.33
       4.679     0.984375        19567        64.00
       4.739     0.985938        19597        71.11
       4.807     0.987500        19628        80.00
       4.867     0.989062        19659        91.43
       4.967     0.990625        19690       106.67
       5.043     0.992188        19721       128.00
       5.131     0.992969        19738       142.22
       5.159     0.993750        19752       160.00
       5.223     0.994531        19769       182.86
       5.331     0.995313        19783       213.33
       5.435     0.996094        19800       256.00
       5.455     0.996484        19807       284.44
       5.515     0.996875        19814       320.00
       5.591     0.997266        19822       365.71
       5.631     0.997656        19830       426.67
       5.747     0.998047        19838       512.00
       5.819     0.998242        19842       568.89
       5.851     0.998437        19845       640.00
       5.871     0.998633        19849       731.43
       5.959     0.998828        19853       853.33
       6.047     0.999023        19857      1024.00
       6.087     0.999121        19859      1137.78
       6.147     0.999219        19861      1280.00
       6.207     0.999316        19863      1462.86
       6.263     0.999414        19865      1706.67
       6.367     0.999512        19867      2048.00
       6.375     0.999561        19868      2275.56
       6.391     0.999609        19869      2560.00
       6.507     0.999658        19870      2925.71
       6.639     0.999707        19871      3413.33
       6.699     0.999756        19872      4096.00
       6.699     0.999780        19872      4551.11
       6.819     0.999805        19873      5120.00
       6.819     0.999829        19873      5851.43
       6.907     0.999854        19874      6826.67
       6.907     0.999878        19874      8192.00
       6.907     0.999890        19874      9102.22
       7.795     0.999902        19875     10240.00
       7.795     0.999915        19875     11702.86
       7.795     0.999927        19875     13653.33
       7.795     0.999939        19875     16384.00
       7.795     0.999945        19875     18204.44
      15.071     0.999951        19876     20480.00
      15.071     1.000000        19876          inf
#[Mean    =        1.788, StdDeviation   =        1.027]
#[Max     =       15.064, Total count    =        19876]
#[Buckets =           27, SubBuckets     =         2048]
----------------------------------------------------------
  29636 requests in 30.01s, 12.31MB read
  Socket errors: connect 0, read 0, write 0, timeout 148
Requests/sec:    987.66
Transfer/sec:    420.25KB
