Using argument nginx
using  args: threads=4 and connections=512 and duration=30 and requests=2000
Running 30s test @ http://10.10.1.6:5000
  4 threads and 512 connections
  Thread calibration: mean lat.: 1.767ms, rate sampling interval: 10ms
  Thread calibration: mean lat.: 1.790ms, rate sampling interval: 10ms
  Thread calibration: mean lat.: 1.763ms, rate sampling interval: 10ms
  Thread calibration: mean lat.: 1.773ms, rate sampling interval: 10ms
  Thread Stats   Avg      Stdev     99%   +/- Stdev
    Latency     1.77ms    1.03ms   4.92ms   75.64%
    Req/Sec   526.59    238.26     1.20k    69.41%
  Latency Distribution (HdrHistogram - Recorded Latency)
 50.000%    1.43ms
 75.000%    2.39ms
 90.000%    3.22ms
 99.000%    4.92ms
 99.900%    5.97ms
 99.990%    8.03ms
 99.999%   16.72ms
100.000%   16.72ms

  Detailed Percentile spectrum:
       Value   Percentile   TotalCount 1/(1-Percentile)

       0.359     0.000000            1         1.00
       0.751     0.100000         4024         1.11
       0.842     0.200000         7956         1.25
       1.096     0.300000        11924         1.43
       1.315     0.400000        15878         1.67
       1.428     0.500000        19853         2.00
       1.490     0.550000        21840         2.22
       1.579     0.600000        23833         2.50
       1.807     0.650000        25803         2.86
       2.193     0.700000        27797         3.33
       2.393     0.750000        29773         4.00
       2.493     0.775000        30771         4.44
       2.607     0.800000        31759         5.00
       2.729     0.825000        32766         5.71
       2.871     0.850000        33746         6.67
       3.029     0.875000        34736         8.00
       3.121     0.887500        35229         8.89
       3.221     0.900000        35730        10.00
       3.343     0.912500        36227        11.43
       3.473     0.925000        36719        13.33
       3.631     0.937500        37225        16.00
       3.723     0.943750        37464        17.78
       3.815     0.950000        37713        20.00
       3.929     0.956250        37960        22.86
       4.049     0.962500        38208        26.67
       4.199     0.968750        38454        32.00
       4.283     0.971875        38581        35.56
       4.371     0.975000        38709        40.00
       4.455     0.978125        38826        45.71
       4.563     0.981250        38953        53.33
       4.691     0.984375        39078        64.00
       4.747     0.985938        39138        71.11
       4.799     0.987500        39199        80.00
       4.871     0.989062        39260        91.43
       4.963     0.990625        39323       106.67
       5.063     0.992188        39384       128.00
       5.119     0.992969        39417       142.22
       5.143     0.993750        39448       160.00
       5.203     0.994531        39478       182.86
       5.263     0.995313        39508       213.33
       5.355     0.996094        39539       256.00
       5.395     0.996484        39555       284.44
       5.431     0.996875        39573       320.00
       5.503     0.997266        39587       365.71
       5.575     0.997656        39601       426.67
       5.691     0.998047        39618       512.00
       5.743     0.998242        39626       568.89
       5.799     0.998437        39632       640.00
       5.871     0.998633        39640       731.43
       5.943     0.998828        39649       853.33
       6.015     0.999023        39657      1024.00
       6.055     0.999121        39660      1137.78
       6.107     0.999219        39663      1280.00
       6.199     0.999316        39667      1462.86
       6.251     0.999414        39671      1706.67
       6.379     0.999512        39675      2048.00
       6.423     0.999561        39677      2275.56
       6.547     0.999609        39679      2560.00
       6.643     0.999658        39681      2925.71
       6.843     0.999707        39683      3413.33
       7.083     0.999756        39685      4096.00
       7.099     0.999780        39686      4551.11
       7.259     0.999805        39687      5120.00
       7.263     0.999829        39688      5851.43
       7.999     0.999854        39689      6826.67
       8.031     0.999878        39690      8192.00
       8.031     0.999890        39690      9102.22
       8.179     0.999902        39691     10240.00
       8.179     0.999915        39691     11702.86
      15.871     0.999927        39692     13653.33
      15.871     0.999939        39692     16384.00
      15.871     0.999945        39692     18204.44
      16.431     0.999951        39693     20480.00
      16.431     0.999957        39693     23405.71
      16.431     0.999963        39693     27306.67
      16.431     0.999969        39693     32768.00
      16.431     0.999973        39693     36408.89
      16.719     0.999976        39694     40960.00
      16.719     1.000000        39694          inf
#[Mean    =        1.766, StdDeviation   =        1.028]
#[Max     =       16.704, Total count    =        39694]
#[Buckets =           27, SubBuckets     =         2048]
----------------------------------------------------------
  59195 requests in 30.01s, 24.59MB read
  Socket errors: connect 0, read 0, write 0, timeout 8
Requests/sec:   1972.83
Transfer/sec:    839.06KB
