No argument supplied nginx
using  args: threads=4 and connections=512 and duration=30 and requests=3000
Running 30s test @ http://localhost:8080
  4 threads and 512 connections
  Thread calibration: mean lat.: 1742.894ms, rate sampling interval: 7970ms
  Thread calibration: mean lat.: 1975.929ms, rate sampling interval: 8019ms
  Thread calibration: mean lat.: 1720.773ms, rate sampling interval: 7819ms
  Thread calibration: mean lat.: 1765.773ms, rate sampling interval: 7905ms
  Thread Stats   Avg      Stdev     99%   +/- Stdev
    Latency     8.47s     4.10s   18.42s    67.61%
    Req/Sec   385.25      8.00   396.00     75.00%
  Latency Distribution (HdrHistogram - Recorded Latency)
 50.000%    8.26s 
 75.000%   11.29s 
 90.000%   13.93s 
 99.000%   18.42s 
 99.900%   20.87s 
 99.990%   22.32s 
 99.999%   22.54s 
100.000%   22.54s 

  Detailed Percentile spectrum:
       Value   Percentile   TotalCount 1/(1-Percentile)

      18.687     0.000000            1         1.00
    3342.335     0.100000         3068         1.11
    4927.487     0.200000         6143         1.25
    6090.751     0.300000         9205         1.43
    7143.423     0.400000        12273         1.67
    8257.535     0.500000        15334         2.00
    8830.975     0.550000        16870         2.22
    9420.799     0.600000        18412         2.50
   10027.007     0.650000        19941         2.86
   10633.215     0.700000        21474         3.33
   11288.575     0.750000        23016         4.00
   11649.023     0.775000        23774         4.44
   12034.047     0.800000        24541         5.00
   12435.455     0.825000        25302         5.71
   12886.015     0.850000        26077         6.67
   13385.727     0.875000        26838         8.00
   13647.871     0.887500        27221         8.89
   13934.591     0.900000        27608        10.00
   14262.271     0.912500        27988        11.43
   14622.719     0.925000        28375        13.33
   15015.935     0.937500        28753        16.00
   15196.159     0.943750        28948        17.78
   15425.535     0.950000        29133        20.00
   15679.487     0.956250        29330        22.86
   16007.167     0.962500        29518        26.67
   16343.039     0.968750        29708        32.00
   16539.647     0.971875        29803        35.56
   16793.599     0.975000        29907        40.00
   17022.975     0.978125        29996        45.71
   17317.887     0.981250        30093        53.33
   17661.951     0.984375        30191        64.00
   17809.407     0.985938        30238        71.11
   18087.935     0.987500        30285        80.00
   18300.927     0.989062        30336        91.43
   18513.919     0.990625        30379       106.67
   18776.063     0.992188        30426       128.00
   18907.135     0.992969        30450       142.22
   19070.975     0.993750        30474       160.00
   19283.967     0.994531        30502       182.86
   19464.191     0.995313        30528       213.33
   19644.415     0.996094        30546       256.00
   19759.103     0.996484        30559       284.44
   19906.559     0.996875        30570       320.00
   20054.015     0.997266        30582       365.71
   20217.855     0.997656        30595       426.67
   20381.695     0.998047        30606       512.00
   20496.383     0.998242        30612       568.89
   20627.455     0.998437        30618       640.00
   20676.607     0.998633        30624       731.43
   20791.295     0.998828        30630       853.33
   20889.599     0.999023        30636      1024.00
   21020.671     0.999121        30640      1137.78
   21069.823     0.999219        30642      1280.00
   21086.207     0.999316        30645      1462.86
   21250.047     0.999414        30648      1706.67
   21299.199     0.999512        30651      2048.00
   21348.351     0.999561        30653      2275.56
   21446.655     0.999609        30654      2560.00
   21479.423     0.999658        30655      2925.71
   21692.415     0.999707        30657      3413.33
   21823.487     0.999756        30658      4096.00
   21856.255     0.999780        30659      4551.11
   21954.559     0.999805        30660      5120.00
   21954.559     0.999829        30660      5851.43
   22298.623     0.999854        30661      6826.67
   22315.007     0.999878        30664      8192.00
   22315.007     0.999890        30664      9102.22
   22315.007     0.999902        30664     10240.00
   22315.007     0.999915        30664     11702.86
   22315.007     0.999927        30664     13653.33
   22315.007     0.999939        30664     16384.00
   22315.007     0.999945        30664     18204.44
   22315.007     0.999951        30664     20480.00
   22315.007     0.999957        30664     23405.71
   22315.007     0.999963        30664     27306.67
   22544.383     0.999969        30665     32768.00
   22544.383     1.000000        30665          inf
#[Mean    =     8466.850, StdDeviation   =     4096.217]
#[Max     =    22528.000, Total count    =        30665]
#[Buckets =           27, SubBuckets     =         2048]
----------------------------------------------------------
  46926 requests in 30.02s, 400.19MB read
  Socket errors: connect 0, read 0, write 0, timeout 1
  Non-2xx or 3xx responses: 5
Requests/sec:   1563.32
Transfer/sec:     13.33MB
