No argument supplied nginx
using  args: threads=4 and connections=512 and duration=30 and requests=1000
Running 30s test @ http://localhost:8080
  4 threads and 512 connections
  Thread calibration: mean lat.: 3.627ms, rate sampling interval: 11ms
  Thread calibration: mean lat.: 3.612ms, rate sampling interval: 11ms
  Thread calibration: mean lat.: 3.653ms, rate sampling interval: 11ms
  Thread calibration: mean lat.: 3.591ms, rate sampling interval: 11ms
  Thread Stats   Avg      Stdev     99%   +/- Stdev
    Latency     3.95ms    1.72ms   7.44ms   58.00%
    Req/Sec   262.63    157.11   700.00     61.92%
  Latency Distribution (HdrHistogram - Recorded Latency)
 50.000%    4.47ms
 75.000%    5.26ms
 90.000%    5.87ms
 99.000%    7.44ms
 99.900%    9.05ms
 99.990%   11.16ms
 99.999%   35.65ms
100.000%   35.65ms

  Detailed Percentile spectrum:
       Value   Percentile   TotalCount 1/(1-Percentile)

       1.100     0.000000            1         1.00
       1.733     0.100000         1994         1.11
       1.970     0.200000         3990         1.25
       2.311     0.300000         5984         1.43
       3.541     0.400000         7976         1.67
       4.471     0.500000         9974         2.00
       4.687     0.550000        10969         2.22
       4.847     0.600000        11974         2.50
       4.987     0.650000        12970         2.86
       5.123     0.700000        13976         3.33
       5.263     0.750000        14956         4.00
       5.335     0.775000        15469         4.44
       5.411     0.800000        15952         5.00
       5.499     0.825000        16456         5.71
       5.599     0.850000        16944         6.67
       5.723     0.875000        17444         8.00
       5.795     0.887500        17701         8.89
       5.871     0.900000        17944        10.00
       5.951     0.912500        18195        11.43
       6.035     0.925000        18439        13.33
       6.147     0.937500        18693        16.00
       6.219     0.943750        18816        17.78
       6.291     0.950000        18941        20.00
       6.387     0.956250        19060        22.86
       6.495     0.962500        19187        26.67
       6.639     0.968750        19310        32.00
       6.715     0.971875        19376        35.56
       6.811     0.975000        19436        40.00
       6.911     0.978125        19496        45.71
       7.007     0.981250        19559        53.33
       7.135     0.984375        19623        64.00
       7.231     0.985938        19654        71.11
       7.299     0.987500        19683        80.00
       7.399     0.989062        19716        91.43
       7.471     0.990625        19747       106.67
       7.583     0.992188        19777       128.00
       7.651     0.992969        19792       142.22
       7.735     0.993750        19808       160.00
       7.879     0.994531        19823       182.86
       7.999     0.995313        19839       213.33
       8.139     0.996094        19856       256.00
       8.255     0.996484        19865       284.44
       8.335     0.996875        19870       320.00
       8.503     0.997266        19878       365.71
       8.663     0.997656        19886       426.67
       8.727     0.998047        19894       512.00
       8.783     0.998242        19897       568.89
       8.855     0.998437        19901       640.00
       8.951     0.998633        19905       731.43
       8.991     0.998828        19909       853.33
       9.055     0.999023        19913      1024.00
       9.231     0.999121        19915      1137.78
       9.295     0.999219        19917      1280.00
       9.479     0.999316        19919      1462.86
       9.647     0.999414        19921      1706.67
       9.863     0.999512        19923      2048.00
       9.871     0.999561        19924      2275.56
       9.951     0.999609        19925      2560.00
      10.111     0.999658        19927      2925.71
      10.111     0.999707        19927      3413.33
      10.183     0.999756        19928      4096.00
      10.183     0.999780        19928      4551.11
      10.311     0.999805        19929      5120.00
      10.311     0.999829        19929      5851.43
      11.159     0.999854        19930      6826.67
      11.159     0.999878        19930      8192.00
      11.159     0.999890        19930      9102.22
      35.551     0.999902        19931     10240.00
      35.551     0.999915        19931     11702.86
      35.551     0.999927        19931     13653.33
      35.551     0.999939        19931     16384.00
      35.551     0.999945        19931     18204.44
      35.647     0.999951        19932     20480.00
      35.647     1.000000        19932          inf
#[Mean    =        3.946, StdDeviation   =        1.717]
#[Max     =       35.616, Total count    =        19932]
#[Buckets =           27, SubBuckets     =         2048]
----------------------------------------------------------
  29900 requests in 30.00s, 186.75MB read
  Socket errors: connect 0, read 0, write 0, timeout 132
Requests/sec:    996.59
Transfer/sec:      6.22MB
