No argument supplied nginx
using  args: threads=4 and connections=512 and duration=30 and requests=2000
Running 30s test @ http://localhost:8080
  4 threads and 512 connections
  Thread calibration: mean lat.: 4.079ms, rate sampling interval: 11ms
  Thread calibration: mean lat.: 4.043ms, rate sampling interval: 11ms
  Thread calibration: mean lat.: 4.069ms, rate sampling interval: 12ms
  Thread calibration: mean lat.: 4.108ms, rate sampling interval: 12ms
  Thread Stats   Avg      Stdev     99%   +/- Stdev
    Latency     4.31ms    1.92ms   9.02ms   65.73%
    Req/Sec   522.29    218.43     1.10k    68.00%
  Latency Distribution (HdrHistogram - Recorded Latency)
 50.000%    4.72ms
 75.000%    5.40ms
 90.000%    6.18ms
 99.000%    9.02ms
 99.900%   18.22ms
 99.990%   33.85ms
 99.999%   37.53ms
100.000%   37.53ms

  Detailed Percentile spectrum:
       Value   Percentile   TotalCount 1/(1-Percentile)

       1.150     0.000000            1         1.00
       1.825     0.100000         3979         1.11
       2.079     0.200000         7962         1.25
       3.299     0.300000        11909         1.43
       4.239     0.400000        15878         1.67
       4.719     0.500000        19878         2.00
       4.863     0.550000        21845         2.22
       4.995     0.600000        23854         2.50
       5.123     0.650000        25844         2.86
       5.251     0.700000        27790         3.33
       5.399     0.750000        29812         4.00
       5.483     0.775000        30794         4.44
       5.579     0.800000        31782         5.00
       5.687     0.825000        32771         5.71
       5.815     0.850000        33744         6.67
       5.975     0.875000        34740         8.00
       6.067     0.887500        35229         8.89
       6.175     0.900000        35721        10.00
       6.319     0.912500        36219        11.43
       6.471     0.925000        36716        13.33
       6.679     0.937500        37205        16.00
       6.799     0.943750        37459        17.78
       6.939     0.950000        37707        20.00
       7.095     0.956250        37951        22.86
       7.279     0.962500        38201        26.67
       7.491     0.968750        38445        32.00
       7.619     0.971875        38571        35.56
       7.763     0.975000        38698        40.00
       7.899     0.978125        38817        45.71
       8.115     0.981250        38941        53.33
       8.359     0.984375        39068        64.00
       8.463     0.985938        39129        71.11
       8.623     0.987500        39189        80.00
       8.895     0.989062        39252        91.43
       9.143     0.990625        39313       106.67
       9.431     0.992188        39376       128.00
       9.639     0.992969        39406       142.22
       9.823     0.993750        39437       160.00
      10.031     0.994531        39468       182.86
      10.351     0.995313        39499       213.33
      10.967     0.996094        39530       256.00
      11.143     0.996484        39546       284.44
      11.447     0.996875        39561       320.00
      12.007     0.997266        39577       365.71
      12.679     0.997656        39592       426.67
      13.527     0.998047        39608       512.00
      14.007     0.998242        39616       568.89
      14.447     0.998437        39623       640.00
      16.311     0.998633        39631       731.43
      17.215     0.998828        39639       853.33
      18.527     0.999023        39647      1024.00
      18.847     0.999121        39651      1137.78
      19.823     0.999219        39654      1280.00
      22.095     0.999316        39658      1462.86
      24.111     0.999414        39662      1706.67
      25.119     0.999512        39666      2048.00
      25.663     0.999561        39668      2275.56
      26.351     0.999609        39670      2560.00
      26.783     0.999658        39672      2925.71
      27.231     0.999707        39674      3413.33
      28.719     0.999756        39676      4096.00
      29.727     0.999780        39677      4551.11
      29.935     0.999805        39678      5120.00
      30.191     0.999829        39679      5851.43
      33.407     0.999854        39680      6826.67
      33.855     0.999878        39681      8192.00
      33.855     0.999890        39681      9102.22
      34.079     0.999902        39683     10240.00
      34.079     0.999915        39683     11702.86
      34.079     0.999927        39683     13653.33
      34.079     0.999939        39683     16384.00
      34.079     0.999945        39683     18204.44
      35.263     0.999951        39684     20480.00
      35.263     0.999957        39684     23405.71
      35.263     0.999963        39684     27306.67
      35.263     0.999969        39684     32768.00
      35.263     0.999973        39684     36408.89
      37.535     0.999976        39685     40960.00
      37.535     1.000000        39685          inf
#[Mean    =        4.313, StdDeviation   =        1.921]
#[Max     =       37.504, Total count    =        39685]
#[Buckets =           27, SubBuckets     =         2048]
----------------------------------------------------------
  59181 requests in 30.00s, 465.53MB read
  Socket errors: connect 0, read 0, write 0, timeout 8
Requests/sec:   1972.45
Transfer/sec:     15.52MB
