No argument supplied nginx
using  args: threads=4 and connections=512 and duration=30 and requests=3000
Running 30s test @ http://localhost:8080
  4 threads and 512 connections
  Thread calibration: mean lat.: 2091.659ms, rate sampling interval: 9617ms
  Thread calibration: mean lat.: 2146.233ms, rate sampling interval: 10018ms
  Thread calibration: mean lat.: 2162.478ms, rate sampling interval: 9887ms
  Thread calibration: mean lat.: 2226.714ms, rate sampling interval: 10027ms
  Thread Stats   Avg      Stdev     99%   +/- Stdev
    Latency     9.50s     3.40s   17.14s    64.36%
    Req/Sec   386.33      5.76   397.00     66.67%
  Latency Distribution (HdrHistogram - Recorded Latency)
 50.000%    9.36s 
 75.000%   12.02s 
 90.000%   14.10s 
 99.000%   17.14s 
 99.900%   18.81s 
 99.990%   20.02s 
 99.999%   20.35s 
100.000%   20.35s 

  Detailed Percentile spectrum:
       Value   Percentile   TotalCount 1/(1-Percentile)

    1226.751     0.000000            1         1.00
    5087.231     0.100000         3071         1.11
    6348.799     0.200000         6139         1.25
    7417.855     0.300000         9223         1.43
    8388.607     0.400000        12284         1.67
    9363.455     0.500000        15353         2.00
    9854.975     0.550000        16906         2.22
   10371.071     0.600000        18435         2.50
   10911.743     0.650000        19969         2.86
   11468.799     0.700000        21503         3.33
   12017.663     0.750000        23022         4.00
   12312.575     0.775000        23801         4.44
   12607.487     0.800000        24561         5.00
   12926.975     0.825000        25331         5.71
   13279.231     0.850000        26092         6.67
   13672.447     0.875000        26860         8.00
   13877.247     0.887500        27246         8.89
   14098.431     0.900000        27638        10.00
   14319.615     0.912500        28018        11.43
   14565.375     0.925000        28395        13.33
   14868.479     0.937500        28778        16.00
   15048.703     0.943750        28980        17.78
   15212.543     0.950000        29161        20.00
   15409.151     0.956250        29355        22.86
   15613.951     0.962500        29543        26.67
   15867.903     0.968750        29737        32.00
   15990.783     0.971875        29839        35.56
   16130.047     0.975000        29930        40.00
   16293.887     0.978125        30027        45.71
   16482.303     0.981250        30120        53.33
   16670.719     0.984375        30216        64.00
   16769.023     0.985938        30264        71.11
   16891.903     0.987500        30318        80.00
   17055.743     0.989062        30360        91.43
   17203.199     0.990625        30408       106.67
   17448.959     0.992188        30457       128.00
   17563.647     0.992969        30480       142.22
   17678.335     0.993750        30506       160.00
   17809.407     0.994531        30528       182.86
   17907.711     0.995313        30552       213.33
   18071.551     0.996094        30575       256.00
   18137.087     0.996484        30588       284.44
   18186.239     0.996875        30604       320.00
   18235.391     0.997266        30612       365.71
   18333.695     0.997656        30626       426.67
   18481.151     0.998047        30636       512.00
   18530.303     0.998242        30641       568.89
   18628.607     0.998437        30648       640.00
   18661.375     0.998633        30653       731.43
   18710.527     0.998828        30659       853.33
   18857.983     0.999023        30665      1024.00
   18890.751     0.999121        30668      1137.78
   19021.823     0.999219        30671      1280.00
   19103.743     0.999316        30674      1462.86
   19202.047     0.999414        30677      1706.67
   19267.583     0.999512        30681      2048.00
   19267.583     0.999561        30681      2275.56
   19677.183     0.999609        30683      2560.00
   19693.567     0.999658        30684      2925.71
   19824.639     0.999707        30686      3413.33
   19857.407     0.999756        30689      4096.00
   19857.407     0.999780        30689      4551.11
   19857.407     0.999805        30689      5120.00
   19857.407     0.999829        30689      5851.43
   19906.559     0.999854        30690      6826.67
   20021.247     0.999878        30691      8192.00
   20021.247     0.999890        30691      9102.22
   20054.015     0.999902        30692     10240.00
   20054.015     0.999915        30692     11702.86
   20054.015     0.999927        30692     13653.33
   20168.703     0.999939        30693     16384.00
   20168.703     0.999945        30693     18204.44
   20168.703     0.999951        30693     20480.00
   20168.703     0.999957        30693     23405.71
   20168.703     0.999963        30693     27306.67
   20348.927     0.999969        30694     32768.00
   20348.927     1.000000        30694          inf
#[Mean    =     9500.488, StdDeviation   =     3396.318]
#[Max     =    20332.544, Total count    =        30694]
#[Buckets =           27, SubBuckets     =         2048]
----------------------------------------------------------
  46097 requests in 30.02s, 384.89MB read
  Non-2xx or 3xx responses: 808
Requests/sec:   1535.36
Transfer/sec:     12.82MB
