Running 30s test @ http://128.110.219.70:8080/wrk2-api/review/compose
  2 threads and 4 connections
  Thread calibration: mean lat.: 2.752ms, rate sampling interval: 10ms
  Thread calibration: mean lat.: 2.712ms, rate sampling interval: 10ms
  Thread Stats   Avg      Stdev     99%   +/- Stdev
    Latency     2.63ms  633.60us   5.10ms   89.58%
    Req/Sec   105.30    104.28   400.00     48.84%
  Latency Distribution (HdrHistogram - Recorded Latency)
 50.000%    2.47ms
 75.000%    2.73ms
 90.000%    3.15ms
 99.000%    5.10ms
 99.900%    6.93ms
 99.990%    8.18ms
 99.999%    8.18ms
100.000%    8.18ms

  Detailed Percentile spectrum:
       Value   Percentile   TotalCount 1/(1-Percentile)

       1.839     0.000000            1         1.00
       2.145     0.100000          401         1.11
       2.233     0.200000          806         1.25
       2.315     0.300000         1206         1.43
       2.391     0.400000         1598         1.67
       2.467     0.500000         2001         2.00
       2.511     0.550000         2207         2.22
       2.553     0.600000         2402         2.50
       2.603     0.650000         2595         2.86
       2.663     0.700000         2797         3.33
       2.733     0.750000         2996         4.00
       2.767     0.775000         3094         4.44
       2.805     0.800000         3196         5.00
       2.855     0.825000         3297         5.71
       2.921     0.850000         3395         6.67
       3.029     0.875000         3495         8.00
       3.097     0.887500         3543         8.89
       3.149     0.900000         3594        10.00
       3.269     0.912500         3643        11.43
       3.483     0.925000         3693        13.33
       3.785     0.937500         3743        16.00
       4.031     0.943750         3768        17.78
       4.167     0.950000         3793        20.00
       4.287     0.956250         3818        22.86
       4.419     0.962500         3843        26.67
       4.511     0.968750         3868        32.00
       4.579     0.971875         3880        35.56
       4.663     0.975000         3893        40.00
       4.719     0.978125         3905        45.71
       4.795     0.981250         3918        53.33
       4.835     0.984375         3930        64.00
       4.907     0.985938         3936        71.11
       5.003     0.987500         3943        80.00
       5.063     0.989062         3949        91.43
       5.135     0.990625         3956       106.67
       5.255     0.992188         3961       128.00
       5.327     0.992969         3964       142.22
       5.411     0.993750         3968       160.00
       5.507     0.994531         3971       182.86
       5.567     0.995313         3974       213.33
       5.863     0.996094         3977       256.00
       5.871     0.996484         3978       284.44
       6.195     0.996875         3981       320.00
       6.383     0.997266         3982       365.71
       6.411     0.997656         3983       426.67
       6.547     0.998047         3985       512.00
       6.547     0.998242         3985       568.89
       6.719     0.998437         3986       640.00
       6.903     0.998633         3987       731.43
       6.927     0.998828         3988       853.33
       6.947     0.999023         3989      1024.00
       6.947     0.999121         3989      1137.78
       6.947     0.999219         3989      1280.00
       7.143     0.999316         3990      1462.86
       7.143     0.999414         3990      1706.67
       7.343     0.999512         3991      2048.00
       7.343     0.999561         3991      2275.56
       7.343     0.999609         3991      2560.00
       7.343     0.999658         3991      2925.71
       7.343     0.999707         3991      3413.33
       8.179     0.999756         3992      4096.00
       8.179     1.000000         3992          inf
#[Mean    =        2.629, StdDeviation   =        0.634]
#[Max     =        8.176, Total count    =         3992]
#[Buckets =           27, SubBuckets     =         2048]
----------------------------------------------------------
  5994 requests in 30.00s, 1.05MB read
Requests/sec:    199.78
Transfer/sec:     35.90KB
