Running 30s test @ http://128.110.219.70:5000
  2 threads and 4 connections
  Thread calibration: mean lat.: 2.283ms, rate sampling interval: 10ms
  Thread calibration: mean lat.: 2.380ms, rate sampling interval: 10ms
  Thread Stats   Avg      Stdev     99%   +/- Stdev
    Latency     2.28ms    1.05ms   5.28ms   73.10%
    Req/Sec   105.28    104.89   444.00     85.15%
  Latency Distribution (HdrHistogram - Recorded Latency)
 50.000%    2.03ms
 75.000%    2.92ms
 90.000%    3.65ms
 99.000%    5.28ms
 99.900%    7.03ms
 99.990%   20.42ms
 99.999%   20.42ms
100.000%   20.42ms

  Detailed Percentile spectrum:
       Value   Percentile   TotalCount 1/(1-Percentile)

       0.452     0.000000            1         1.00
       1.187     0.100000          403         1.11
       1.416     0.200000          801         1.25
       1.617     0.300000         1200         1.43
       1.808     0.400000         1597         1.67
       2.028     0.500000         1996         2.00
       2.167     0.550000         2197         2.22
       2.335     0.600000         2398         2.50
       2.509     0.650000         2597         2.86
       2.721     0.700000         2796         3.33
       2.919     0.750000         2996         4.00
       3.013     0.775000         3095         4.44
       3.117     0.800000         3195         5.00
       3.227     0.825000         3294         5.71
       3.343     0.850000         3396         6.67
       3.475     0.875000         3493         8.00
       3.573     0.887500         3543         8.89
       3.647     0.900000         3594        10.00
       3.761     0.912500         3643        11.43
       3.865     0.925000         3695        13.33
       3.999     0.937500         3743        16.00
       4.095     0.943750         3768        17.78
       4.191     0.950000         3794        20.00
       4.255     0.956250         3819        22.86
       4.343     0.962500         3843        26.67
       4.471     0.968750         3868        32.00
       4.555     0.971875         3881        35.56
       4.639     0.975000         3893        40.00
       4.735     0.978125         3905        45.71
       4.879     0.981250         3918        53.33
       4.979     0.984375         3930        64.00
       5.063     0.985938         3936        71.11
       5.139     0.987500         3943        80.00
       5.247     0.989062         3949        91.43
       5.411     0.990625         3955       106.67
       5.651     0.992188         3961       128.00
       5.683     0.992969         3964       142.22
       5.727     0.993750         3968       160.00
       5.855     0.994531         3971       182.86
       5.991     0.995313         3974       213.33
       6.059     0.996094         3977       256.00
       6.115     0.996484         3978       284.44
       6.335     0.996875         3980       320.00
       6.463     0.997266         3982       365.71
       6.531     0.997656         3983       426.67
       6.903     0.998047         3985       512.00
       6.903     0.998242         3985       568.89
       6.979     0.998437         3986       640.00
       6.991     0.998633         3987       731.43
       7.035     0.998828         3988       853.33
       7.423     0.999023         3989      1024.00
       7.423     0.999121         3989      1137.78
       7.423     0.999219         3989      1280.00
       8.139     0.999316         3990      1462.86
       8.139     0.999414         3990      1706.67
       8.383     0.999512         3991      2048.00
       8.383     0.999561         3991      2275.56
       8.383     0.999609         3991      2560.00
       8.383     0.999658         3991      2925.71
       8.383     0.999707         3991      3413.33
      20.415     0.999756         3992      4096.00
      20.415     1.000000         3992          inf
#[Mean    =        2.284, StdDeviation   =        1.054]
#[Max     =       20.400, Total count    =         3992]
#[Buckets =           27, SubBuckets     =         2048]
----------------------------------------------------------
  5994 requests in 30.00s, 2.46MB read
Requests/sec:    199.77
Transfer/sec:     84.00KB
