Using argument nginx
using  args: threads=4 and connections=512 and duration=30 and requests=1000
Running 30s test @ http://10.10.1.2:8080/wrk2-api/user-timeline/read
  4 threads and 512 connections
  Thread calibration: mean lat.: 2.196ms, rate sampling interval: 10ms
  Thread calibration: mean lat.: 2.188ms, rate sampling interval: 10ms
  Thread calibration: mean lat.: 2.185ms, rate sampling interval: 10ms
  Thread calibration: mean lat.: 2.183ms, rate sampling interval: 10ms
  Thread Stats   Avg      Stdev     99%   +/- Stdev
    Latency     2.19ms  460.77us   3.90ms   88.32%
    Req/Sec   263.33    169.28   700.00     74.40%
  Latency Distribution (HdrHistogram - Recorded Latency)
 50.000%    2.08ms
 75.000%    2.33ms
 90.000%    2.68ms
 99.000%    3.90ms
 99.900%    5.83ms
 99.990%    9.26ms
 99.999%   13.52ms
100.000%   13.52ms

  Detailed Percentile spectrum:
       Value   Percentile   TotalCount 1/(1-Percentile)

       1.615     0.000000            1         1.00
       1.821     0.100000         2013         1.11
       1.878     0.200000         3989         1.25
       1.936     0.300000         5986         1.43
       1.999     0.400000         7959         1.67
       2.077     0.500000         9970         2.00
       2.117     0.550000        10952         2.22
       2.163     0.600000        11968         2.50
       2.209     0.650000        12935         2.86
       2.261     0.700000        13956         3.33
       2.325     0.750000        14945         4.00
       2.365     0.775000        15436         4.44
       2.411     0.800000        15925         5.00
       2.461     0.825000        16422         5.71
       2.519     0.850000        16914         6.67
       2.587     0.875000        17409         8.00
       2.627     0.887500        17654         8.89
       2.677     0.900000        17907        10.00
       2.727     0.912500        18157        11.43
       2.791     0.925000        18400        13.33
       2.865     0.937500        18647        16.00
       2.917     0.943750        18771        17.78
       2.979     0.950000        18901        20.00
       3.053     0.956250        19019        22.86
       3.141     0.962500        19145        26.67
       3.237     0.968750        19272        32.00
       3.295     0.971875        19331        35.56
       3.375     0.975000        19392        40.00
       3.445     0.978125        19456        45.71
       3.525     0.981250        19521        53.33
       3.631     0.984375        19579        64.00
       3.689     0.985938        19610        71.11
       3.753     0.987500        19641        80.00
       3.843     0.989062        19672        91.43
       3.927     0.990625        19704       106.67
       4.067     0.992188        19734       128.00
       4.135     0.992969        19750       142.22
       4.227     0.993750        19766       160.00
       4.375     0.994531        19781       182.86
       4.467     0.995313        19796       213.33
       4.583     0.996094        19812       256.00
       4.679     0.996484        19820       284.44
       4.791     0.996875        19827       320.00
       4.891     0.997266        19835       365.71
       5.015     0.997656        19843       426.67
       5.187     0.998047        19851       512.00
       5.219     0.998242        19855       568.89
       5.335     0.998437        19858       640.00
       5.571     0.998633        19862       731.43
       5.675     0.998828        19866       853.33
       5.883     0.999023        19870      1024.00
       6.039     0.999121        19872      1137.78
       6.067     0.999219        19874      1280.00
       6.179     0.999316        19876      1462.86
       6.447     0.999414        19878      1706.67
       6.775     0.999512        19880      2048.00
       7.291     0.999561        19881      2275.56
       7.543     0.999609        19882      2560.00
       7.567     0.999658        19883      2925.71
       7.751     0.999707        19884      3413.33
       7.879     0.999756        19885      4096.00
       7.879     0.999780        19885      4551.11
       8.735     0.999805        19886      5120.00
       8.735     0.999829        19886      5851.43
       9.263     0.999854        19887      6826.67
       9.263     0.999878        19887      8192.00
       9.263     0.999890        19887      9102.22
      12.535     0.999902        19888     10240.00
      12.535     0.999915        19888     11702.86
      12.535     0.999927        19888     13653.33
      12.535     0.999939        19888     16384.00
      12.535     0.999945        19888     18204.44
      13.519     0.999951        19889     20480.00
      13.519     1.000000        19889          inf
#[Mean    =        2.192, StdDeviation   =        0.461]
#[Max     =       13.512, Total count    =        19889]
#[Buckets =           27, SubBuckets     =         2048]
----------------------------------------------------------
  29408 requests in 30.01s, 5.16MB read
  Socket errors: connect 0, read 0, write 0, timeout 171
Requests/sec:    979.96
Transfer/sec:    176.09KB
