Using argument nginx
using  args: threads=4 and connections=512 and duration=30 and requests=3000
Running 30s test @ http://10.10.1.2:5000
  4 threads and 512 connections
  Thread calibration: mean lat.: 1014.506ms, rate sampling interval: 4587ms
  Thread calibration: mean lat.: 1003.310ms, rate sampling interval: 4452ms
  Thread calibration: mean lat.: 1005.261ms, rate sampling interval: 4272ms
  Thread calibration: mean lat.: 992.789ms, rate sampling interval: 4542ms
  Thread Stats   Avg      Stdev     99%   +/- Stdev
    Latency     3.85s     1.99s    9.03s    66.54%
    Req/Sec   605.00     12.38   623.00     75.00%
  Latency Distribution (HdrHistogram - Recorded Latency)
 50.000%    3.67s 
 75.000%    5.16s 
 90.000%    6.54s 
 99.000%    9.03s 
 99.900%   10.79s 
 99.990%   11.74s 
 99.999%   12.74s 
100.000%   12.74s 

  Detailed Percentile spectrum:
       Value   Percentile   TotalCount 1/(1-Percentile)

       0.390     0.000000            1         1.00
    1361.919     0.100000         4799         1.11
    2046.975     0.200000         9597         1.25
    2633.727     0.300000        14398         1.43
    3168.255     0.400000        19190         1.67
    3665.919     0.500000        23978         2.00
    3936.255     0.550000        26392         2.22
    4222.975     0.600000        28811         2.50
    4513.791     0.650000        31208         2.86
    4820.991     0.700000        33596         3.33
    5160.959     0.750000        35990         4.00
    5345.279     0.775000        37173         4.44
    5545.983     0.800000        38389         5.00
    5763.071     0.825000        39581         5.71
    5996.543     0.850000        40782         6.67
    6246.399     0.875000        41970         8.00
    6389.759     0.887500        42576         8.89
    6537.215     0.900000        43161        10.00
    6709.247     0.912500        43776        11.43
    6901.759     0.925000        44360        13.33
    7135.231     0.937500        44963        16.00
    7266.303     0.943750        45266        17.78
    7413.759     0.950000        45562        20.00
    7561.215     0.956250        45862        22.86
    7729.151     0.962500        46160        26.67
    7917.567     0.968750        46460        32.00
    8028.159     0.971875        46608        35.56
    8155.135     0.975000        46758        40.00
    8290.303     0.978125        46907        45.71
    8437.759     0.981250        47062        53.33
    8601.599     0.984375        47207        64.00
    8699.903     0.985938        47285        71.11
    8814.591     0.987500        47357        80.00
    8945.663     0.989062        47432        91.43
    9060.351     0.990625        47508       106.67
    9215.999     0.992188        47582       128.00
    9322.495     0.992969        47623       142.22
    9412.607     0.993750        47660       160.00
    9535.487     0.994531        47694       182.86
    9666.559     0.995313        47736       213.33
    9822.207     0.996094        47770       256.00
    9879.551     0.996484        47788       284.44
    9986.047     0.996875        47808       320.00
   10092.543     0.997266        47825       365.71
   10207.231     0.997656        47845       426.67
   10297.343     0.998047        47863       512.00
   10346.495     0.998242        47872       568.89
   10444.799     0.998437        47882       640.00
   10518.527     0.998633        47891       731.43
   10682.367     0.998828        47900       853.33
   10805.247     0.999023        47910      1024.00
   10911.743     0.999121        47914      1137.78
   11067.391     0.999219        47919      1280.00
   11149.311     0.999316        47924      1462.86
   11231.231     0.999414        47928      1706.67
   11272.191     0.999512        47933      2048.00
   11296.767     0.999561        47935      2275.56
   11345.919     0.999609        47938      2560.00
   11378.687     0.999658        47940      2925.71
   11395.071     0.999707        47942      3413.33
   11427.839     0.999756        47946      4096.00
   11427.839     0.999780        47946      4551.11
   11452.415     0.999805        47947      5120.00
   11558.911     0.999829        47949      5851.43
   11558.911     0.999854        47949      6826.67
   11739.135     0.999878        47951      8192.00
   11739.135     0.999890        47951      9102.22
   11771.903     0.999902        47952     10240.00
   11771.903     0.999915        47952     11702.86
   11804.671     0.999927        47953     13653.33
   12075.007     0.999939        47954     16384.00
   12075.007     0.999945        47954     18204.44
   12075.007     0.999951        47954     20480.00
   12075.007     0.999957        47954     23405.71
   12091.391     0.999963        47955     27306.67
   12091.391     0.999969        47955     32768.00
   12091.391     0.999973        47955     36408.89
   12091.391     0.999976        47955     40960.00
   12091.391     0.999979        47955     46811.43
   12738.559     0.999982        47956     54613.33
   12738.559     1.000000        47956          inf
#[Mean    =     3848.943, StdDeviation   =     1992.391]
#[Max     =    12730.368, Total count    =        47956]
#[Buckets =           27, SubBuckets     =         2048]
----------------------------------------------------------
  71014 requests in 30.03s, 29.49MB read
  Socket errors: connect 0, read 0, write 0, timeout 1
Requests/sec:   2365.04
Transfer/sec:      0.98MB
