Using argument nginx
using  args: threads=4 and connections=512 and duration=30 and requests=5000
Running 30s test @ http://10.10.1.2:8080
  4 threads and 512 connections
  Thread calibration: mean lat.: 0.680ms, rate sampling interval: 10ms
  Thread calibration: mean lat.: 0.692ms, rate sampling interval: 10ms
  Thread calibration: mean lat.: 0.679ms, rate sampling interval: 10ms
  Thread calibration: mean lat.: 0.674ms, rate sampling interval: 10ms
  Thread Stats   Avg      Stdev     99%   +/- Stdev
    Latency   676.14us  688.51us   2.84ms   89.69%
    Req/Sec     1.32k   376.88     2.30k    67.11%
  Latency Distribution (HdrHistogram - Recorded Latency)
 50.000%  456.00us
 75.000%  637.00us
 90.000%    1.63ms
 99.000%    2.84ms
 99.900%    6.61ms
 99.990%   16.01ms
 99.999%   16.56ms
100.000%   16.66ms

  Detailed Percentile spectrum:
       Value   Percentile   TotalCount 1/(1-Percentile)

       0.256     0.000000            1         1.00
       0.358     0.100000        10196         1.11
       0.378     0.200000        20083         1.25
       0.396     0.300000        29953         1.43
       0.418     0.400000        40135         1.67
       0.456     0.500000        49984         2.00
       0.501     0.550000        54846         2.22
       0.556     0.600000        59858         2.50
       0.585     0.650000        64951         2.86
       0.609     0.700000        69842         3.33
       0.637     0.750000        74909         4.00
       0.654     0.775000        77396         4.44
       0.675     0.800000        79866         5.00
       0.701     0.825000        82325         5.71
       0.740     0.850000        84766         6.67
       0.818     0.875000        87265         8.00
       0.910     0.887500        88498         8.89
       1.631     0.900000        89741        10.00
       1.760     0.912500        90994        11.43
       1.855     0.925000        92245        13.33
       1.948     0.937500        93486        16.00
       1.998     0.943750        94107        17.78
       2.055     0.950000        94746        20.00
       2.117     0.956250        95358        22.86
       2.189     0.962500        95973        26.67
       2.273     0.968750        96609        32.00
       2.321     0.971875        96914        35.56
       2.375     0.975000        97222        40.00
       2.435     0.978125        97544        45.71
       2.505     0.981250        97850        53.33
       2.607     0.984375        98157        64.00
       2.655     0.985938        98309        71.11
       2.713     0.987500        98466        80.00
       2.785     0.989062        98623        91.43
       2.879     0.990625        98777       106.67
       2.983     0.992188        98934       128.00
       3.051     0.992969        99011       142.22
       3.127     0.993750        99089       160.00
       3.215     0.994531        99167       182.86
       3.343     0.995313        99244       213.33
       3.477     0.996094        99322       256.00
       3.575     0.996484        99361       284.44
       3.681     0.996875        99401       320.00
       3.815     0.997266        99439       365.71
       3.997     0.997656        99478       426.67
       4.287     0.998047        99517       512.00
       4.435     0.998242        99537       568.89
       4.707     0.998437        99556       640.00
       5.111     0.998633        99575       731.43
       5.839     0.998828        99595       853.33
       6.823     0.999023        99614      1024.00
       7.659     0.999121        99624      1137.78
       9.023     0.999219        99634      1280.00
      11.103     0.999316        99643      1462.86
      15.215     0.999414        99653      1706.67
      15.463     0.999512        99663      2048.00
      15.511     0.999561        99668      2275.56
      15.591     0.999609        99673      2560.00
      15.631     0.999658        99677      2925.71
      15.703     0.999707        99682      3413.33
      15.743     0.999756        99687      4096.00
      15.807     0.999780        99690      4551.11
      15.823     0.999805        99692      5120.00
      15.847     0.999829        99694      5851.43
      15.895     0.999854        99697      6826.67
      15.927     0.999878        99699      8192.00
      16.015     0.999890        99702      9102.22
      16.015     0.999902        99702     10240.00
      16.055     0.999915        99703     11702.86
      16.095     0.999927        99704     13653.33
      16.167     0.999939        99705     16384.00
      16.183     0.999945        99706     18204.44
      16.199     0.999951        99707     20480.00
      16.199     0.999957        99707     23405.71
      16.351     0.999963        99708     27306.67
      16.351     0.999969        99708     32768.00
      16.463     0.999973        99709     36408.89
      16.463     0.999976        99709     40960.00
      16.463     0.999979        99709     46811.43
      16.559     0.999982        99710     54613.33
      16.559     0.999985        99710     65536.00
      16.559     0.999986        99710     72817.78
      16.559     0.999988        99710     81920.00
      16.559     0.999989        99710     93622.86
      16.655     0.999991        99711    109226.67
      16.655     1.000000        99711          inf
#[Mean    =        0.676, StdDeviation   =        0.689]
#[Max     =       16.640, Total count    =        99711]
#[Buckets =           27, SubBuckets     =         2048]
----------------------------------------------------------
  148639 requests in 30.00s, 28.44MB read
Requests/sec:   4954.45
Transfer/sec:      0.95MB
