Using argument nginx
using  args: threads=4 and connections=512 and duration=30 and requests=5000
Running 30s test @ http://10.10.1.6:8080
  4 threads and 512 connections
  Thread calibration: mean lat.: 1234.036ms, rate sampling interval: 5836ms
  Thread calibration: mean lat.: 1480.573ms, rate sampling interval: 7208ms
  Thread calibration: mean lat.: 1162.230ms, rate sampling interval: 4935ms
  Thread calibration: mean lat.: 1283.437ms, rate sampling interval: 6619ms
  Thread Stats   Avg      Stdev     99%   +/- Stdev
    Latency     9.31s     5.62s   22.45s    61.66%
    Req/Sec   564.83     38.54   642.00     75.00%
  Latency Distribution (HdrHistogram - Recorded Latency)
 50.000%    9.36s 
 75.000%   12.89s 
 90.000%   17.27s 
 99.000%   22.45s 
 99.900%   24.66s 
 99.990%   26.85s 
 99.999%   27.21s 
100.000%   27.21s 

  Detailed Percentile spectrum:
       Value   Percentile   TotalCount 1/(1-Percentile)

       1.333     0.000000            1         1.00
    2134.015     0.100000         4491         1.11
    3454.975     0.200000         8980         1.25
    5283.839     0.300000        13474         1.43
    7548.927     0.400000        17966         1.67
    9363.455     0.500000        22468         2.00
   10149.887     0.550000        24708         2.22
   10870.783     0.600000        26957         2.50
   11517.951     0.650000        29186         2.86
   12132.351     0.700000        31431         3.33
   12886.015     0.750000        33678         4.00
   13418.495     0.775000        34814         4.44
   13975.551     0.800000        35931         5.00
   14737.407     0.825000        37049         5.71
   15507.455     0.850000        38171         6.67
   16375.807     0.875000        39288         8.00
   16793.599     0.887500        39869         8.89
   17268.735     0.900000        40416        10.00
   17743.871     0.912500        40982        11.43
   18382.847     0.925000        41534        13.33
   18808.831     0.937500        42096        16.00
   19070.975     0.943750        42388        17.78
   19415.039     0.950000        42668        20.00
   19709.951     0.956250        42949        22.86
   20070.399     0.962500        43218        26.67
   20447.231     0.968750        43497        32.00
   20627.455     0.971875        43644        35.56
   20856.831     0.975000        43777        40.00
   21135.359     0.978125        43921        45.71
   21381.119     0.981250        44060        53.33
   21725.183     0.984375        44198        64.00
   21905.407     0.985938        44273        71.11
   22102.015     0.987500        44342        80.00
   22347.775     0.989062        44413        91.43
   22626.303     0.990625        44480       106.67
   23003.135     0.992188        44554       128.00
   23101.439     0.992969        44588       142.22
   23298.047     0.993750        44619       160.00
   23461.887     0.994531        44655       182.86
   23560.191     0.995313        44691       213.33
   23625.727     0.996094        44724       256.00
   23691.263     0.996484        44744       284.44
   23724.031     0.996875        44760       320.00
   23773.183     0.997266        44778       365.71
   23822.335     0.997656        44795       426.67
   23953.407     0.998047        44813       512.00
   24051.711     0.998242        44821       568.89
   24346.623     0.998437        44831       640.00
   24379.391     0.998633        44838       731.43
   24461.311     0.998828        44848       853.33
   24674.303     0.999023        44856      1024.00
   24723.455     0.999121        44860      1137.78
   24772.607     0.999219        44864      1280.00
   24870.911     0.999316        44869      1462.86
   25051.135     0.999414        44874      1706.67
   25821.183     0.999512        44878      2048.00
   26083.327     0.999561        44880      2275.56
   26181.631     0.999609        44882      2560.00
   26230.783     0.999658        44884      2925.71
   26345.471     0.999707        44886      3413.33
   26591.231     0.999756        44889      4096.00
   26623.999     0.999780        44890      4551.11
   26640.383     0.999805        44891      5120.00
   26656.767     0.999829        44892      5851.43
   26673.151     0.999854        44893      6826.67
   26804.223     0.999878        44894      8192.00
   26853.375     0.999890        44895      9102.22
   26853.375     0.999902        44895     10240.00
   26918.911     0.999915        44896     11702.86
   26918.911     0.999927        44896     13653.33
   27066.367     0.999939        44898     16384.00
   27066.367     0.999945        44898     18204.44
   27066.367     0.999951        44898     20480.00
   27066.367     0.999957        44898     23405.71
   27066.367     0.999963        44898     27306.67
   27066.367     0.999969        44898     32768.00
   27066.367     0.999973        44898     36408.89
   27066.367     0.999976        44898     40960.00
   27213.823     0.999979        44899     46811.43
   27213.823     1.000000        44899          inf
#[Mean    =     9313.350, StdDeviation   =     5616.060]
#[Max     =    27197.440, Total count    =        44899]
#[Buckets =           27, SubBuckets     =         2048]
----------------------------------------------------------
  67780 requests in 30.00s, 642.86MB read
  Non-2xx or 3xx responses: 447
Requests/sec:   2259.36
Transfer/sec:     21.43MB
