Using argument nginx
using  args: threads=4 and connections=512 and duration=30 and requests=3000
Running 30s test @ http://10.10.1.6:8080
  4 threads and 512 connections
  Thread calibration: mean lat.: 3.170ms, rate sampling interval: 10ms
  Thread calibration: mean lat.: 3.155ms, rate sampling interval: 10ms
  Thread calibration: mean lat.: 3.155ms, rate sampling interval: 10ms
  Thread calibration: mean lat.: 3.139ms, rate sampling interval: 10ms
  Thread Stats   Avg      Stdev     99%   +/- Stdev
    Latency     3.28ms    1.60ms   7.41ms   66.00%
    Req/Sec   790.65    285.63     1.55k    64.13%
  Latency Distribution (HdrHistogram - Recorded Latency)
 50.000%    3.59ms
 75.000%    4.20ms
 90.000%    5.05ms
 99.000%    7.41ms
 99.900%   10.22ms
 99.990%   12.12ms
 99.999%   14.21ms
100.000%   16.01ms

  Detailed Percentile spectrum:
       Value   Percentile   TotalCount 1/(1-Percentile)

       0.411     0.000000            1         1.00
       0.933     0.100000         6000         1.11
       1.170     0.200000        11936         1.25
       2.381     0.300000        17910         1.43
       3.337     0.400000        23876         1.67
       3.585     0.500000        29870         2.00
       3.685     0.550000        32821         2.22
       3.793     0.600000        35807         2.50
       3.909     0.650000        38781         2.86
       4.041     0.700000        41762         3.33
       4.195     0.750000        44801         4.00
       4.283     0.775000        46269         4.44
       4.383     0.800000        47747         5.00
       4.503     0.825000        49240         5.71
       4.643     0.850000        50706         6.67
       4.819     0.875000        52202         8.00
       4.931     0.887500        52973         8.89
       5.055     0.900000        53704        10.00
       5.195     0.912500        54438        11.43
       5.355     0.925000        55181        13.33
       5.543     0.937500        55925        16.00
       5.655     0.943750        56304        17.78
       5.775     0.950000        56672        20.00
       5.923     0.956250        57049        22.86
       6.099     0.962500        57417        26.67
       6.287     0.968750        57795        32.00
       6.387     0.971875        57982        35.56
       6.503     0.975000        58164        40.00
       6.611     0.978125        58349        45.71
       6.771     0.981250        58536        53.33
       6.947     0.984375        58722        64.00
       7.063     0.985938        58817        71.11
       7.183     0.987500        58908        80.00
       7.335     0.989062        59002        91.43
       7.487     0.990625        59098       106.67
       7.699     0.992188        59187       128.00
       7.807     0.992969        59234       142.22
       7.923     0.993750        59284       160.00
       8.115     0.994531        59328       182.86
       8.311     0.995313        59383       213.33
       8.495     0.996094        59421       256.00
       8.639     0.996484        59446       284.44
       8.751     0.996875        59468       320.00
       8.927     0.997266        59491       365.71
       9.103     0.997656        59515       426.67
       9.271     0.998047        59538       512.00
       9.431     0.998242        59549       568.89
       9.567     0.998437        59560       640.00
       9.767     0.998633        59573       731.43
       9.983     0.998828        59584       853.33
      10.295     0.999023        59595      1024.00
      10.431     0.999121        59601      1137.78
      10.519     0.999219        59607      1280.00
      10.599     0.999316        59613      1462.86
      10.751     0.999414        59619      1706.67
      10.999     0.999512        59624      2048.00
      11.055     0.999561        59627      2275.56
      11.399     0.999609        59630      2560.00
      11.487     0.999658        59633      2925.71
      11.591     0.999707        59636      3413.33
      11.631     0.999756        59639      4096.00
      11.671     0.999780        59640      4551.11
      11.743     0.999805        59642      5120.00
      11.839     0.999829        59643      5851.43
      12.055     0.999854        59645      6826.67
      12.095     0.999878        59646      8192.00
      12.119     0.999890        59647      9102.22
      12.391     0.999902        59648     10240.00
      12.391     0.999915        59648     11702.86
      12.743     0.999927        59649     13653.33
      12.759     0.999939        59650     16384.00
      12.759     0.999945        59650     18204.44
      13.103     0.999951        59651     20480.00
      13.103     0.999957        59651     23405.71
      13.103     0.999963        59651     27306.67
      14.207     0.999969        59652     32768.00
      14.207     0.999973        59652     36408.89
      14.207     0.999976        59652     40960.00
      14.207     0.999979        59652     46811.43
      14.207     0.999982        59652     54613.33
      16.007     0.999985        59653     65536.00
      16.007     1.000000        59653          inf
#[Mean    =        3.281, StdDeviation   =        1.603]
#[Max     =       16.000, Total count    =        59653]
#[Buckets =           27, SubBuckets     =         2048]
----------------------------------------------------------
  89829 requests in 30.00s, 780.09MB read
Requests/sec:   2994.23
Transfer/sec:     26.00MB
