Using argument nginx
using  args: threads=4 and connections=512 and duration=30 and requests=1500
Running 30s test @ http://10.10.1.6:8080
  4 threads and 512 connections
  Thread calibration: mean lat.: 1.737ms, rate sampling interval: 10ms
  Thread calibration: mean lat.: 1.697ms, rate sampling interval: 10ms
  Thread calibration: mean lat.: 1.683ms, rate sampling interval: 10ms
  Thread calibration: mean lat.: 1.686ms, rate sampling interval: 10ms
  Thread Stats   Avg      Stdev     99%   +/- Stdev
    Latency     2.50ms    1.54ms   5.96ms   63.35%
    Req/Sec   392.62    204.93     0.90k    70.09%
  Latency Distribution (HdrHistogram - Recorded Latency)
 50.000%    2.43ms
 75.000%    3.84ms
 90.000%    4.39ms
 99.000%    5.96ms
 99.900%    7.65ms
 99.990%    9.19ms
 99.999%    9.55ms
100.000%    9.55ms

  Detailed Percentile spectrum:
       Value   Percentile   TotalCount 1/(1-Percentile)

       0.387     0.000000            1         1.00
       0.650     0.100000         2971         1.11
       0.991     0.200000         5931         1.25
       1.139     0.300000         8897         1.43
       1.329     0.400000        11854         1.67
       2.433     0.500000        14815         2.00
       2.829     0.550000        16296         2.22
       3.351     0.600000        17772         2.50
       3.565     0.650000        19261         2.86
       3.709     0.700000        20743         3.33
       3.839     0.750000        22221         4.00
       3.909     0.775000        22954         4.44
       3.981     0.800000        23694         5.00
       4.059     0.825000        24453         5.71
       4.147     0.850000        25203         6.67
       4.251     0.875000        25920         8.00
       4.319     0.887500        26300         8.89
       4.387     0.900000        26657        10.00
       4.471     0.912500        27035        11.43
       4.567     0.925000        27408        13.33
       4.679     0.937500        27771        16.00
       4.743     0.943750        27956        17.78
       4.819     0.950000        28147        20.00
       4.907     0.956250        28327        22.86
       5.015     0.962500        28511        26.67
       5.131     0.968750        28696        32.00
       5.203     0.971875        28785        35.56
       5.295     0.975000        28880        40.00
       5.375     0.978125        28973        45.71
       5.471     0.981250        29062        53.33
       5.635     0.984375        29159        64.00
       5.715     0.985938        29204        71.11
       5.803     0.987500        29249        80.00
       5.899     0.989062        29294        91.43
       5.999     0.990625        29343       106.67
       6.131     0.992188        29387       128.00
       6.203     0.992969        29411       142.22
       6.271     0.993750        29432       160.00
       6.383     0.994531        29456       182.86
       6.503     0.995313        29480       213.33
       6.611     0.996094        29502       256.00
       6.715     0.996484        29513       284.44
       6.843     0.996875        29525       320.00
       6.967     0.997266        29537       365.71
       7.071     0.997656        29548       426.67
       7.215     0.998047        29560       512.00
       7.327     0.998242        29565       568.89
       7.403     0.998437        29571       640.00
       7.511     0.998633        29578       731.43
       7.567     0.998828        29583       853.33
       7.715     0.999023        29589      1024.00
       7.751     0.999121        29591      1137.78
       7.815     0.999219        29594      1280.00
       8.007     0.999316        29597      1462.86
       8.163     0.999414        29600      1706.67
       8.263     0.999512        29603      2048.00
       8.303     0.999561        29604      2275.56
       8.383     0.999609        29606      2560.00
       8.391     0.999658        29607      2925.71
       8.655     0.999707        29609      3413.33
       8.679     0.999756        29610      4096.00
       8.711     0.999780        29611      4551.11
       8.743     0.999805        29612      5120.00
       8.743     0.999829        29612      5851.43
       9.143     0.999854        29613      6826.67
       9.191     0.999878        29614      8192.00
       9.191     0.999890        29614      9102.22
       9.295     0.999902        29615     10240.00
       9.295     0.999915        29615     11702.86
       9.295     0.999927        29615     13653.33
       9.527     0.999939        29616     16384.00
       9.527     0.999945        29616     18204.44
       9.527     0.999951        29616     20480.00
       9.527     0.999957        29616     23405.71
       9.527     0.999963        29616     27306.67
       9.551     0.999969        29617     32768.00
       9.551     1.000000        29617          inf
#[Mean    =        2.503, StdDeviation   =        1.538]
#[Max     =        9.544, Total count    =        29617]
#[Buckets =           27, SubBuckets     =         2048]
----------------------------------------------------------
  44331 requests in 30.01s, 208.81MB read
  Socket errors: connect 0, read 0, write 0, timeout 22
Requests/sec:   1477.44
Transfer/sec:      6.96MB
