Using argument nginx
using  args: threads=4 and connections=512 and duration=30 and requests=12000
Running 30s test @ http://10.10.1.4:5000
  4 threads and 512 connections
  Thread calibration: mean lat.: 4907.286ms, rate sampling interval: 15704ms
  Thread calibration: mean lat.: 4595.009ms, rate sampling interval: 14204ms
  Thread calibration: mean lat.: 4843.385ms, rate sampling interval: 15572ms
  Thread calibration: mean lat.: 4858.765ms, rate sampling interval: 15466ms
  Thread Stats   Avg      Stdev     99%   +/- Stdev
    Latency     6.76s   873.96ms   8.87s    67.68%
    Req/Sec     3.12k    11.35     3.13k    75.00%
  Latency Distribution (HdrHistogram - Recorded Latency)
 50.000%    6.74s 
 75.000%    7.35s 
 90.000%    7.90s 
 99.000%    8.87s 
 99.900%    9.59s 
 99.990%   10.10s 
 99.999%   10.22s 
100.000%   10.22s 

  Detailed Percentile spectrum:
       Value   Percentile   TotalCount 1/(1-Percentile)

    3811.327     0.000000            1         1.00
    5656.575     0.100000        24823         1.11
    6004.735     0.200000        49273         1.25
    6270.975     0.300000        74116         1.43
    6508.543     0.400000        98772         1.67
    6742.015     0.500000       123327         2.00
    6852.607     0.550000       135529         2.22
    6971.391     0.600000       148203         2.50
    7090.175     0.650000       160257         2.86
    7217.151     0.700000       172609         3.33
    7352.319     0.750000       184739         4.00
    7426.047     0.775000       191117         4.44
    7503.871     0.800000       197121         5.00
    7585.791     0.825000       203205         5.71
    7675.903     0.850000       209351         6.67
    7778.303     0.875000       215605         8.00
    7835.647     0.887500       218701         8.89
    7897.087     0.900000       221780        10.00
    7966.719     0.912500       224906        11.43
    8036.351     0.925000       227856        13.33
    8122.367     0.937500       230912        16.00
    8171.519     0.943750       232516        17.78
    8224.767     0.950000       234005        20.00
    8282.111     0.956250       235556        22.86
    8351.743     0.962500       237135        26.67
    8437.759     0.968750       238697        32.00
    8486.911     0.971875       239449        35.56
    8536.063     0.975000       240138        40.00
    8593.407     0.978125       240966        45.71
    8650.751     0.981250       241749        53.33
    8716.287     0.984375       242487        64.00
    8749.055     0.985938       242854        71.11
    8790.015     0.987500       243237        80.00
    8839.167     0.989062       243623        91.43
    8888.319     0.990625       244000       106.67
    8945.663     0.992188       244374       128.00
    8986.623     0.992969       244602       142.22
    9019.391     0.993750       244768       160.00
    9060.351     0.994531       244975       182.86
    9101.311     0.995313       245167       213.33
    9150.463     0.996094       245338       256.00
    9183.231     0.996484       245437       284.44
    9215.999     0.996875       245530       320.00
    9256.959     0.997266       245631       365.71
    9306.111     0.997656       245721       426.67
    9388.031     0.998047       245814       512.00
    9428.991     0.998242       245864       568.89
    9478.143     0.998437       245915       640.00
    9510.911     0.998633       245966       731.43
    9551.871     0.998828       246013       853.33
    9601.023     0.999023       246057      1024.00
    9625.599     0.999121       246083      1137.78
    9650.175     0.999219       246103      1280.00
    9682.943     0.999316       246126      1462.86
    9723.903     0.999414       246155      1706.67
    9748.479     0.999512       246176      2048.00
    9773.055     0.999561       246187      2275.56
    9797.631     0.999609       246200      2560.00
    9838.591     0.999658       246210      2925.71
    9912.319     0.999707       246225      3413.33
    9936.895     0.999756       246234      4096.00
    9961.471     0.999780       246240      4551.11
    9977.855     0.999805       246247      5120.00
   10018.815     0.999829       246253      5851.43
   10035.199     0.999854       246258      6826.67
   10067.967     0.999878       246265      8192.00
   10092.543     0.999890       246268      9102.22
   10100.735     0.999902       246270     10240.00
   10108.927     0.999915       246275     11702.86
   10117.119     0.999927       246276     13653.33
   10141.695     0.999939       246282     16384.00
   10141.695     0.999945       246282     18204.44
   10141.695     0.999951       246282     20480.00
   10182.655     0.999957       246287     23405.71
   10182.655     0.999963       246287     27306.67
   10182.655     0.999969       246287     32768.00
   10190.847     0.999973       246288     36408.89
   10190.847     0.999976       246288     40960.00
   10199.039     0.999979       246289     46811.43
   10207.231     0.999982       246291     54613.33
   10207.231     0.999985       246291     65536.00
   10207.231     0.999986       246291     72817.78
   10207.231     0.999988       246291     81920.00
   10215.423     0.999989       246293     93622.86
   10215.423     0.999991       246293    109226.67
   10215.423     0.999992       246293    131072.00
   10215.423     0.999993       246293    145635.56
   10215.423     0.999994       246293    163840.00
   10215.423     0.999995       246293    187245.71
   10215.423     0.999995       246293    218453.33
   10223.615     0.999996       246294    262144.00
   10223.615     1.000000       246294          inf
#[Mean    =     6759.107, StdDeviation   =      873.959]
#[Max     =    10215.424, Total count    =       246294]
#[Buckets =           27, SubBuckets     =         2048]
----------------------------------------------------------
  276346 requests in 30.00s, 116.36MB read
  Socket errors: connect 0, read 4214, write 18711, timeout 0
  Non-2xx or 3xx responses: 180
Requests/sec:   9211.74
Transfer/sec:      3.88MB
