Using argument nginx
using  args: threads=4 and connections=512 and duration=30 and requests=18000
Running 30s test @ http://10.10.1.4:5000
  4 threads and 512 connections
  Thread calibration: mean lat.: 15.606ms, rate sampling interval: 60ms
  Thread calibration: mean lat.: 16.264ms, rate sampling interval: 62ms
  Thread calibration: mean lat.: 15.535ms, rate sampling interval: 60ms
  Thread calibration: mean lat.: 15.613ms, rate sampling interval: 60ms
  Thread Stats   Avg      Stdev     99%   +/- Stdev
    Latency    60.87ms  130.36ms 621.57ms   89.84%
    Req/Sec     4.54k   718.34     5.91k    85.38%
  Latency Distribution (HdrHistogram - Recorded Latency)
 50.000%   15.81ms
 75.000%   28.96ms
 90.000%  197.76ms
 99.000%  621.57ms
 99.900%  793.60ms
 99.990%  974.34ms
 99.999%    1.03s 
100.000%    1.06s 

  Detailed Percentile spectrum:
       Value   Percentile   TotalCount 1/(1-Percentile)

       0.347     0.000000            1         1.00
       4.073     0.100000        35788         1.11
       6.851     0.200000        71587         1.25
      10.471     0.300000       107374         1.43
      13.079     0.400000       143146         1.67
      15.807     0.500000       178950         2.00
      17.423     0.550000       196863         2.22
      19.343     0.600000       214820         2.50
      21.631     0.650000       232643         2.86
      24.639     0.700000       250447         3.33
      28.959     0.750000       268352         4.00
      31.967     0.775000       277310         4.44
      36.191     0.800000       286267         5.00
      42.815     0.825000       295165         5.71
      56.799     0.850000       304110         6.67
     103.615     0.875000       313050         8.00
     145.919     0.887500       317527         8.89
     197.759     0.900000       322005        10.00
     248.703     0.912500       326470        11.43
     300.543     0.925000       330955        13.33
     352.511     0.937500       335422        16.00
     377.599     0.943750       337650        17.78
     403.199     0.950000       339900        20.00
     430.079     0.956250       342129        22.86
     457.471     0.962500       344384        26.67
     485.375     0.968750       346596        32.00
     500.735     0.971875       347718        35.56
     516.607     0.975000       348832        40.00
     534.527     0.978125       349969        45.71
     553.983     0.981250       351077        53.33
     574.975     0.984375       352207        64.00
     586.751     0.985938       352759        71.11
     600.063     0.987500       353315        80.00
     613.375     0.989062       353877        91.43
     627.199     0.990625       354420       106.67
     643.071     0.992188       354981       128.00
     651.775     0.992969       355259       142.22
     662.527     0.993750       355540       160.00
     673.279     0.994531       355817       182.86
     684.543     0.995313       356099       213.33
     697.343     0.996094       356375       256.00
     704.511     0.996484       356518       284.44
     711.679     0.996875       356659       320.00
     719.359     0.997266       356795       365.71
     729.599     0.997656       356935       426.67
     741.375     0.998047       357080       512.00
     748.543     0.998242       357147       568.89
     757.247     0.998437       357215       640.00
     768.511     0.998633       357286       731.43
     780.287     0.998828       357356       853.33
     795.647     0.999023       357423      1024.00
     802.303     0.999121       357457      1137.78
     811.519     0.999219       357493      1280.00
     821.247     0.999316       357529      1462.86
     833.535     0.999414       357562      1706.67
     846.847     0.999512       357597      2048.00
     852.479     0.999561       357614      2275.56
     860.671     0.999609       357633      2560.00
     873.471     0.999658       357649      2925.71
     885.759     0.999707       357667      3413.33
     900.607     0.999756       357685      4096.00
     907.775     0.999780       357693      4551.11
     915.455     0.999805       357702      5120.00
     924.671     0.999829       357710      5851.43
     938.495     0.999854       357719      6826.67
     953.343     0.999878       357728      8192.00
     967.167     0.999890       357732      9102.22
     974.847     0.999902       357737     10240.00
     977.919     0.999915       357742     11702.86
     982.527     0.999927       357745     13653.33
     994.303     0.999939       357751     16384.00
     998.399     0.999945       357752     18204.44
    1005.055     0.999951       357754     20480.00
    1007.615     0.999957       357756     23405.71
    1014.271     0.999963       357759     27306.67
    1017.855     0.999969       357761     32768.00
    1019.903     0.999973       357762     36408.89
    1021.439     0.999976       357763     40960.00
    1021.951     0.999979       357764     46811.43
    1023.487     0.999982       357765     54613.33
    1026.047     0.999985       357766     65536.00
    1027.071     0.999986       357767     72817.78
    1027.071     0.999988       357767     81920.00
    1028.607     0.999989       357768     93622.86
    1028.607     0.999991       357768    109226.67
    1030.655     0.999992       357769    131072.00
    1030.655     0.999993       357769    145635.56
    1030.655     0.999994       357769    163840.00
    1048.575     0.999995       357770    187245.71
    1048.575     0.999995       357770    218453.33
    1048.575     0.999996       357770    262144.00
    1048.575     0.999997       357770    291271.11
    1048.575     0.999997       357770    327680.00
    1057.791     0.999997       357771    374491.43
    1057.791     1.000000       357771          inf
#[Mean    =       60.865, StdDeviation   =      130.357]
#[Max     =     1056.768, Total count    =       357771]
#[Buckets =           27, SubBuckets     =         2048]
----------------------------------------------------------
  534670 requests in 30.00s, 221.37MB read
Requests/sec:  17822.51
Transfer/sec:      7.38MB
