Using argument nginx
using  args: threads=4 and connections=1024 and duration=30 and requests=2000
Running 30s test @ http://10.10.1.6:8080
  4 threads and 1024 connections
  Thread calibration: mean lat.: 589.173ms, rate sampling interval: 4280ms
  Thread calibration: mean lat.: 596.114ms, rate sampling interval: 4460ms
  Thread calibration: mean lat.: 758.568ms, rate sampling interval: 5328ms
  Thread calibration: mean lat.: 589.469ms, rate sampling interval: 4259ms
  Thread Stats   Avg      Stdev     99%   +/- Stdev
    Latency     6.59s     4.67s   18.92s    62.30%
    Req/Sec   279.00     36.37   353.00     73.33%
  Latency Distribution (HdrHistogram - Recorded Latency)
 50.000%    6.59s 
 75.000%    9.68s 
 90.000%   12.43s 
 99.000%   18.92s 
 99.900%   21.54s 
 99.990%   22.25s 
 99.999%   22.51s 
100.000%   22.51s 

  Detailed Percentile spectrum:
       Value   Percentile   TotalCount 1/(1-Percentile)

       0.880     0.000000            1         1.00
     601.087     0.100000         2213         1.11
    1507.327     0.200000         4420         1.25
    3207.167     0.300000         6627         1.43
    4972.543     0.400000         8837         1.67
    6594.559     0.500000        11049         2.00
    7282.687     0.550000        12155         2.22
    7970.815     0.600000        13257         2.50
    8650.751     0.650000        14360         2.86
    9232.383     0.700000        15472         3.33
    9682.943     0.750000        16571         4.00
   10051.583     0.775000        17130         4.44
   10444.799     0.800000        17673         5.00
   10846.207     0.825000        18222         5.71
   11280.383     0.850000        18774         6.67
   11771.903     0.875000        19327         8.00
   12066.815     0.887500        19607         8.89
   12427.263     0.900000        19882        10.00
   12894.207     0.912500        20156        11.43
   13434.879     0.925000        20430        13.33
   14073.855     0.937500        20707        16.00
   14393.343     0.943750        20846        17.78
   14884.863     0.950000        20982        20.00
   15409.151     0.956250        21121        22.86
   15917.055     0.962500        21260        26.67
   16515.071     0.968750        21396        32.00
   16793.599     0.971875        21465        35.56
   17072.127     0.975000        21535        40.00
   17367.039     0.978125        21604        45.71
   17678.335     0.981250        21675        53.33
   18055.167     0.984375        21743        64.00
   18284.543     0.985938        21777        71.11
   18497.535     0.987500        21812        80.00
   18743.295     0.989062        21845        91.43
   19021.823     0.990625        21881       106.67
   19251.199     0.992188        21917       128.00
   19382.271     0.992969        21931       142.22
   19529.727     0.993750        21949       160.00
   19677.183     0.994531        21966       182.86
   19808.255     0.995313        21984       213.33
   20021.247     0.996094        22000       256.00
   20135.935     0.996484        22010       284.44
   20283.391     0.996875        22018       320.00
   20578.303     0.997266        22026       365.71
   20709.375     0.997656        22035       426.67
   21151.743     0.998047        22043       512.00
   21266.431     0.998242        22049       568.89
   21299.199     0.998437        22052       640.00
   21397.503     0.998633        22056       731.43
   21528.575     0.998828        22061       853.33
   21561.343     0.999023        22066      1024.00
   21577.727     0.999121        22067      1137.78
   21676.031     0.999219        22069      1280.00
   21692.415     0.999316        22071      1462.86
   21807.103     0.999414        22074      1706.67
   21905.407     0.999512        22076      2048.00
   21970.943     0.999561        22077      2275.56
   21987.327     0.999609        22078      2560.00
   22052.863     0.999658        22079      2925.71
   22069.247     0.999707        22080      3413.33
   22102.015     0.999756        22081      4096.00
   22167.551     0.999780        22082      4551.11
   22167.551     0.999805        22082      5120.00
   22200.319     0.999829        22083      5851.43
   22200.319     0.999854        22083      6826.67
   22249.471     0.999878        22084      8192.00
   22249.471     0.999890        22084      9102.22
   22249.471     0.999902        22084     10240.00
   22265.855     0.999915        22085     11702.86
   22265.855     0.999927        22085     13653.33
   22265.855     0.999939        22085     16384.00
   22265.855     0.999945        22085     18204.44
   22265.855     0.999951        22085     20480.00
   22511.615     0.999957        22086     23405.71
   22511.615     1.000000        22086          inf
#[Mean    =     6590.244, StdDeviation   =     4671.790]
#[Max     =    22495.232, Total count    =        22086]
#[Buckets =           27, SubBuckets     =         2048]
----------------------------------------------------------
  35520 requests in 30.03s, 328.55MB read
  Socket errors: connect 7, read 0, write 0, timeout 392
  Non-2xx or 3xx responses: 893
Requests/sec:   1182.72
Transfer/sec:     10.94MB
