Using argument nginx
using  args: threads=4 and connections=512 and duration=30 and requests=1500
Running 30s test @ http://10.10.1.6:8080
  4 threads and 512 connections
  Thread calibration: mean lat.: 1.798ms, rate sampling interval: 10ms
  Thread calibration: mean lat.: 1.739ms, rate sampling interval: 10ms
  Thread calibration: mean lat.: 1.738ms, rate sampling interval: 10ms
  Thread calibration: mean lat.: 1.730ms, rate sampling interval: 10ms
  Thread Stats   Avg      Stdev     99%   +/- Stdev
    Latency     2.58ms    1.68ms   6.50ms   59.36%
    Req/Sec   392.52    205.93     1.00k    71.52%
  Latency Distribution (HdrHistogram - Recorded Latency)
 50.000%    2.52ms
 75.000%    3.99ms
 90.000%    4.67ms
 99.000%    6.50ms
 99.900%    8.96ms
 99.990%   12.08ms
 99.999%   12.61ms
100.000%   12.61ms

  Detailed Percentile spectrum:
       Value   Percentile   TotalCount 1/(1-Percentile)

       0.438     0.000000            1         1.00
       0.696     0.100000         2966         1.11
       0.870     0.200000         5954         1.25
       0.975     0.300000         8888         1.43
       1.197     0.400000        11852         1.67
       2.517     0.500000        14810         2.00
       3.043     0.550000        16290         2.22
       3.459     0.600000        17778         2.50
       3.653     0.650000        19260         2.86
       3.819     0.700000        20733         3.33
       3.991     0.750000        22225         4.00
       4.081     0.775000        22968         4.44
       4.175     0.800000        23695         5.00
       4.283     0.825000        24438         5.71
       4.399     0.850000        25194         6.67
       4.523     0.875000        25923         8.00
       4.595     0.887500        26287         8.89
       4.667     0.900000        26679        10.00
       4.747     0.912500        27028        11.43
       4.843     0.925000        27404        13.33
       4.963     0.937500        27784        16.00
       5.023     0.943750        27953        17.78
       5.103     0.950000        28142        20.00
       5.175     0.956250        28323        22.86
       5.295     0.962500        28507        26.67
       5.435     0.968750        28698        32.00
       5.503     0.971875        28788        35.56
       5.615     0.975000        28880        40.00
       5.755     0.978125        28970        45.71
       5.883     0.981250        29065        53.33
       6.063     0.984375        29157        64.00
       6.179     0.985938        29202        71.11
       6.287     0.987500        29247        80.00
       6.423     0.989062        29294        91.43
       6.575     0.990625        29340       106.67
       6.783     0.992188        29386       128.00
       6.863     0.992969        29411       142.22
       6.975     0.993750        29432       160.00
       7.107     0.994531        29456       182.86
       7.231     0.995313        29479       213.33
       7.439     0.996094        29502       256.00
       7.511     0.996484        29513       284.44
       7.667     0.996875        29525       320.00
       7.839     0.997266        29537       365.71
       7.983     0.997656        29548       426.67
       8.215     0.998047        29560       512.00
       8.303     0.998242        29565       568.89
       8.495     0.998437        29571       640.00
       8.575     0.998633        29577       731.43
       8.871     0.998828        29584       853.33
       9.031     0.999023        29589      1024.00
       9.103     0.999121        29592      1137.78
       9.175     0.999219        29594      1280.00
       9.207     0.999316        29597      1462.86
       9.719     0.999414        29600      1706.67
      10.111     0.999512        29603      2048.00
      10.239     0.999561        29604      2275.56
      10.255     0.999609        29606      2560.00
      10.271     0.999658        29607      2925.71
      10.655     0.999707        29609      3413.33
      10.719     0.999756        29610      4096.00
      10.967     0.999780        29611      4551.11
      11.215     0.999805        29612      5120.00
      11.215     0.999829        29612      5851.43
      11.711     0.999854        29613      6826.67
      12.079     0.999878        29614      8192.00
      12.079     0.999890        29614      9102.22
      12.423     0.999902        29615     10240.00
      12.423     0.999915        29615     11702.86
      12.423     0.999927        29615     13653.33
      12.567     0.999939        29616     16384.00
      12.567     0.999945        29616     18204.44
      12.567     0.999951        29616     20480.00
      12.567     0.999957        29616     23405.71
      12.567     0.999963        29616     27306.67
      12.615     0.999969        29617     32768.00
      12.615     1.000000        29617          inf
#[Mean    =        2.583, StdDeviation   =        1.684]
#[Max     =       12.608, Total count    =        29617]
#[Buckets =           27, SubBuckets     =         2048]
----------------------------------------------------------
  44332 requests in 30.00s, 219.81MB read
  Socket errors: connect 0, read 0, write 0, timeout 23
Requests/sec:   1477.49
Transfer/sec:      7.33MB
