Using argument nginx
using  args: threads=4 and connections=512 and duration=30 and requests=2000
Running 30s test @ http://10.10.1.6:8080
  4 threads and 512 connections
  Thread calibration: mean lat.: 3.349ms, rate sampling interval: 10ms
  Thread calibration: mean lat.: 3.384ms, rate sampling interval: 10ms
  Thread calibration: mean lat.: 3.400ms, rate sampling interval: 10ms
  Thread calibration: mean lat.: 3.374ms, rate sampling interval: 10ms
  Thread Stats   Avg      Stdev     99%   +/- Stdev
    Latency     3.38ms    1.67ms   7.86ms   68.08%
    Req/Sec   526.04    239.90     1.11k    68.80%
  Latency Distribution (HdrHistogram - Recorded Latency)
 50.000%    3.67ms
 75.000%    4.32ms
 90.000%    5.09ms
 99.000%    7.86ms
 99.900%   11.86ms
 99.990%   18.77ms
 99.999%   23.93ms
100.000%   23.93ms

  Detailed Percentile spectrum:
       Value   Percentile   TotalCount 1/(1-Percentile)

       0.502     0.000000            1         1.00
       0.944     0.100000         4000         1.11
       1.219     0.200000         7948         1.25
       2.531     0.300000        11924         1.43
       3.419     0.400000        15907         1.67
       3.667     0.500000        19870         2.00
       3.783     0.550000        21857         2.22
       3.903     0.600000        23849         2.50
       4.035     0.650000        25850         2.86
       4.171     0.700000        27865         3.33
       4.319     0.750000        29831         4.00
       4.399     0.775000        30797         4.44
       4.491     0.800000        31820         5.00
       4.599     0.825000        32815         5.71
       4.727     0.850000        33786         6.67
       4.879     0.875000        34778         8.00
       4.979     0.887500        35279         8.89
       5.091     0.900000        35775        10.00
       5.227     0.912500        36259        11.43
       5.399     0.925000        36763        13.33
       5.599     0.937500        37261        16.00
       5.715     0.943750        37507        17.78
       5.843     0.950000        37747        20.00
       6.003     0.956250        37997        22.86
       6.195     0.962500        38244        26.67
       6.399     0.968750        38494        32.00
       6.527     0.971875        38621        35.56
       6.671     0.975000        38743        40.00
       6.839     0.978125        38864        45.71
       7.015     0.981250        38989        53.33
       7.239     0.984375        39115        64.00
       7.363     0.985938        39176        71.11
       7.503     0.987500        39238        80.00
       7.719     0.989062        39299        91.43
       7.931     0.990625        39361       106.67
       8.139     0.992188        39425       128.00
       8.271     0.992969        39456       142.22
       8.503     0.993750        39485       160.00
       8.719     0.994531        39516       182.86
       8.943     0.995313        39547       213.33
       9.255     0.996094        39578       256.00
       9.391     0.996484        39594       284.44
       9.567     0.996875        39609       320.00
       9.823     0.997266        39625       365.71
      10.191     0.997656        39640       426.67
      10.615     0.998047        39656       512.00
      10.887     0.998242        39664       568.89
      11.255     0.998437        39671       640.00
      11.495     0.998633        39679       731.43
      11.647     0.998828        39687       853.33
      11.959     0.999023        39695      1024.00
      12.087     0.999121        39699      1137.78
      12.495     0.999219        39702      1280.00
      13.295     0.999316        39706      1462.86
      13.879     0.999414        39710      1706.67
      14.863     0.999512        39714      2048.00
      15.135     0.999561        39716      2275.56
      15.495     0.999609        39718      2560.00
      15.735     0.999658        39720      2925.71
      15.975     0.999707        39722      3413.33
      16.279     0.999756        39724      4096.00
      16.895     0.999780        39725      4551.11
      17.455     0.999805        39726      5120.00
      17.919     0.999829        39727      5851.43
      18.575     0.999854        39728      6826.67
      18.767     0.999878        39729      8192.00
      18.767     0.999890        39729      9102.22
      19.615     0.999902        39730     10240.00
      19.615     0.999915        39730     11702.86
      19.839     0.999927        39731     13653.33
      19.839     0.999939        39731     16384.00
      19.839     0.999945        39731     18204.44
      22.463     0.999951        39732     20480.00
      22.463     0.999957        39732     23405.71
      22.463     0.999963        39732     27306.67
      22.463     0.999969        39732     32768.00
      22.463     0.999973        39732     36408.89
      23.935     0.999976        39733     40960.00
      23.935     1.000000        39733          inf
#[Mean    =        3.385, StdDeviation   =        1.667]
#[Max     =       23.920, Total count    =        39733]
#[Buckets =           27, SubBuckets     =         2048]
----------------------------------------------------------
  59644 requests in 30.00s, 537.94MB read
  Socket errors: connect 0, read 0, write 0, timeout 6
Requests/sec:   1988.12
Transfer/sec:     17.93MB
