Using argument nginx
using  args: threads=4 and connections=512 and duration=30 and requests=4000
Running 30s test @ http://10.10.1.4:8080/wrk2-api/user-timeline/read
  4 threads and 512 connections
  Thread calibration: mean lat.: 6.005ms, rate sampling interval: 11ms
  Thread calibration: mean lat.: 6.211ms, rate sampling interval: 11ms
  Thread calibration: mean lat.: 6.452ms, rate sampling interval: 11ms
  Thread calibration: mean lat.: 10.264ms, rate sampling interval: 12ms
  Thread Stats   Avg      Stdev     99%   +/- Stdev
    Latency     5.38ms   17.40ms   9.26ms   99.55%
    Req/Sec     1.05k   318.39     1.83k    67.00%
  Latency Distribution (HdrHistogram - Recorded Latency)
 50.000%    4.15ms
 75.000%    4.80ms
 90.000%    5.70ms
 99.000%    9.26ms
 99.900%  311.30ms
 99.990%  587.78ms
 99.999%  711.68ms
100.000%  744.96ms

  Detailed Percentile spectrum:
       Value   Percentile   TotalCount 1/(1-Percentile)

       2.391     0.000000            1         1.00
       3.351     0.100000         8022         1.11
       3.579     0.200000        15960         1.25
       3.767     0.300000        23936         1.43
       3.953     0.400000        31990         1.67
       4.147     0.500000        40022         2.00
       4.251     0.550000        43914         2.22
       4.367     0.600000        47897         2.50
       4.491     0.650000        51862         2.86
       4.635     0.700000        55882         3.33
       4.803     0.750000        59864         4.00
       4.903     0.775000        61889         4.44
       5.011     0.800000        63861         5.00
       5.143     0.825000        65898         5.71
       5.287     0.850000        67819         6.67
       5.471     0.875000        69842         8.00
       5.579     0.887500        70823         8.89
       5.703     0.900000        71830        10.00
       5.839     0.912500        72821        11.43
       6.007     0.925000        73806        13.33
       6.215     0.937500        74799        16.00
       6.359     0.943750        75303        17.78
       6.519     0.950000        75804        20.00
       6.703     0.956250        76297        22.86
       6.919     0.962500        76794        26.67
       7.183     0.968750        77292        32.00
       7.347     0.971875        77547        35.56
       7.531     0.975000        77791        40.00
       7.771     0.978125        78041        45.71
       8.019     0.981250        78292        53.33
       8.367     0.984375        78545        64.00
       8.567     0.985938        78665        71.11
       8.799     0.987500        78792        80.00
       9.087     0.989062        78914        91.43
       9.415     0.990625        79038       106.67
       9.903     0.992188        79163       128.00
      10.223     0.992969        79226       142.22
      10.655     0.993750        79288       160.00
      11.791     0.994531        79350       182.86
      14.295     0.995313        79412       213.33
      86.783     0.996094        79474       256.00
     113.599     0.996484        79505       284.44
     142.847     0.996875        79536       320.00
     166.271     0.997266        79567       365.71
     191.871     0.997656        79599       426.67
     219.647     0.998047        79630       512.00
     233.855     0.998242        79646       568.89
     254.719     0.998437        79661       640.00
     276.223     0.998633        79676       731.43
     293.119     0.998828        79692       853.33
     314.367     0.999023        79708      1024.00
     326.143     0.999121        79715      1137.78
     336.639     0.999219        79723      1280.00
     347.903     0.999316        79731      1462.86
     362.751     0.999414        79739      1706.67
     396.287     0.999512        79747      2048.00
     397.823     0.999561        79750      2275.56
     421.375     0.999609        79754      2560.00
     445.439     0.999658        79758      2925.71
     464.895     0.999707        79762      3413.33
     477.951     0.999756        79766      4096.00
     492.799     0.999780        79768      4551.11
     513.535     0.999805        79770      5120.00
     525.311     0.999829        79772      5851.43
     535.039     0.999854        79774      6826.67
     578.559     0.999878        79776      8192.00
     587.775     0.999890        79777      9102.22
     617.471     0.999902        79778     10240.00
     628.735     0.999915        79779     11702.86
     665.087     0.999927        79780     13653.33
     669.183     0.999939        79781     16384.00
     669.183     0.999945        79781     18204.44
     684.543     0.999951        79782     20480.00
     684.543     0.999957        79782     23405.71
     686.591     0.999963        79783     27306.67
     686.591     0.999969        79783     32768.00
     686.591     0.999973        79783     36408.89
     711.679     0.999976        79784     40960.00
     711.679     0.999979        79784     46811.43
     711.679     0.999982        79784     54613.33
     711.679     0.999985        79784     65536.00
     711.679     0.999986        79784     72817.78
     744.959     0.999988        79785     81920.00
     744.959     1.000000        79785          inf
#[Mean    =        5.377, StdDeviation   =       17.397]
#[Max     =      744.448, Total count    =        79785]
#[Buckets =           27, SubBuckets     =         2048]
----------------------------------------------------------
  119854 requests in 30.00s, 21.03MB read
  Non-2xx or 3xx responses: 6
Requests/sec:   3995.31
Transfer/sec:    717.94KB
