Running 30s test @ http://node5.stvdp-112731.sched-serv-pg0.utah.cloudlab.us:5000
  2 threads and 4 connections
  Thread calibration: mean lat.: 3.894ms, rate sampling interval: 15ms
  Thread calibration: mean lat.: 4.089ms, rate sampling interval: 15ms
  Thread Stats   Avg      Stdev     99%   +/- Stdev
    Latency     3.80ms    2.54ms  11.32ms   77.95%
    Req/Sec   102.93     85.27   333.00     56.54%
  Latency Distribution (HdrHistogram - Recorded Latency)
 50.000%    2.73ms
 75.000%    5.39ms
 90.000%    7.60ms
 99.000%   11.32ms
 99.900%   13.73ms
 99.990%   17.41ms
 99.999%   17.41ms
100.000%   17.41ms

  Detailed Percentile spectrum:
       Value   Percentile   TotalCount 1/(1-Percentile)

       0.503     0.000000            1         1.00
       1.442     0.100000          400         1.11
       1.762     0.200000          799         1.25
       2.093     0.300000         1200         1.43
       2.423     0.400000         1597         1.67
       2.727     0.500000         1996         2.00
       2.929     0.550000         2197         2.22
       3.219     0.600000         2397         2.50
       3.983     0.650000         2595         2.86
       4.775     0.700000         2796         3.33
       5.395     0.750000         2994         4.00
       5.695     0.775000         3095         4.44
       6.011     0.800000         3193         5.00
       6.283     0.825000         3293         5.71
       6.707     0.850000         3394         6.67
       7.127     0.875000         3493         8.00
       7.343     0.887500         3543         8.89
       7.599     0.900000         3592        10.00
       7.895     0.912500         3643        11.43
       8.171     0.925000         3692        13.33
       8.583     0.937500         3742        16.00
       8.791     0.943750         3769        17.78
       9.023     0.950000         3792        20.00
       9.327     0.956250         3817        22.86
       9.647     0.962500         3843        26.67
       9.903     0.968750         3868        32.00
      10.015     0.971875         3879        35.56
      10.183     0.975000         3892        40.00
      10.391     0.978125         3904        45.71
      10.623     0.981250         3917        53.33
      10.799     0.984375         3929        64.00
      10.879     0.985938         3936        71.11
      11.031     0.987500         3942        80.00
      11.199     0.989062         3948        91.43
      11.463     0.990625         3954       106.67
      11.655     0.992188         3960       128.00
      11.719     0.992969         3963       142.22
      11.903     0.993750         3967       160.00
      12.071     0.994531         3970       182.86
      12.255     0.995313         3973       213.33
      12.479     0.996094         3976       256.00
      12.543     0.996484         3977       284.44
      12.647     0.996875         3979       320.00
      13.039     0.997266         3981       365.71
      13.343     0.997656         3982       426.67
      13.543     0.998047         3984       512.00
      13.543     0.998242         3984       568.89
      13.639     0.998437         3985       640.00
      13.647     0.998633         3986       731.43
      13.735     0.998828         3987       853.33
      14.255     0.999023         3988      1024.00
      14.255     0.999121         3988      1137.78
      14.255     0.999219         3988      1280.00
      14.407     0.999316         3989      1462.86
      14.407     0.999414         3989      1706.67
      14.663     0.999512         3990      2048.00
      14.663     0.999561         3990      2275.56
      14.663     0.999609         3990      2560.00
      14.663     0.999658         3990      2925.71
      14.663     0.999707         3990      3413.33
      17.407     0.999756         3991      4096.00
      17.407     1.000000         3991          inf
#[Mean    =        3.799, StdDeviation   =        2.542]
#[Max     =       17.392, Total count    =         3991]
#[Buckets =           27, SubBuckets     =         2048]
----------------------------------------------------------
  5993 requests in 30.00s, 2.50MB read
Requests/sec:    199.75
Transfer/sec:     85.29KB
