Running 30s test @ http://node6.stvdp-112731.sched-serv-pg0.utah.cloudlab.us:8080/wrk2-api/review/compose
  2 threads and 4 connections
  Thread calibration: mean lat.: 4.115ms, rate sampling interval: 11ms
  Thread calibration: mean lat.: 4.114ms, rate sampling interval: 10ms
  Thread Stats   Avg      Stdev     99%   +/- Stdev
    Latency     3.89ms    1.11ms   8.24ms   85.62%
    Req/Sec   104.68    102.61   400.00     51.14%
  Latency Distribution (HdrHistogram - Recorded Latency)
 50.000%    3.61ms
 75.000%    4.07ms
 90.000%    5.17ms
 99.000%    8.24ms
 99.900%   11.42ms
 99.990%   12.14ms
 99.999%   12.14ms
100.000%   12.14ms

  Detailed Percentile spectrum:
       Value   Percentile   TotalCount 1/(1-Percentile)

       2.435     0.000000            1         1.00
       2.975     0.100000          404         1.11
       3.161     0.200000          801         1.25
       3.313     0.300000         1199         1.43
       3.463     0.400000         1600         1.67
       3.609     0.500000         2005         2.00
       3.679     0.550000         2197         2.22
       3.757     0.600000         2396         2.50
       3.839     0.650000         2600         2.86
       3.941     0.700000         2796         3.33
       4.075     0.750000         2995         4.00
       4.167     0.775000         3097         4.44
       4.267     0.800000         3195         5.00
       4.391     0.825000         3296         5.71
       4.547     0.850000         3395         6.67
       4.787     0.875000         3494         8.00
       4.987     0.887500         3545         8.89
       5.167     0.900000         3594        10.00
       5.395     0.912500         3644        11.43
       5.631     0.925000         3694        13.33
       5.903     0.937500         3744        16.00
       6.067     0.943750         3769        17.78
       6.239     0.950000         3795        20.00
       6.435     0.956250         3819        22.86
       6.579     0.962500         3844        26.67
       6.831     0.968750         3869        32.00
       6.987     0.971875         3881        35.56
       7.111     0.975000         3894        40.00
       7.351     0.978125         3906        45.71
       7.515     0.981250         3919        53.33
       7.643     0.984375         3931        64.00
       7.739     0.985938         3937        71.11
       7.911     0.987500         3944        80.00
       8.123     0.989062         3950        91.43
       8.383     0.990625         3956       106.67
       8.847     0.992188         3962       128.00
       8.927     0.992969         3965       142.22
       9.215     0.993750         3969       160.00
       9.319     0.994531         3973       182.86
       9.423     0.995313         3975       213.33
       9.607     0.996094         3978       256.00
       9.639     0.996484         3979       284.44
       9.943     0.996875         3981       320.00
      10.351     0.997266         3983       365.71
      10.783     0.997656         3984       426.67
      10.887     0.998047         3986       512.00
      10.887     0.998242         3986       568.89
      11.223     0.998437         3987       640.00
      11.383     0.998633         3988       731.43
      11.423     0.998828         3989       853.33
      11.711     0.999023         3990      1024.00
      11.711     0.999121         3990      1137.78
      11.711     0.999219         3990      1280.00
      11.999     0.999316         3991      1462.86
      11.999     0.999414         3991      1706.67
      12.039     0.999512         3992      2048.00
      12.039     0.999561         3992      2275.56
      12.039     0.999609         3992      2560.00
      12.039     0.999658         3992      2925.71
      12.039     0.999707         3992      3413.33
      12.143     0.999756         3993      4096.00
      12.143     1.000000         3993          inf
#[Mean    =        3.886, StdDeviation   =        1.114]
#[Max     =       12.136, Total count    =         3993]
#[Buckets =           27, SubBuckets     =         2048]
----------------------------------------------------------
  5994 requests in 30.00s, 1.05MB read
Requests/sec:    199.77
Transfer/sec:     35.90KB
