No argument supplied nginx
using  args: threads=4 and connections=512 and duration=30 and requests=3000
Running 30s test @ http://localhost:5000
  4 threads and 512 connections
  Thread calibration: mean lat.: 1731.456ms, rate sampling interval: 8323ms
  Thread calibration: mean lat.: 1799.070ms, rate sampling interval: 8757ms
  Thread calibration: mean lat.: 2271.869ms, rate sampling interval: 9076ms
  Thread calibration: mean lat.: 1850.054ms, rate sampling interval: 8724ms
  Thread Stats   Avg      Stdev     99%   +/- Stdev
    Latency     9.96s     3.15s   16.47s    62.80%
    Req/Sec   378.38     14.19   397.00     50.00%
  Latency Distribution (HdrHistogram - Recorded Latency)
 50.000%    9.98s 
 75.000%   12.41s 
 90.000%   14.15s 
 99.000%   16.47s 
 99.900%   17.87s 
 99.990%   19.05s 
 99.999%   19.35s 
100.000%   19.35s 

  Detailed Percentile spectrum:
       Value   Percentile   TotalCount 1/(1-Percentile)

     878.079     0.000000            1         1.00
    5754.879     0.100000         3050         1.11
    6934.527     0.200000         6098         1.25
    7970.815     0.300000         9153         1.43
    8953.855     0.400000        12195         1.67
    9977.855     0.500000        15248         2.00
   10469.375     0.550000        16758         2.22
   10944.511     0.600000        18289         2.50
   11427.839     0.650000        19818         2.86
   11902.975     0.700000        21334         3.33
   12410.879     0.750000        22856         4.00
   12664.831     0.775000        23641         4.44
   12926.975     0.800000        24391         5.00
   13205.503     0.825000        25153         5.71
   13508.607     0.850000        25904         6.67
   13819.903     0.875000        26665         8.00
   13983.743     0.887500        27047         8.89
   14147.583     0.900000        27427        10.00
   14327.807     0.912500        27803        11.43
   14540.799     0.925000        28192        13.33
   14770.175     0.937500        28570        16.00
   14909.439     0.943750        28771        17.78
   15032.319     0.950000        28948        20.00
   15220.735     0.956250        29146        22.86
   15368.191     0.962500        29327        26.67
   15540.223     0.968750        29523        32.00
   15622.143     0.971875        29619        35.56
   15728.639     0.975000        29711        40.00
   15843.327     0.978125        29804        45.71
   15998.975     0.981250        29903        53.33
   16146.431     0.984375        29994        64.00
   16236.543     0.985938        30045        71.11
   16326.655     0.987500        30092        80.00
   16433.151     0.989062        30141        91.43
   16523.263     0.990625        30185       106.67
   16670.719     0.992188        30232       128.00
   16736.255     0.992969        30260       142.22
   16793.599     0.993750        30279       160.00
   16875.519     0.994531        30307       182.86
   16957.439     0.995313        30328       213.33
   17072.127     0.996094        30353       256.00
   17137.663     0.996484        30362       284.44
   17203.199     0.996875        30374       320.00
   17301.503     0.997266        30388       365.71
   17416.191     0.997656        30399       426.67
   17498.111     0.998047        30412       512.00
   17563.647     0.998242        30416       568.89
   17645.567     0.998437        30425       640.00
   17711.103     0.998633        30428       731.43
   17825.791     0.998828        30435       853.33
   17891.327     0.999023        30443      1024.00
   17891.327     0.999121        30443      1137.78
   17924.095     0.999219        30447      1280.00
   17973.247     0.999316        30449      1462.86
   18153.471     0.999414        30452      1706.67
   18235.391     0.999512        30455      2048.00
   18251.775     0.999561        30456      2275.56
   18464.767     0.999609        30458      2560.00
   18497.535     0.999658        30459      2925.71
   18694.143     0.999707        30461      3413.33
   18743.295     0.999756        30462      4096.00
   18792.447     0.999780        30463      4551.11
   18907.135     0.999805        30464      5120.00
   18907.135     0.999829        30464      5851.43
   19005.439     0.999854        30465      6826.67
   19054.591     0.999878        30466      8192.00
   19054.591     0.999890        30466      9102.22
   19103.743     0.999902        30467     10240.00
   19103.743     0.999915        30467     11702.86
   19103.743     0.999927        30467     13653.33
   19136.511     0.999939        30468     16384.00
   19136.511     0.999945        30468     18204.44
   19136.511     0.999951        30468     20480.00
   19136.511     0.999957        30468     23405.71
   19136.511     0.999963        30468     27306.67
   19349.503     0.999969        30469     32768.00
   19349.503     1.000000        30469          inf
#[Mean    =     9963.913, StdDeviation   =     3145.798]
#[Max     =    19333.120, Total count    =        30469]
#[Buckets =           27, SubBuckets     =         2048]
----------------------------------------------------------
  45029 requests in 30.02s, 18.73MB read
  Socket errors: connect 0, read 0, write 0, timeout 1
Requests/sec:   1499.82
Transfer/sec:    638.82KB
