No argument supplied nginx
using  args: threads=4 and connections=512 and duration=30 and requests=1000
Running 30s test @ http://localhost:5000
  4 threads and 512 connections
  Thread calibration: mean lat.: 3.267ms, rate sampling interval: 11ms
  Thread calibration: mean lat.: 3.200ms, rate sampling interval: 10ms
  Thread calibration: mean lat.: 3.229ms, rate sampling interval: 10ms
  Thread calibration: mean lat.: 3.225ms, rate sampling interval: 11ms
  Thread Stats   Avg      Stdev     99%   +/- Stdev
    Latency     3.20ms    1.56ms   8.00ms   73.52%
    Req/Sec   263.36    163.84   700.00     71.55%
  Latency Distribution (HdrHistogram - Recorded Latency)
 50.000%    2.68ms
 75.000%    4.08ms
 90.000%    5.41ms
 99.000%    8.00ms
 99.900%   10.50ms
 99.990%   12.86ms
 99.999%   14.06ms
100.000%   14.06ms

  Detailed Percentile spectrum:
       Value   Percentile   TotalCount 1/(1-Percentile)

       1.095     0.000000            1         1.00
       1.612     0.100000         1993         1.11
       1.927     0.200000         3993         1.25
       2.131     0.300000         5995         1.43
       2.377     0.400000         7972         1.67
       2.679     0.500000         9971         2.00
       2.937     0.550000        10969         2.22
       3.199     0.600000        11959         2.50
       3.497     0.650000        12955         2.86
       3.751     0.700000        13957         3.33
       4.077     0.750000        14956         4.00
       4.227     0.775000        15447         4.44
       4.423     0.800000        15949         5.00
       4.619     0.825000        16449         5.71
       4.823     0.850000        16944         6.67
       5.087     0.875000        17438         8.00
       5.239     0.887500        17687         8.89
       5.411     0.900000        17941        10.00
       5.599     0.912500        18193        11.43
       5.775     0.925000        18444        13.33
       6.003     0.937500        18691        16.00
       6.131     0.943750        18811        17.78
       6.255     0.950000        18935        20.00
       6.415     0.956250        19061        22.86
       6.607     0.962500        19183        26.67
       6.827     0.968750        19307        32.00
       6.959     0.971875        19370        35.56
       7.075     0.975000        19431        40.00
       7.231     0.978125        19494        45.71
       7.411     0.981250        19558        53.33
       7.595     0.984375        19620        64.00
       7.691     0.985938        19650        71.11
       7.767     0.987500        19682        80.00
       7.903     0.989062        19712        91.43
       8.059     0.990625        19743       106.67
       8.295     0.992188        19775       128.00
       8.399     0.992969        19789       142.22
       8.479     0.993750        19805       160.00
       8.695     0.994531        19821       182.86
       8.855     0.995313        19836       213.33
       9.079     0.996094        19852       256.00
       9.199     0.996484        19859       284.44
       9.287     0.996875        19867       320.00
       9.415     0.997266        19875       365.71
       9.639     0.997656        19883       426.67
       9.815     0.998047        19891       512.00
       9.871     0.998242        19894       568.89
      10.015     0.998437        19898       640.00
      10.151     0.998633        19902       731.43
      10.295     0.998828        19906       853.33
      10.543     0.999023        19910      1024.00
      10.591     0.999121        19912      1137.78
      10.655     0.999219        19914      1280.00
      10.735     0.999316        19916      1462.86
      10.847     0.999414        19918      1706.67
      10.943     0.999512        19920      2048.00
      10.967     0.999561        19921      2275.56
      11.071     0.999609        19922      2560.00
      11.095     0.999658        19923      2925.71
      11.295     0.999707        19925      3413.33
      11.295     0.999756        19925      4096.00
      11.295     0.999780        19925      4551.11
      12.615     0.999805        19926      5120.00
      12.615     0.999829        19926      5851.43
      12.863     0.999854        19927      6826.67
      12.863     0.999878        19927      8192.00
      12.863     0.999890        19927      9102.22
      13.135     0.999902        19928     10240.00
      13.135     0.999915        19928     11702.86
      13.135     0.999927        19928     13653.33
      13.135     0.999939        19928     16384.00
      13.135     0.999945        19928     18204.44
      14.055     0.999951        19929     20480.00
      14.055     1.000000        19929          inf
#[Mean    =        3.200, StdDeviation   =        1.558]
#[Max     =       14.048, Total count    =        19929]
#[Buckets =           27, SubBuckets     =         2048]
----------------------------------------------------------
  29902 requests in 30.01s, 12.43MB read
  Socket errors: connect 0, read 0, write 0, timeout 133
Requests/sec:    996.37
Transfer/sec:    424.10KB
