No argument supplied nginx
using  args: threads=4 and connections=512 and duration=30 and requests=2000
Running 30s test @ http://localhost:8080
  4 threads and 512 connections
  Thread calibration: mean lat.: 3.943ms, rate sampling interval: 11ms
  Thread calibration: mean lat.: 3.923ms, rate sampling interval: 11ms
  Thread calibration: mean lat.: 3.867ms, rate sampling interval: 11ms
  Thread calibration: mean lat.: 3.951ms, rate sampling interval: 11ms
  Thread Stats   Avg      Stdev     99%   +/- Stdev
    Latency     4.10ms    2.29ms   7.75ms   83.32%
    Req/Sec   523.64    224.36     1.10k    70.76%
  Latency Distribution (HdrHistogram - Recorded Latency)
 50.000%    4.45ms
 75.000%    5.05ms
 90.000%    5.71ms
 99.000%    7.75ms
 99.900%   15.81ms
 99.990%   90.43ms
 99.999%  103.68ms
100.000%  103.68ms

  Detailed Percentile spectrum:
       Value   Percentile   TotalCount 1/(1-Percentile)

       1.099     0.000000            1         1.00
       1.753     0.100000         3974         1.11
       2.027     0.200000         7939         1.25
       3.365     0.300000        11913         1.43
       4.143     0.400000        15878         1.67
       4.451     0.500000        19855         2.00
       4.575     0.550000        21841         2.22
       4.691     0.600000        23875         2.50
       4.799     0.650000        25827         2.86
       4.919     0.700000        27797         3.33
       5.047     0.750000        29778         4.00
       5.123     0.775000        30813         4.44
       5.203     0.800000        31779         5.00
       5.291     0.825000        32750         5.71
       5.403     0.850000        33763         6.67
       5.535     0.875000        34742         8.00
       5.619     0.887500        35252         8.89
       5.707     0.900000        35732        10.00
       5.811     0.912500        36214        11.43
       5.951     0.925000        36719        13.33
       6.111     0.937500        37218        16.00
       6.195     0.943750        37454        17.78
       6.291     0.950000        37710        20.00
       6.407     0.956250        37951        22.86
       6.547     0.962500        38201        26.67
       6.723     0.968750        38448        32.00
       6.799     0.971875        38572        35.56
       6.903     0.975000        38695        40.00
       7.015     0.978125        38819        45.71
       7.135     0.981250        38944        53.33
       7.303     0.984375        39067        64.00
       7.407     0.985938        39128        71.11
       7.527     0.987500        39192        80.00
       7.663     0.989062        39255        91.43
       7.783     0.990625        39315       106.67
       7.991     0.992188        39377       128.00
       8.087     0.992969        39407       142.22
       8.239     0.993750        39440       160.00
       8.359     0.994531        39470       182.86
       8.527     0.995313        39502       213.33
       8.703     0.996094        39532       256.00
       8.871     0.996484        39547       284.44
       8.999     0.996875        39562       320.00
       9.183     0.997266        39578       365.71
       9.455     0.997656        39593       426.67
       9.951     0.998047        39609       512.00
      10.183     0.998242        39617       568.89
      10.687     0.998437        39624       640.00
      10.887     0.998633        39632       731.43
      11.919     0.998828        39640       853.33
      24.847     0.999023        39648      1024.00
      28.383     0.999121        39652      1137.78
      30.367     0.999219        39655      1280.00
      33.791     0.999316        39659      1462.86
      37.823     0.999414        39663      1706.67
      43.167     0.999512        39667      2048.00
      47.647     0.999561        39669      2275.56
      56.063     0.999609        39671      2560.00
      59.135     0.999658        39673      2925.71
      64.607     0.999707        39675      3413.33
      68.095     0.999756        39677      4096.00
      68.351     0.999780        39678      4551.11
      76.095     0.999805        39679      5120.00
      88.063     0.999829        39680      5851.43
      88.383     0.999854        39681      6826.67
      90.431     0.999878        39682      8192.00
      90.431     0.999890        39682      9102.22
      91.967     0.999902        39683     10240.00
      91.967     0.999915        39683     11702.86
      94.591     0.999927        39684     13653.33
      94.591     0.999939        39684     16384.00
      94.591     0.999945        39684     18204.44
      96.127     0.999951        39685     20480.00
      96.127     0.999957        39685     23405.71
      96.127     0.999963        39685     27306.67
      96.127     0.999969        39685     32768.00
      96.127     0.999973        39685     36408.89
     103.679     0.999976        39686     40960.00
     103.679     1.000000        39686          inf
#[Mean    =        4.096, StdDeviation   =        2.295]
#[Max     =      103.616, Total count    =        39686]
#[Buckets =           27, SubBuckets     =         2048]
----------------------------------------------------------
  59184 requests in 30.00s, 478.71MB read
  Socket errors: connect 0, read 0, write 0, timeout 9
Requests/sec:   1972.67
Transfer/sec:     15.96MB
