No argument supplied nginx
using  args: threads=4 and connections=512 and duration=30 and requests=10000
Running 30s test @ http://localhost:5000
  4 threads and 512 connections
  Thread calibration: mean lat.: 3797.846ms, rate sampling interval: 14614ms
  Thread calibration: mean lat.: 3793.363ms, rate sampling interval: 14622ms
  Thread calibration: mean lat.: 3779.787ms, rate sampling interval: 13615ms
  Thread calibration: mean lat.: 3761.684ms, rate sampling interval: 14598ms
  Thread Stats   Avg      Stdev     99%   +/- Stdev
    Latency    16.28s     4.92s   25.10s    58.25%
    Req/Sec   402.00      2.55   406.00     75.00%
  Latency Distribution (HdrHistogram - Recorded Latency)
 50.000%   16.11s 
 75.000%   20.56s 
 90.000%   23.18s 
 99.000%   25.10s 
 99.900%   25.82s 
 99.990%   26.35s 
 99.999%   26.84s 
100.000%   26.84s 

  Detailed Percentile spectrum:
       Value   Percentile   TotalCount 1/(1-Percentile)

    6709.247     0.000000            1         1.00
    9674.751     0.100000         3181         1.11
   11304.959     0.200000         6366         1.25
   12771.327     0.300000         9541         1.43
   14393.343     0.400000        12726         1.67
   16105.471     0.500000        15900         2.00
   16973.823     0.550000        17501         2.22
   17858.559     0.600000        19111         2.50
   18759.679     0.650000        20698         2.86
   19660.799     0.700000        22271         3.33
   20561.919     0.750000        23852         4.00
   21004.287     0.775000        24659         4.44
   21463.039     0.800000        25433         5.00
   21889.023     0.825000        26255         5.71
   22298.623     0.850000        27024         6.67
   22757.375     0.875000        27847         8.00
   22970.367     0.887500        28216         8.89
   23183.359     0.900000        28617        10.00
   23396.351     0.912500        29040        11.43
   23625.727     0.925000        29430        13.33
   23838.719     0.937500        29808        16.00
   23953.407     0.943750        30010        17.78
   24068.095     0.950000        30207        20.00
   24199.167     0.956250        30414        22.86
   24330.239     0.962500        30619        26.67
   24461.311     0.968750        30812        32.00
   24526.847     0.971875        30903        35.56
   24625.151     0.975000        31020        40.00
   24707.071     0.978125        31108        45.71
   24788.991     0.981250        31207        53.33
   24887.295     0.984375        31310        64.00
   24936.447     0.985938        31354        71.11
   24985.599     0.987500        31396        80.00
   25051.135     0.989062        31445        91.43
   25116.671     0.990625        31496       106.67
   25198.591     0.992188        31549       128.00
   25231.359     0.992969        31569       142.22
   25280.511     0.993750        31595       160.00
   25329.663     0.994531        31622       182.86
   25395.199     0.995313        31646       213.33
   25477.119     0.996094        31670       256.00
   25509.887     0.996484        31684       284.44
   25542.655     0.996875        31695       320.00
   25591.807     0.997266        31709       365.71
   25624.575     0.997656        31718       426.67
   25673.727     0.998047        31730       512.00
   25706.495     0.998242        31740       568.89
   25722.879     0.998437        31744       640.00
   25739.263     0.998633        31748       731.43
   25788.415     0.998828        31754       853.33
   25821.183     0.999023        31761      1024.00
   25903.103     0.999121        31765      1137.78
   25935.871     0.999219        31767      1280.00
   25968.639     0.999316        31770      1462.86
   26034.175     0.999414        31774      1706.67
   26050.559     0.999512        31776      2048.00
   26083.327     0.999561        31779      2275.56
   26083.327     0.999609        31779      2560.00
   26181.631     0.999658        31782      2925.71
   26181.631     0.999707        31782      3413.33
   26198.015     0.999756        31784      4096.00
   26230.783     0.999780        31785      4551.11
   26230.783     0.999805        31785      5120.00
   26279.935     0.999829        31786      5851.43
   26345.471     0.999854        31788      6826.67
   26345.471     0.999878        31788      8192.00
   26345.471     0.999890        31788      9102.22
   26345.471     0.999902        31788     10240.00
   26394.623     0.999915        31789     11702.86
   26394.623     0.999927        31789     13653.33
   26460.159     0.999939        31790     16384.00
   26460.159     0.999945        31790     18204.44
   26460.159     0.999951        31790     20480.00
   26460.159     0.999957        31790     23405.71
   26460.159     0.999963        31790     27306.67
   26836.991     0.999969        31791     32768.00
   26836.991     1.000000        31791          inf
#[Mean    =    16283.732, StdDeviation   =     4917.874]
#[Max     =    26820.608, Total count    =        31791]
#[Buckets =           27, SubBuckets     =         2048]
----------------------------------------------------------
  48772 requests in 30.00s, 20.18MB read
Requests/sec:   1625.73
Transfer/sec:    688.92KB
