No argument supplied nginx
using  args: threads=4 and connections=512 and duration=30 and requests=5000
Running 30s test @ http://localhost:8080
  4 threads and 512 connections
  Thread calibration: mean lat.: 11.164ms, rate sampling interval: 12ms
  Thread calibration: mean lat.: 8.863ms, rate sampling interval: 11ms
  Thread calibration: mean lat.: 31.159ms, rate sampling interval: 59ms
  Thread calibration: mean lat.: 76.338ms, rate sampling interval: 561ms
  Thread Stats   Avg      Stdev     99%   +/- Stdev
    Latency    52.94ms  146.30ms 776.19ms   91.81%
    Req/Sec     1.30k   336.79     2.18k    70.79%
  Latency Distribution (HdrHistogram - Recorded Latency)
 50.000%    3.57ms
 75.000%    7.66ms
 90.000%  159.23ms
 99.000%  776.19ms
 99.900%    1.28s 
 99.990%    1.66s 
 99.999%    1.84s 
100.000%    1.88s 

  Detailed Percentile spectrum:
       Value   Percentile   TotalCount 1/(1-Percentile)

       1.021     0.000000            1         1.00
       1.540     0.100000         9992         1.11
       1.851     0.200000        19941         1.25
       2.229     0.300000        29930         1.43
       2.557     0.400000        39852         1.67
       3.573     0.500000        49810         2.00
       4.399     0.550000        54789         2.22
       4.779     0.600000        59815         2.50
       5.103     0.650000        64757         2.86
       5.551     0.700000        69744         3.33
       7.663     0.750000        74712         4.00
      20.639     0.775000        77204         4.44
      38.463     0.800000        79698         5.00
      59.583     0.825000        82185         5.71
      85.183     0.850000        84679         6.67
     116.863     0.875000        87164         8.00
     136.319     0.887500        88413         8.89
     159.231     0.900000        89655        10.00
     185.983     0.912500        90905        11.43
     219.007     0.925000        92145        13.33
     259.711     0.937500        93390        16.00
     284.927     0.943750        94019        17.78
     312.831     0.950000        94642        20.00
     345.855     0.956250        95258        22.86
     388.863     0.962500        95883        26.67
     440.831     0.968750        96504        32.00
     471.807     0.971875        96816        35.56
     506.111     0.975000        97128        40.00
     548.863     0.978125        97438        45.71
     601.087     0.981250        97754        53.33
     655.359     0.984375        98062        64.00
     683.007     0.985938        98216        71.11
     716.287     0.987500        98374        80.00
     753.663     0.989062        98530        91.43
     793.599     0.990625        98686       106.67
     847.359     0.992188        98840       128.00
     872.447     0.992969        98918       142.22
     900.607     0.993750        98995       160.00
     941.055     0.994531        99072       182.86
     980.991     0.995313        99150       213.33
    1022.463     0.996094        99227       256.00
    1048.575     0.996484        99266       284.44
    1078.271     0.996875        99305       320.00
    1110.015     0.997266        99346       365.71
    1138.687     0.997656        99383       426.67
    1172.479     0.998047        99422       512.00
    1189.887     0.998242        99441       568.89
    1209.343     0.998437        99461       640.00
    1227.775     0.998633        99480       731.43
    1258.495     0.998828        99500       853.33
    1297.407     0.999023        99519      1024.00
    1314.815     0.999121        99529      1137.78
    1334.271     0.999219        99539      1280.00
    1351.679     0.999316        99548      1462.86
    1385.471     0.999414        99558      1706.67
    1428.479     0.999512        99568      2048.00
    1443.839     0.999561        99573      2275.56
    1468.415     0.999609        99578      2560.00
    1490.943     0.999658        99582      2925.71
    1511.423     0.999707        99587      3413.33
    1534.975     0.999756        99592      4096.00
    1563.647     0.999780        99595      4551.11
    1576.959     0.999805        99597      5120.00
    1591.295     0.999829        99600      5851.43
    1599.487     0.999854        99602      6826.67
    1647.615     0.999878        99604      8192.00
    1659.903     0.999890        99606      9102.22
    1685.503     0.999902        99607     10240.00
    1687.551     0.999915        99608     11702.86
    1688.575     0.999927        99609     13653.33
    1692.671     0.999939        99610     16384.00
    1710.079     0.999945        99611     18204.44
    1768.447     0.999951        99612     20480.00
    1768.447     0.999957        99612     23405.71
    1798.143     0.999963        99613     27306.67
    1798.143     0.999969        99613     32768.00
    1802.239     0.999973        99614     36408.89
    1802.239     0.999976        99614     40960.00
    1802.239     0.999979        99614     46811.43
    1839.103     0.999982        99615     54613.33
    1839.103     0.999985        99615     65536.00
    1839.103     0.999986        99615     72817.78
    1839.103     0.999988        99615     81920.00
    1839.103     0.999989        99615     93622.86
    1882.111     0.999991        99616    109226.67
    1882.111     1.000000        99616          inf
#[Mean    =       52.935, StdDeviation   =      146.298]
#[Max     =     1881.088, Total count    =        99616]
#[Buckets =           27, SubBuckets     =         2048]
----------------------------------------------------------
  147137 requests in 30.00s, 580.97MB read
  Non-2xx or 3xx responses: 5937
Requests/sec:   4904.35
Transfer/sec:     19.36MB
