No argument supplied nginx
using  args: threads=4 and connections=512 and duration=30 and requests=6000
Running 30s test @ http://localhost:8080
  4 threads and 512 connections
  Thread calibration: mean lat.: 7.659ms, rate sampling interval: 11ms
  Thread calibration: mean lat.: 9.731ms, rate sampling interval: 12ms
  Thread calibration: mean lat.: 7.981ms, rate sampling interval: 11ms
  Thread calibration: mean lat.: 7.879ms, rate sampling interval: 11ms
  Thread Stats   Avg      Stdev     99%   +/- Stdev
    Latency    25.56ms   67.47ms 343.04ms   91.34%
    Req/Sec     1.56k   481.70     2.90k    73.76%
  Latency Distribution (HdrHistogram - Recorded Latency)
 50.000%    4.17ms
 75.000%    5.99ms
 90.000%   77.44ms
 99.000%  343.04ms
 99.900%  630.27ms
 99.990%  819.20ms
 99.999%    1.01s 
100.000%    1.18s 

  Detailed Percentile spectrum:
       Value   Percentile   TotalCount 1/(1-Percentile)

       1.064     0.000000            1         1.00
       1.637     0.100000        11850         1.11
       1.989     0.200000        23705         1.25
       2.353     0.300000        35540         1.43
       2.761     0.400000        47365         1.67
       4.167     0.500000        59201         2.00
       4.607     0.550000        65170         2.22
       4.891     0.600000        71099         2.50
       5.151     0.650000        77029         2.86
       5.463     0.700000        82923         3.33
       5.991     0.750000        88818         4.00
       6.639     0.775000        91772         4.44
       8.807     0.800000        94722         5.00
      19.311     0.825000        97683         5.71
      35.519     0.850000       100643         6.67
      54.143     0.875000       103602         8.00
      65.279     0.887500       105087         8.89
      77.439     0.900000       106563        10.00
      91.711     0.912500       108045        11.43
     108.159     0.925000       109528        13.33
     127.615     0.937500       111004        16.00
     140.287     0.943750       111744        17.78
     153.983     0.950000       112488        20.00
     168.959     0.956250       113222        22.86
     186.111     0.962500       113965        26.67
     206.719     0.968750       114702        32.00
     219.007     0.971875       115072        35.56
     232.703     0.975000       115450        40.00
     247.935     0.978125       115813        45.71
     265.471     0.981250       116182        53.33
     286.719     0.984375       116552        64.00
     300.031     0.985938       116738        71.11
     312.831     0.987500       116922        80.00
     332.031     0.989062       117108        91.43
     351.999     0.990625       117294       106.67
     375.039     0.992188       117477       128.00
     388.351     0.992969       117570       142.22
     403.455     0.993750       117664       160.00
     420.607     0.994531       117759       182.86
     439.295     0.995313       117849       213.33
     458.495     0.996094       117940       256.00
     470.271     0.996484       117987       284.44
     487.167     0.996875       118032       320.00
     507.391     0.997266       118079       365.71
     526.847     0.997656       118127       426.67
     560.127     0.998047       118172       512.00
     571.391     0.998242       118194       568.89
     584.191     0.998437       118217       640.00
     597.503     0.998633       118241       731.43
     611.839     0.998828       118265       853.33
     632.831     0.999023       118287      1024.00
     643.583     0.999121       118298      1137.78
     659.455     0.999219       118310      1280.00
     668.671     0.999316       118322      1462.86
     686.079     0.999414       118334      1706.67
     703.999     0.999512       118345      2048.00
     709.119     0.999561       118350      2275.56
     712.191     0.999609       118356      2560.00
     729.087     0.999658       118362      2925.71
     743.423     0.999707       118368      3413.33
     768.511     0.999756       118375      4096.00
     771.071     0.999780       118376      4551.11
     778.239     0.999805       118379      5120.00
     789.503     0.999829       118382      5851.43
     797.695     0.999854       118385      6826.67
     813.055     0.999878       118388      8192.00
     816.127     0.999890       118389      9102.22
     822.783     0.999902       118391     10240.00
     825.343     0.999915       118392     11702.86
     836.095     0.999927       118394     13653.33
     845.311     0.999939       118395     16384.00
     868.863     0.999945       118396     18204.44
     910.847     0.999951       118397     20480.00
     910.847     0.999957       118397     23405.71
     912.383     0.999963       118398     27306.67
     939.007     0.999969       118399     32768.00
     939.007     0.999973       118399     36408.89
     949.247     0.999976       118400     40960.00
     949.247     0.999979       118400     46811.43
     949.247     0.999982       118400     54613.33
    1010.687     0.999985       118401     65536.00
    1010.687     0.999986       118401     72817.78
    1010.687     0.999988       118401     81920.00
    1010.687     0.999989       118401     93622.86
    1010.687     0.999991       118401    109226.67
    1181.695     0.999992       118402    131072.00
    1181.695     1.000000       118402          inf
#[Mean    =       25.563, StdDeviation   =       67.468]
#[Max     =     1180.672, Total count    =       118402]
#[Buckets =           27, SubBuckets     =         2048]
----------------------------------------------------------
  177083 requests in 30.00s, 867.31MB read
  Non-2xx or 3xx responses: 4393
Requests/sec:   5901.92
Transfer/sec:     28.91MB
