Using argument nginx
using  args: threads=4 and connections=512 and duration=30 and requests=2500
Running 30s test @ http://10.10.1.5:8080
  4 threads and 512 connections
  Thread calibration: mean lat.: 1.973ms, rate sampling interval: 10ms
  Thread calibration: mean lat.: 1.873ms, rate sampling interval: 10ms
  Thread calibration: mean lat.: 1.919ms, rate sampling interval: 10ms
  Thread calibration: mean lat.: 1.911ms, rate sampling interval: 10ms
  Thread Stats   Avg      Stdev     99%   +/- Stdev
    Latency   123.49ms  451.10ms   2.50s    93.68%
    Req/Sec   597.06    457.18     2.40k    71.75%
  Latency Distribution (HdrHistogram - Recorded Latency)
 50.000%    3.58ms
 75.000%    4.55ms
 90.000%  101.44ms
 99.000%    2.50s 
 99.900%    3.01s 
 99.990%    3.18s 
 99.999%    3.28s 
100.000%    3.28s 

  Detailed Percentile spectrum:
       Value   Percentile   TotalCount 1/(1-Percentile)

       0.353     0.000000            1         1.00
       0.807     0.100000         4506         1.11
       0.922     0.200000         9031         1.25
       1.744     0.300000        13517         1.43
       2.885     0.400000        18027         1.67
       3.579     0.500000        22547         2.00
       3.723     0.550000        24806         2.22
       3.859     0.600000        27046         2.50
       4.027     0.650000        29291         2.86
       4.231     0.700000        31551         3.33
       4.547     0.750000        33811         4.00
       4.815     0.775000        34926         4.44
       5.243     0.800000        36048         5.00
       6.079     0.825000        37174         5.71
      19.087     0.850000        38296         6.67
      59.615     0.875000        39423         8.00
      79.871     0.887500        39987         8.89
     101.439     0.900000        40549        10.00
     172.415     0.912500        41112        11.43
     299.007     0.925000        41675        13.33
     603.135     0.937500        42239        16.00
     824.319     0.943750        42521        17.78
    1040.383     0.950000        42802        20.00
    1274.879     0.956250        43084        22.86
    1489.919     0.962500        43368        26.67
    1707.007     0.968750        43647        32.00
    1840.127     0.971875        43787        35.56
    1954.815     0.975000        43929        40.00
    2061.311     0.978125        44069        45.71
    2170.879     0.981250        44211        53.33
    2265.087     0.984375        44355        64.00
    2318.335     0.985938        44423        71.11
    2400.255     0.987500        44492        80.00
    2457.599     0.989062        44562        91.43
    2519.039     0.990625        44632       106.67
    2594.815     0.992188        44703       128.00
    2625.535     0.992969        44738       142.22
    2652.159     0.993750        44777       160.00
    2689.023     0.994531        44809       182.86
    2717.695     0.995313        44845       213.33
    2754.559     0.996094        44879       256.00
    2781.183     0.996484        44896       284.44
    2809.855     0.996875        44914       320.00
    2828.287     0.997266        44931       365.71
    2863.103     0.997656        44949       426.67
    2910.207     0.998047        44967       512.00
    2922.495     0.998242        44975       568.89
    2928.639     0.998437        44984       640.00
    2936.831     0.998633        44993       731.43
    2971.647     0.998828        45003       853.33
    3016.703     0.999023        45012      1024.00
    3024.895     0.999121        45015      1137.78
    3033.087     0.999219        45019      1280.00
    3071.999     0.999316        45024      1462.86
    3082.239     0.999414        45028      1706.67
    3106.815     0.999512        45033      2048.00
    3110.911     0.999561        45035      2275.56
    3112.959     0.999609        45039      2560.00
    3112.959     0.999658        45039      2925.71
    3117.055     0.999707        45041      3413.33
    3125.247     0.999756        45044      4096.00
    3135.487     0.999780        45045      4551.11
    3139.583     0.999805        45046      5120.00
    3143.679     0.999829        45047      5851.43
    3147.775     0.999854        45048      6826.67
    3178.495     0.999878        45049      8192.00
    3194.879     0.999890        45050      9102.22
    3194.879     0.999902        45050     10240.00
    3207.167     0.999915        45051     11702.86
    3207.167     0.999927        45051     13653.33
    3209.215     0.999939        45052     16384.00
    3209.215     0.999945        45052     18204.44
    3209.215     0.999951        45052     20480.00
    3223.551     0.999957        45053     23405.71
    3223.551     0.999963        45053     27306.67
    3223.551     0.999969        45053     32768.00
    3223.551     0.999973        45053     36408.89
    3223.551     0.999976        45053     40960.00
    3276.799     0.999979        45054     46811.43
    3276.799     1.000000        45054          inf
#[Mean    =      123.486, StdDeviation   =      451.104]
#[Max     =     3274.752, Total count    =        45054]
#[Buckets =           27, SubBuckets     =         2048]
----------------------------------------------------------
  70077 requests in 30.03s, 407.64MB read
  Socket errors: connect 0, read 0, write 0, timeout 1
  Non-2xx or 3xx responses: 242
Requests/sec:   2333.56
Transfer/sec:     13.57MB
