Using argument nginx
using  args: threads=4 and connections=512 and duration=30 and requests=5000
Running 30s test @ http://10.10.1.8:8080/wrk2-api/user-timeline/read
  4 threads and 512 connections
  Thread calibration: mean lat.: 397.598ms, rate sampling interval: 1890ms
  Thread calibration: mean lat.: 460.148ms, rate sampling interval: 2015ms
  Thread calibration: mean lat.: 412.476ms, rate sampling interval: 1998ms
  Thread calibration: mean lat.: 451.811ms, rate sampling interval: 2086ms
  Thread Stats   Avg      Stdev     99%   +/- Stdev
    Latency     1.72s     1.07s    4.65s    66.80%
    Req/Sec     1.14k    15.12     1.17k    67.57%
  Latency Distribution (HdrHistogram - Recorded Latency)
 50.000%    1.54s 
 75.000%    2.41s 
 90.000%    3.24s 
 99.000%    4.65s 
 99.900%    5.64s 
 99.990%    6.09s 
 99.999%    6.35s 
100.000%    6.45s 

  Detailed Percentile spectrum:
       Value   Percentile   TotalCount 1/(1-Percentile)

       8.847     0.000000            1         1.00
     455.423     0.100000         9057         1.11
     747.007     0.200000        18119         1.25
    1003.519     0.300000        27171         1.43
    1268.735     0.400000        36221         1.67
    1537.023     0.500000        45290         2.00
    1685.503     0.550000        49812         2.22
    1843.199     0.600000        54337         2.50
    2016.255     0.650000        58854         2.86
    2211.839     0.700000        63380         3.33
    2414.591     0.750000        67942         4.00
    2519.039     0.775000        70195         4.44
    2631.679     0.800000        72461         5.00
    2764.799     0.825000        74711         5.71
    2904.063     0.850000        76987         6.67
    3055.615     0.875000        79241         8.00
    3147.775     0.887500        80366         8.89
    3239.935     0.900000        81502        10.00
    3338.239     0.912500        82634        11.43
    3442.687     0.925000        83762        13.33
    3567.615     0.937500        84896        16.00
    3641.343     0.943750        85452        17.78
    3717.119     0.950000        86010        20.00
    3807.231     0.956250        86582        22.86
    3903.487     0.962500        87142        26.67
    4028.415     0.968750        87711        32.00
    4098.047     0.971875        87991        35.56
    4169.727     0.975000        88273        40.00
    4243.455     0.978125        88557        45.71
    4329.471     0.981250        88844        53.33
    4427.775     0.984375        89128        64.00
    4476.927     0.985938        89263        71.11
    4538.367     0.987500        89407        80.00
    4607.999     0.989062        89546        91.43
    4689.919     0.990625        89690       106.67
    4800.511     0.992188        89830       128.00
    4866.047     0.992969        89906       142.22
    4931.583     0.993750        89973       160.00
    5001.215     0.994531        90042       182.86
    5074.943     0.995313        90114       213.33
    5165.055     0.996094        90183       256.00
    5206.015     0.996484        90218       284.44
    5263.359     0.996875        90254       320.00
    5312.511     0.997266        90289       365.71
    5361.663     0.997656        90327       426.67
    5423.103     0.998047        90362       512.00
    5451.775     0.998242        90378       568.89
    5484.543     0.998437        90396       640.00
    5537.791     0.998633        90416       731.43
    5591.039     0.998828        90430       853.33
    5652.479     0.999023        90450      1024.00
    5664.767     0.999121        90457      1137.78
    5693.439     0.999219        90466      1280.00
    5726.207     0.999316        90475      1462.86
    5783.551     0.999414        90483      1706.67
    5828.607     0.999512        90492      2048.00
    5873.663     0.999561        90498      2275.56
    5902.335     0.999609        90501      2560.00
    5926.911     0.999658        90506      2925.71
    5943.295     0.999707        90510      3413.33
    5980.159     0.999756        90514      4096.00
    5988.351     0.999780        90517      4551.11
    6000.639     0.999805        90520      5120.00
    6012.927     0.999829        90521      5851.43
    6021.119     0.999854        90523      6826.67
    6029.311     0.999878        90525      8192.00
    6086.655     0.999890        90527      9102.22
    6107.135     0.999902        90528     10240.00
    6123.519     0.999915        90529     11702.86
    6201.343     0.999927        90530     13653.33
    6205.439     0.999939        90531     16384.00
    6213.631     0.999945        90532     18204.44
    6213.631     0.999951        90532     20480.00
    6303.743     0.999957        90533     23405.71
    6303.743     0.999963        90533     27306.67
    6311.935     0.999969        90534     32768.00
    6311.935     0.999973        90534     36408.89
    6311.935     0.999976        90534     40960.00
    6352.895     0.999979        90535     46811.43
    6352.895     0.999982        90535     54613.33
    6352.895     0.999985        90535     65536.00
    6352.895     0.999986        90535     72817.78
    6352.895     0.999988        90535     81920.00
    6447.103     0.999989        90536     93622.86
    6447.103     1.000000        90536          inf
#[Mean    =     1720.253, StdDeviation   =     1074.181]
#[Max     =     6443.008, Total count    =        90536]
#[Buckets =           27, SubBuckets     =         2048]
----------------------------------------------------------
  134220 requests in 30.00s, 23.55MB read
Requests/sec:   4474.31
Transfer/sec:    803.98KB
