Using argument nginx
using  args: threads=4 and connections=512 and duration=30 and requests=4000
Running 30s test @ http://10.10.1.6:8080
  4 threads and 512 connections
  Thread calibration: mean lat.: 1501.090ms, rate sampling interval: 6270ms
  Thread calibration: mean lat.: 2096.956ms, rate sampling interval: 8798ms
  Thread calibration: mean lat.: 1800.924ms, rate sampling interval: 9207ms
  Thread calibration: mean lat.: 2078.959ms, rate sampling interval: 9764ms
  Thread Stats   Avg      Stdev     99%   +/- Stdev
    Latency    10.52s     5.57s   25.38s    66.17%
    Req/Sec   341.22     39.63   409.00     77.78%
  Latency Distribution (HdrHistogram - Recorded Latency)
 50.000%   10.07s 
 75.000%   14.13s 
 90.000%   18.15s 
 99.000%   25.38s 
 99.900%   26.95s 
 99.990%   27.36s 
 99.999%   27.75s 
100.000%   27.75s 

  Detailed Percentile spectrum:
       Value   Percentile   TotalCount 1/(1-Percentile)

       1.708     0.000000            1         1.00
    3639.295     0.100000         2795         1.11
    5390.335     0.200000         5590         1.25
    7110.655     0.300000         8377         1.43
    8732.671     0.400000        11179         1.67
   10067.967     0.500000        13965         2.00
   10698.751     0.550000        15367         2.22
   11395.071     0.600000        16757         2.50
   12148.735     0.650000        18145         2.86
   13058.047     0.700000        19544         3.33
   14131.199     0.750000        20934         4.00
   14753.791     0.775000        21632         4.44
   15351.807     0.800000        22335         5.00
   15859.711     0.825000        23028         5.71
   16580.607     0.850000        23730         6.67
   17235.967     0.875000        24427         8.00
   17678.335     0.887500        24776         8.89
   18153.471     0.900000        25121        10.00
   18743.295     0.912500        25472        11.43
   19316.735     0.925000        25816        13.33
   19906.559     0.937500        26168        16.00
   20185.087     0.943750        26340        17.78
   20545.535     0.950000        26514        20.00
   20938.751     0.956250        26689        22.86
   21463.039     0.962500        26868        26.67
   22020.095     0.968750        27037        32.00
   22315.007     0.971875        27125        35.56
   22757.375     0.975000        27214        40.00
   23379.967     0.978125        27299        45.71
   24150.015     0.981250        27388        53.33
   24543.231     0.984375        27475        64.00
   24772.607     0.985938        27517        71.11
   25018.367     0.987500        27562        80.00
   25231.359     0.989062        27604        91.43
   25460.735     0.990625        27649       106.67
   25640.959     0.992188        27692       128.00
   25755.647     0.992969        27713       142.22
   25886.719     0.993750        27735       160.00
   26034.175     0.994531        27760       182.86
   26198.015     0.995313        27781       213.33
   26329.087     0.996094        27800       256.00
   26378.239     0.996484        27812       284.44
   26460.159     0.996875        27823       320.00
   26525.695     0.997266        27836       365.71
   26574.847     0.997656        27845       426.67
   26656.767     0.998047        27858       512.00
   26689.535     0.998242        27862       568.89
   26771.455     0.998437        27867       640.00
   26804.223     0.998633        27872       731.43
   26902.527     0.998828        27878       853.33
   26968.063     0.999023        27882      1024.00
   27115.519     0.999121        27885      1137.78
   27181.055     0.999219        27890      1280.00
   27181.055     0.999316        27890      1462.86
   27230.207     0.999414        27894      1706.67
   27246.591     0.999512        27899      2048.00
   27246.591     0.999561        27899      2275.56
   27246.591     0.999609        27899      2560.00
   27262.975     0.999658        27900      2925.71
   27279.359     0.999707        27901      3413.33
   27295.743     0.999756        27903      4096.00
   27295.743     0.999780        27903      4551.11
   27312.127     0.999805        27905      5120.00
   27312.127     0.999829        27905      5851.43
   27312.127     0.999854        27905      6826.67
   27361.279     0.999878        27906      8192.00
   27361.279     0.999890        27906      9102.22
   27377.663     0.999902        27907     10240.00
   27377.663     0.999915        27907     11702.86
   27377.663     0.999927        27907     13653.33
   27508.735     0.999939        27908     16384.00
   27508.735     0.999945        27908     18204.44
   27508.735     0.999951        27908     20480.00
   27508.735     0.999957        27908     23405.71
   27508.735     0.999963        27908     27306.67
   27754.495     0.999969        27909     32768.00
   27754.495     1.000000        27909          inf
#[Mean    =    10519.659, StdDeviation   =     5570.718]
#[Max     =    27738.112, Total count    =        27909]
#[Buckets =           27, SubBuckets     =         2048]
----------------------------------------------------------
  43126 requests in 30.01s, 366.84MB read
  Non-2xx or 3xx responses: 900
Requests/sec:   1436.93
Transfer/sec:     12.22MB
