Running 30s test @ http://localhost:5000
  2 threads and 4 connections
  Thread calibration: mean lat.: 12.617ms, rate sampling interval: 50ms
  Thread calibration: mean lat.: 13.102ms, rate sampling interval: 52ms
  Thread Stats   Avg      Stdev     99%   +/- Stdev
    Latency    12.06ms   10.78ms  49.28ms   89.13%
    Req/Sec   100.42     43.24   211.00     75.73%
  Latency Distribution (HdrHistogram - Recorded Latency)
 50.000%    8.73ms
 75.000%   15.73ms
 90.000%   23.73ms
 99.000%   49.28ms
 99.900%  116.61ms
 99.990%  183.55ms
 99.999%  183.55ms
100.000%  183.55ms

  Detailed Percentile spectrum:
       Value   Percentile   TotalCount 1/(1-Percentile)

       1.354     0.000000            1         1.00
       3.435     0.100000          401         1.11
       5.131     0.200000          799         1.25
       5.847     0.300000         1202         1.43
       6.343     0.400000         1598         1.67
       8.735     0.500000         1996         2.00
      10.375     0.550000         2197         2.22
      11.511     0.600000         2396         2.50
      12.775     0.650000         2595         2.86
      14.255     0.700000         2795         3.33
      15.735     0.750000         2994         4.00
      16.575     0.775000         3096         4.44
      17.599     0.800000         3196         5.00
      18.895     0.825000         3295         5.71
      20.207     0.850000         3395         6.67
      21.775     0.875000         3493         8.00
      22.527     0.887500         3543         8.89
      23.727     0.900000         3593        10.00
      24.991     0.912500         3643        11.43
      26.383     0.925000         3694        13.33
      28.447     0.937500         3744        16.00
      29.167     0.943750         3768        17.78
      30.511     0.950000         3793        20.00
      32.223     0.956250         3818        22.86
      34.239     0.962500         3843        26.67
      35.391     0.968750         3870        32.00
      36.063     0.971875         3880        35.56
      36.703     0.975000         3894        40.00
      38.463     0.978125         3905        45.71
      40.383     0.981250         3918        53.33
      42.527     0.984375         3930        64.00
      44.383     0.985938         3936        71.11
      45.791     0.987500         3943        80.00
      48.831     0.989062         3949        91.43
      50.655     0.990625         3956       106.67
      52.831     0.992188         3961       128.00
      55.615     0.992969         3964       142.22
      59.871     0.993750         3968       160.00
      62.367     0.994531         3971       182.86
      66.431     0.995313         3974       213.33
      68.159     0.996094         3977       256.00
      71.039     0.996484         3978       284.44
      73.279     0.996875         3980       320.00
      75.839     0.997266         3982       365.71
      76.543     0.997656         3983       426.67
      95.039     0.998047         3985       512.00
      95.039     0.998242         3985       568.89
      95.615     0.998437         3986       640.00
     111.935     0.998633         3987       731.43
     116.607     0.998828         3988       853.33
     119.871     0.999023         3989      1024.00
     119.871     0.999121         3989      1137.78
     119.871     0.999219         3989      1280.00
     122.815     0.999316         3990      1462.86
     122.815     0.999414         3990      1706.67
     134.271     0.999512         3991      2048.00
     134.271     0.999561         3991      2275.56
     134.271     0.999609         3991      2560.00
     134.271     0.999658         3991      2925.71
     134.271     0.999707         3991      3413.33
     183.551     0.999756         3992      4096.00
     183.551     1.000000         3992          inf
#[Mean    =       12.058, StdDeviation   =       10.776]
#[Max     =      183.424, Total count    =         3992]
#[Buckets =           27, SubBuckets     =         2048]
----------------------------------------------------------
  5994 requests in 30.00s, 2.47MB read
Requests/sec:    199.78
Transfer/sec:     84.42KB
