Using argument nginx
using  args: threads=4 and connections=512 and duration=30 and requests=20000
Running 30s test @ http://10.10.1.4:5000
  4 threads and 512 connections
  Thread calibration: mean lat.: 67.810ms, rate sampling interval: 293ms
  Thread calibration: mean lat.: 67.243ms, rate sampling interval: 284ms
  Thread calibration: mean lat.: 70.037ms, rate sampling interval: 305ms
  Thread calibration: mean lat.: 68.042ms, rate sampling interval: 297ms
  Thread Stats   Avg      Stdev     99%   +/- Stdev
    Latency   141.63ms  131.74ms 624.64ms   81.12%
    Req/Sec     5.00k   140.15     5.32k    66.67%
  Latency Distribution (HdrHistogram - Recorded Latency)
 50.000%  101.63ms
 75.000%  191.36ms
 90.000%  312.83ms
 99.000%  624.64ms
 99.900%  893.44ms
 99.990%    1.06s 
 99.999%    1.18s 
100.000%    1.22s 

  Detailed Percentile spectrum:
       Value   Percentile   TotalCount 1/(1-Percentile)

       0.334     0.000000            1         1.00
      28.079     0.100000        39674         1.11
      40.095     0.200000        79345         1.25
      58.431     0.300000       119009         1.43
      78.079     0.400000       158704         1.67
     101.631     0.500000       198383         2.00
     115.391     0.550000       218250         2.22
     130.687     0.600000       238046         2.50
     147.839     0.650000       257897         2.86
     167.679     0.700000       277696         3.33
     191.359     0.750000       297533         4.00
     205.055     0.775000       307488         4.44
     220.287     0.800000       317402         5.00
     237.823     0.825000       327315         5.71
     258.431     0.850000       337243         6.67
     282.367     0.875000       347211         8.00
     296.447     0.887500       352073         8.89
     312.831     0.900000       357048        10.00
     331.263     0.912500       362041        11.43
     351.999     0.925000       366978        13.33
     376.831     0.937500       371911        16.00
     391.935     0.943750       374421        17.78
     407.807     0.950000       376881        20.00
     425.983     0.956250       379360        22.86
     446.719     0.962500       381819        26.67
     472.319     0.968750       384298        32.00
     486.911     0.971875       385539        35.56
     502.783     0.975000       386801        40.00
     521.727     0.978125       388030        45.71
     541.695     0.981250       389256        53.33
     566.783     0.984375       390517        64.00
     580.095     0.985938       391129        71.11
     595.455     0.987500       391742        80.00
     612.863     0.989062       392359        91.43
     632.319     0.990625       392979       106.67
     655.871     0.992188       393596       128.00
     669.183     0.992969       393906       142.22
     685.055     0.993750       394216       160.00
     700.927     0.994531       394527       182.86
     719.359     0.995313       394835       213.33
     738.303     0.996094       395146       256.00
     750.591     0.996484       395300       284.44
     764.927     0.996875       395457       320.00
     782.847     0.997266       395611       365.71
     800.255     0.997656       395768       426.67
     819.199     0.998047       395919       512.00
     828.415     0.998242       395997       568.89
     844.799     0.998437       396075       640.00
     861.695     0.998633       396151       731.43
     878.079     0.998828       396229       853.33
     895.487     0.999023       396309      1024.00
     903.679     0.999121       396348      1137.78
     912.895     0.999219       396384      1280.00
     924.671     0.999316       396425      1462.86
     935.935     0.999414       396461      1706.67
     947.711     0.999512       396502      2048.00
     956.927     0.999561       396520      2275.56
     963.583     0.999609       396540      2560.00
     973.311     0.999658       396558      2925.71
     983.551     0.999707       396577      3413.33
     996.351     0.999756       396597      4096.00
    1001.471     0.999780       396606      4551.11
    1010.687     0.999805       396616      5120.00
    1021.439     0.999829       396626      5851.43
    1030.655     0.999854       396635      6826.67
    1043.967     0.999878       396645      8192.00
    1060.863     0.999890       396650      9102.22
    1062.911     0.999902       396655     10240.00
    1069.055     0.999915       396660     11702.86
    1090.559     0.999927       396664     13653.33
    1119.231     0.999939       396669     16384.00
    1123.327     0.999945       396672     18204.44
    1133.567     0.999951       396675     20480.00
    1136.639     0.999957       396677     23405.71
    1143.807     0.999963       396679     27306.67
    1151.999     0.999969       396681     32768.00
    1153.023     0.999973       396683     36408.89
    1155.071     0.999976       396684     40960.00
    1158.143     0.999979       396685     46811.43
    1160.191     0.999982       396686     54613.33
    1166.335     0.999985       396687     65536.00
    1169.407     0.999986       396688     72817.78
    1175.551     0.999988       396689     81920.00
    1175.551     0.999989       396689     93622.86
    1185.791     0.999991       396690    109226.67
    1185.791     0.999992       396690    131072.00
    1190.911     0.999993       396691    145635.56
    1190.911     0.999994       396691    163840.00
    1190.911     0.999995       396691    187245.71
    1199.103     0.999995       396692    218453.33
    1199.103     0.999996       396692    262144.00
    1199.103     0.999997       396692    291271.11
    1199.103     0.999997       396692    327680.00
    1199.103     0.999997       396692    374491.43
    1224.703     0.999998       396693    436906.67
    1224.703     1.000000       396693          inf
#[Mean    =      141.627, StdDeviation   =      131.739]
#[Max     =     1223.680, Total count    =       396693]
#[Buckets =           27, SubBuckets     =         2048]
----------------------------------------------------------
  596521 requests in 30.00s, 246.71MB read
Requests/sec:  19883.94
Transfer/sec:      8.22MB
