Using argument nginx
using  args: threads=4 and connections=1024 and duration=30 and requests=6000
Running 30s test @ http://10.10.1.4:8080/wrk2-api/user-timeline/read
  4 threads and 1024 connections
  Thread calibration: mean lat.: 1097.783ms, rate sampling interval: 5197ms
  Thread calibration: mean lat.: 1236.272ms, rate sampling interval: 5345ms
  Thread calibration: mean lat.: 1136.465ms, rate sampling interval: 5337ms
  Thread calibration: mean lat.: 1292.991ms, rate sampling interval: 5480ms
  Thread Stats   Avg      Stdev     99%   +/- Stdev
    Latency     5.98s     2.33s   11.64s    66.64%
    Req/Sec     1.00k    84.83     1.11k    58.33%
  Latency Distribution (HdrHistogram - Recorded Latency)
 50.000%    5.86s 
 75.000%    7.54s 
 90.000%    9.13s 
 99.000%   11.64s 
 99.900%   13.26s 
 99.990%   14.94s 
 99.999%   15.56s 
100.000%   15.72s 

  Detailed Percentile spectrum:
       Value   Percentile   TotalCount 1/(1-Percentile)

      14.279     0.000000            1         1.00
    3018.751     0.100000         7617         1.11
    3899.391     0.200000        15244         1.25
    4607.999     0.300000        22853         1.43
    5246.975     0.400000        30496         1.67
    5857.279     0.500000        38062         2.00
    6168.575     0.550000        41894         2.22
    6488.063     0.600000        45678         2.50
    6823.935     0.650000        49523         2.86
    7163.903     0.700000        53317         3.33
    7544.831     0.750000        57114         4.00
    7753.727     0.775000        59002         4.44
    7979.007     0.800000        60905         5.00
    8220.671     0.825000        62840         5.71
    8495.103     0.850000        64727         6.67
    8790.015     0.875000        66644         8.00
    8953.855     0.887500        67570         8.89
    9134.079     0.900000        68526        10.00
    9338.879     0.912500        69494        11.43
    9560.063     0.925000        70438        13.33
    9805.823     0.937500        71378        16.00
    9945.087     0.943750        71846        17.78
   10076.159     0.950000        72320        20.00
   10231.807     0.956250        72797        22.86
   10403.839     0.962500        73284        26.67
   10592.255     0.968750        73767        32.00
   10690.559     0.971875        73986        35.56
   10813.439     0.975000        74227        40.00
   10944.511     0.978125        74477        45.71
   11083.775     0.981250        74700        53.33
   11263.999     0.984375        74947        64.00
   11354.111     0.985938        75054        71.11
   11452.415     0.987500        75175        80.00
   11550.719     0.989062        75292        91.43
   11681.791     0.990625        75415       106.67
   11837.439     0.992188        75539       128.00
   11894.783     0.992969        75590       142.22
   11993.087     0.993750        75654       160.00
   12066.815     0.994531        75712       182.86
   12189.695     0.995313        75771       213.33
   12328.959     0.996094        75829       256.00
   12410.879     0.996484        75859       284.44
   12500.991     0.996875        75887       320.00
   12599.295     0.997266        75919       365.71
   12713.983     0.997656        75947       426.67
   12804.095     0.998047        75978       512.00
   12894.207     0.998242        75993       568.89
   12967.935     0.998437        76006       640.00
   13090.815     0.998633        76023       731.43
   13180.927     0.998828        76036       853.33
   13279.231     0.999023        76050      1024.00
   13361.151     0.999121        76058      1137.78
   13467.647     0.999219        76065      1280.00
   13582.335     0.999316        76072      1462.86
   13680.639     0.999414        76081      1706.67
   13778.943     0.999512        76087      2048.00
   13860.863     0.999561        76091      2275.56
   13893.631     0.999609        76095      2560.00
   13975.551     0.999658        76100      2925.71
   14090.239     0.999707        76102      3413.33
   14352.383     0.999756        76106      4096.00
   14417.919     0.999780        76108      4551.11
   14467.071     0.999805        76110      5120.00
   14491.647     0.999829        76111      5851.43
   14606.335     0.999854        76113      6826.67
   14819.327     0.999878        76115      8192.00
   14942.207     0.999890        76116      9102.22
   14966.783     0.999902        76117     10240.00
   14991.359     0.999915        76118     11702.86
   15147.007     0.999927        76119     13653.33
   15196.159     0.999939        76120     16384.00
   15196.159     0.999945        76120     18204.44
   15204.351     0.999951        76122     20480.00
   15204.351     0.999957        76122     23405.71
   15204.351     0.999963        76122     27306.67
   15204.351     0.999969        76122     32768.00
   15204.351     0.999973        76122     36408.89
   15564.799     0.999976        76123     40960.00
   15564.799     0.999979        76123     46811.43
   15564.799     0.999982        76123     54613.33
   15564.799     0.999985        76123     65536.00
   15564.799     0.999986        76123     72817.78
   15720.447     0.999988        76124     81920.00
   15720.447     1.000000        76124          inf
#[Mean    =     5979.515, StdDeviation   =     2334.235]
#[Max     =    15712.256, Total count    =        76124]
#[Buckets =           27, SubBuckets     =         2048]
----------------------------------------------------------
  117540 requests in 30.00s, 20.65MB read
  Socket errors: connect 7, read 0, write 0, timeout 98
  Non-2xx or 3xx responses: 130
Requests/sec:   3918.06
Transfer/sec:    704.76KB
