Using argument nginx
using  args: threads=4 and connections=1024 and duration=30 and requests=4000
Running 30s test @ http://10.10.1.4:8080/wrk2-api/user-timeline/read
  4 threads and 1024 connections
  Thread calibration: mean lat.: 4.539ms, rate sampling interval: 11ms
  Thread calibration: mean lat.: 4.534ms, rate sampling interval: 11ms
  Thread calibration: mean lat.: 4.629ms, rate sampling interval: 11ms
  Thread calibration: mean lat.: 4.646ms, rate sampling interval: 12ms
  Thread Stats   Avg      Stdev     99%   +/- Stdev
    Latency     4.74ms    1.35ms   9.40ms   85.81%
    Req/Sec     1.04k   327.68     1.90k    70.36%
  Latency Distribution (HdrHistogram - Recorded Latency)
 50.000%    4.46ms
 75.000%    5.16ms
 90.000%    6.09ms
 99.000%    9.40ms
 99.900%   14.73ms
 99.990%   35.97ms
 99.999%   50.97ms
100.000%   51.29ms

  Detailed Percentile spectrum:
       Value   Percentile   TotalCount 1/(1-Percentile)

       2.579     0.000000            1         1.00
       3.601     0.100000         7913         1.11
       3.849     0.200000        15760         1.25
       4.057     0.300000        23694         1.43
       4.255     0.400000        31536         1.67
       4.463     0.500000        39435         2.00
       4.575     0.550000        43447         2.22
       4.695     0.600000        47335         2.50
       4.831     0.650000        51274         2.86
       4.983     0.700000        55227         3.33
       5.159     0.750000        59159         4.00
       5.259     0.775000        61070         4.44
       5.375     0.800000        63024         5.00
       5.507     0.825000        65034         5.71
       5.655     0.850000        66996         6.67
       5.847     0.875000        68936         8.00
       5.967     0.887500        69944         8.89
       6.095     0.900000        70920        10.00
       6.247     0.912500        71903        11.43
       6.423     0.925000        72882        13.33
       6.635     0.937500        73862        16.00
       6.751     0.943750        74347        17.78
       6.891     0.950000        74843        20.00
       7.075     0.956250        75333        22.86
       7.275     0.962500        75825        26.67
       7.531     0.968750        76317        32.00
       7.671     0.971875        76565        35.56
       7.843     0.975000        76808        40.00
       8.039     0.978125        77057        45.71
       8.271     0.981250        77302        53.33
       8.575     0.984375        77547        64.00
       8.767     0.985938        77676        71.11
       8.967     0.987500        77794        80.00
       9.223     0.989062        77920        91.43
       9.487     0.990625        78041       106.67
       9.775     0.992188        78162       128.00
      10.007     0.992969        78227       142.22
      10.175     0.993750        78285       160.00
      10.463     0.994531        78348       182.86
      10.727     0.995313        78408       213.33
      11.095     0.996094        78470       256.00
      11.367     0.996484        78501       284.44
      11.655     0.996875        78531       320.00
      11.975     0.997266        78563       365.71
      12.271     0.997656        78594       426.67
      12.591     0.998047        78625       512.00
      12.823     0.998242        78639       568.89
      13.247     0.998437        78654       640.00
      13.695     0.998633        78670       731.43
      14.079     0.998828        78685       853.33
      14.855     0.999023        78701      1024.00
      15.111     0.999121        78708      1137.78
      16.087     0.999219        78716      1280.00
      16.815     0.999316        78724      1462.86
      17.439     0.999414        78731      1706.67
      19.023     0.999512        78739      2048.00
      19.327     0.999561        78743      2275.56
      20.095     0.999609        78747      2560.00
      21.039     0.999658        78751      2925.71
      24.239     0.999707        78754      3413.33
      30.559     0.999756        78758      4096.00
      31.359     0.999780        78760      4551.11
      31.711     0.999805        78762      5120.00
      31.887     0.999829        78764      5851.43
      32.831     0.999854        78766      6826.67
      34.271     0.999878        78768      8192.00
      35.967     0.999890        78769      9102.22
      44.159     0.999902        78770     10240.00
      44.607     0.999915        78771     11702.86
      44.671     0.999927        78772     13653.33
      45.983     0.999939        78773     16384.00
      45.983     0.999945        78773     18204.44
      46.815     0.999951        78774     20480.00
      46.815     0.999957        78774     23405.71
      48.735     0.999963        78775     27306.67
      48.735     0.999969        78775     32768.00
      48.735     0.999973        78775     36408.89
      50.975     0.999976        78776     40960.00
      50.975     0.999979        78776     46811.43
      50.975     0.999982        78776     54613.33
      50.975     0.999985        78776     65536.00
      50.975     0.999986        78776     72817.78
      51.295     0.999988        78777     81920.00
      51.295     1.000000        78777          inf
#[Mean    =        4.736, StdDeviation   =        1.350]
#[Max     =       51.264, Total count    =        78777]
#[Buckets =           27, SubBuckets     =         2048]
----------------------------------------------------------
  117078 requests in 30.00s, 20.54MB read
  Socket errors: connect 7, read 0, write 0, timeout 105
Requests/sec:   3902.70
Transfer/sec:    701.27KB
