Using argument nginx
using  args: threads=4 and connections=512 and duration=30 and requests=3000
Running 30s test @ http://10.10.1.6:8080
  4 threads and 512 connections
  Thread calibration: mean lat.: 1834.284ms, rate sampling interval: 8290ms
  Thread calibration: mean lat.: 1763.604ms, rate sampling interval: 8609ms
  Thread calibration: mean lat.: 1959.356ms, rate sampling interval: 8921ms
  Thread calibration: mean lat.: 1847.381ms, rate sampling interval: 8896ms
  Thread Stats   Avg      Stdev     99%   +/- Stdev
    Latency    10.10s     6.19s   25.43s    67.72%
    Req/Sec   239.12     14.75   258.00     62.50%
  Latency Distribution (HdrHistogram - Recorded Latency)
 50.000%    9.85s 
 75.000%   12.95s 
 90.000%   19.68s 
 99.000%   25.43s 
 99.900%   27.71s 
 99.990%   28.52s 
 99.999%   28.62s 
100.000%   28.62s 

  Detailed Percentile spectrum:
       Value   Percentile   TotalCount 1/(1-Percentile)

       1.181     0.000000            1         1.00
    2306.047     0.100000         1897         1.11
    4386.815     0.200000         3794         1.25
    6467.583     0.300000         5694         1.43
    8335.359     0.400000         7592         1.67
    9846.783     0.500000         9490         2.00
   10436.607     0.550000        10442         2.22
   10977.279     0.600000        11381         2.50
   11608.063     0.650000        12328         2.86
   12263.423     0.700000        13286         3.33
   12951.551     0.750000        14226         4.00
   13402.111     0.775000        14703         4.44
   14131.199     0.800000        15175         5.00
   15015.935     0.825000        15647         5.71
   16244.735     0.850000        16122         6.67
   17973.247     0.875000        16598         8.00
   18890.751     0.887500        16834         8.89
   19677.183     0.900000        17073        10.00
   20348.927     0.912500        17309        11.43
   21266.431     0.925000        17545        13.33
   22134.783     0.937500        17786        16.00
   22659.071     0.943750        17902        17.78
   23216.127     0.950000        18019        20.00
   23592.959     0.956250        18139        22.86
   23855.103     0.962500        18257        26.67
   24100.863     0.968750        18377        32.00
   24248.319     0.971875        18434        35.56
   24428.543     0.975000        18494        40.00
   24625.151     0.978125        18557        45.71
   24788.991     0.981250        18612        53.33
   24985.599     0.984375        18675        64.00
   25067.519     0.985938        18703        71.11
   25182.207     0.987500        18729        80.00
   25346.047     0.989062        18761        91.43
   25493.503     0.990625        18790       106.67
   25886.719     0.992188        18818       128.00
   26034.175     0.992969        18833       142.22
   26198.015     0.993750        18848       160.00
   26460.159     0.994531        18863       182.86
   26623.999     0.995313        18878       213.33
   26820.607     0.996094        18892       256.00
   26918.911     0.996484        18900       284.44
   27017.215     0.996875        18907       320.00
   27181.055     0.997266        18916       365.71
   27246.591     0.997656        18922       426.67
   27377.663     0.998047        18929       512.00
   27475.967     0.998242        18935       568.89
   27525.119     0.998437        18940       640.00
   27574.271     0.998633        18941       731.43
   27639.807     0.998828        18944       853.33
   27738.111     0.999023        18948      1024.00
   27787.263     0.999121        18950      1137.78
   27885.567     0.999219        18953      1280.00
   27901.951     0.999316        18954      1462.86
   28065.791     0.999414        18956      1706.67
   28131.327     0.999512        18957      2048.00
   28164.095     0.999561        18958      2275.56
   28196.863     0.999609        18959      2560.00
   28213.247     0.999658        18960      2925.71
   28278.783     0.999707        18962      3413.33
   28278.783     0.999756        18962      4096.00
   28278.783     0.999780        18962      4551.11
   28311.551     0.999805        18963      5120.00
   28311.551     0.999829        18963      5851.43
   28524.543     0.999854        18964      6826.67
   28524.543     0.999878        18964      8192.00
   28524.543     0.999890        18964      9102.22
   28590.079     0.999902        18965     10240.00
   28590.079     0.999915        18965     11702.86
   28590.079     0.999927        18965     13653.33
   28590.079     0.999939        18965     16384.00
   28590.079     0.999945        18965     18204.44
   28622.847     0.999951        18966     20480.00
   28622.847     1.000000        18966          inf
#[Mean    =    10100.003, StdDeviation   =     6190.560]
#[Max     =    28606.464, Total count    =        18966]
#[Buckets =           27, SubBuckets     =         2048]
----------------------------------------------------------
  28935 requests in 30.00s, 297.50MB read
  Non-2xx or 3xx responses: 229
Requests/sec:    964.52
Transfer/sec:      9.92MB
