Using argument nginx
using  args: threads=4 and connections=512 and duration=30 and requests=4000
Running 30s test @ http://10.10.1.4:8080/wrk2-api/user-timeline/read
  4 threads and 512 connections
  Thread calibration: mean lat.: 6.374ms, rate sampling interval: 19ms
  Thread calibration: mean lat.: 6.599ms, rate sampling interval: 19ms
  Thread calibration: mean lat.: 6.348ms, rate sampling interval: 19ms
  Thread calibration: mean lat.: 6.597ms, rate sampling interval: 20ms
  Thread Stats   Avg      Stdev     99%   +/- Stdev
    Latency     8.05ms   11.65ms  37.69ms   96.97%
    Req/Sec     1.03k   257.46     1.70k    70.87%
  Latency Distribution (HdrHistogram - Recorded Latency)
 50.000%    5.97ms
 75.000%    8.04ms
 90.000%   11.62ms
 99.000%   37.69ms
 99.900%  193.54ms
 99.990%  268.03ms
 99.999%  319.74ms
100.000%  363.01ms

  Detailed Percentile spectrum:
       Value   Percentile   TotalCount 1/(1-Percentile)

       2.905     0.000000            1         1.00
       4.267     0.100000         8017         1.11
       4.687     0.200000        16007         1.25
       5.067     0.300000        23963         1.43
       5.483     0.400000        31955         1.67
       5.971     0.500000        39943         2.00
       6.255     0.550000        43939         2.22
       6.583     0.600000        47932         2.50
       6.979     0.650000        51951         2.86
       7.451     0.700000        55901         3.33
       8.039     0.750000        59894         4.00
       8.391     0.775000        61916         4.44
       8.799     0.800000        63914         5.00
       9.295     0.825000        65892         5.71
       9.895     0.850000        67889         6.67
      10.655     0.875000        69874         8.00
      11.103     0.887500        70881         8.89
      11.623     0.900000        71871        10.00
      12.255     0.912500        72871        11.43
      13.023     0.925000        73870        13.33
      14.039     0.937500        74868        16.00
      14.703     0.943750        75364        17.78
      15.511     0.950000        75861        20.00
      16.511     0.956250        76360        22.86
      17.631     0.962500        76859        26.67
      19.439     0.968750        77359        32.00
      20.463     0.971875        77605        35.56
      21.871     0.975000        77856        40.00
      23.375     0.978125        78104        45.71
      25.487     0.981250        78355        53.33
      28.127     0.984375        78604        64.00
      30.127     0.985938        78729        71.11
      32.831     0.987500        78854        80.00
      35.775     0.989062        78977        91.43
      39.679     0.990625        79102       106.67
      45.631     0.992188        79227       128.00
      49.535     0.992969        79289       142.22
      53.759     0.993750        79351       160.00
      60.831     0.994531        79414       182.86
      71.679     0.995313        79476       213.33
      87.807     0.996094        79539       256.00
     105.919     0.996484        79571       284.44
     118.847     0.996875        79601       320.00
     131.583     0.997266        79633       365.71
     147.711     0.997656        79663       426.67
     158.079     0.998047        79695       512.00
     162.943     0.998242        79711       568.89
     168.319     0.998437        79726       640.00
     176.255     0.998633        79741       731.43
     184.063     0.998828        79757       853.33
     193.791     0.999023        79775      1024.00
     196.223     0.999121        79780      1137.78
     204.543     0.999219        79788      1280.00
     214.655     0.999316        79796      1462.86
     229.503     0.999414        79804      1706.67
     238.463     0.999512        79812      2048.00
     239.871     0.999561        79815      2275.56
     240.511     0.999609        79819      2560.00
     242.047     0.999658        79823      2925.71
     249.727     0.999707        79827      3413.33
     251.647     0.999756        79831      4096.00
     253.567     0.999780        79833      4551.11
     255.231     0.999805        79835      5120.00
     256.639     0.999829        79837      5851.43
     260.991     0.999854        79839      6826.67
     265.215     0.999878        79841      8192.00
     268.031     0.999890        79842      9102.22
     268.543     0.999902        79843     10240.00
     272.127     0.999915        79844     11702.86
     274.943     0.999927        79845     13653.33
     281.599     0.999939        79846     16384.00
     281.599     0.999945        79846     18204.44
     285.439     0.999951        79847     20480.00
     285.439     0.999957        79847     23405.71
     300.799     0.999963        79848     27306.67
     300.799     0.999969        79848     32768.00
     300.799     0.999973        79848     36408.89
     319.743     0.999976        79849     40960.00
     319.743     0.999979        79849     46811.43
     319.743     0.999982        79849     54613.33
     319.743     0.999985        79849     65536.00
     319.743     0.999986        79849     72817.78
     363.007     0.999988        79850     81920.00
     363.007     1.000000        79850          inf
#[Mean    =        8.054, StdDeviation   =       11.646]
#[Max     =      362.752, Total count    =        79850]
#[Buckets =           27, SubBuckets     =         2048]
----------------------------------------------------------
  118009 requests in 30.00s, 20.71MB read
Requests/sec:   3933.81
Transfer/sec:    706.86KB
