Using argument nginx
using  args: threads=4 and connections=512 and duration=30 and requests=2000
Running 30s test @ http://10.10.1.4:8080/wrk2-api/user-timeline/read
  4 threads and 512 connections
  Thread calibration: mean lat.: 3.743ms, rate sampling interval: 10ms
  Thread calibration: mean lat.: 3.721ms, rate sampling interval: 10ms
  Thread calibration: mean lat.: 3.686ms, rate sampling interval: 10ms
  Thread calibration: mean lat.: 3.669ms, rate sampling interval: 10ms
  Thread Stats   Avg      Stdev     99%   +/- Stdev
    Latency     3.52ms  603.06us   5.57ms   81.61%
    Req/Sec   526.59    235.16     1.11k    69.80%
  Latency Distribution (HdrHistogram - Recorded Latency)
 50.000%    3.41ms
 75.000%    3.74ms
 90.000%    4.15ms
 99.000%    5.57ms
 99.900%    8.50ms
 99.990%   14.34ms
 99.999%   15.85ms
100.000%   15.85ms

  Detailed Percentile spectrum:
       Value   Percentile   TotalCount 1/(1-Percentile)

       2.379     0.000000            1         1.00
       2.953     0.100000         3980         1.11
       3.091     0.200000         7950         1.25
       3.203     0.300000        11976         1.43
       3.307     0.400000        15944         1.67
       3.411     0.500000        19916         2.00
       3.465     0.550000        21893         2.22
       3.523     0.600000        23867         2.50
       3.589     0.650000        25884         2.86
       3.659     0.700000        27866         3.33
       3.739     0.750000        29830         4.00
       3.789     0.775000        30828         4.44
       3.839     0.800000        31793         5.00
       3.901     0.825000        32798         5.71
       3.969     0.850000        33805         6.67
       4.049     0.875000        34790         8.00
       4.099     0.887500        35288         8.89
       4.151     0.900000        35767        10.00
       4.215     0.912500        36274        11.43
       4.287     0.925000        36760        13.33
       4.387     0.937500        37263        16.00
       4.439     0.943750        37509        17.78
       4.503     0.950000        37750        20.00
       4.579     0.956250        38001        22.86
       4.659     0.962500        38251        26.67
       4.763     0.968750        38492        32.00
       4.823     0.971875        38617        35.56
       4.895     0.975000        38744        40.00
       4.975     0.978125        38867        45.71
       5.087     0.981250        38993        53.33
       5.211     0.984375        39114        64.00
       5.283     0.985938        39174        71.11
       5.383     0.987500        39237        80.00
       5.495     0.989062        39298        91.43
       5.615     0.990625        39360       106.67
       5.851     0.992188        39423       128.00
       5.931     0.992969        39453       142.22
       6.051     0.993750        39484       160.00
       6.175     0.994531        39515       182.86
       6.299     0.995313        39546       213.33
       6.519     0.996094        39577       256.00
       6.623     0.996484        39593       284.44
       6.775     0.996875        39608       320.00
       6.887     0.997266        39624       365.71
       7.143     0.997656        39639       426.67
       7.295     0.998047        39655       512.00
       7.467     0.998242        39663       568.89
       7.659     0.998437        39670       640.00
       7.875     0.998633        39678       731.43
       8.215     0.998828        39686       853.33
       8.527     0.999023        39694      1024.00
       8.727     0.999121        39698      1137.78
       8.791     0.999219        39701      1280.00
       9.319     0.999316        39705      1462.86
       9.663     0.999414        39709      1706.67
      10.039     0.999512        39713      2048.00
      10.303     0.999561        39715      2275.56
      10.591     0.999609        39717      2560.00
      11.191     0.999658        39720      2925.71
      11.263     0.999707        39721      3413.33
      11.991     0.999756        39723      4096.00
      12.399     0.999780        39724      4551.11
      12.911     0.999805        39725      5120.00
      13.263     0.999829        39726      5851.43
      13.471     0.999854        39727      6826.67
      14.343     0.999878        39728      8192.00
      14.343     0.999890        39728      9102.22
      14.479     0.999902        39729     10240.00
      14.479     0.999915        39729     11702.86
      14.791     0.999927        39730     13653.33
      14.791     0.999939        39730     16384.00
      14.791     0.999945        39730     18204.44
      15.687     0.999951        39731     20480.00
      15.687     0.999957        39731     23405.71
      15.687     0.999963        39731     27306.67
      15.687     0.999969        39731     32768.00
      15.687     0.999973        39731     36408.89
      15.855     0.999976        39732     40960.00
      15.855     1.000000        39732          inf
#[Mean    =        3.516, StdDeviation   =        0.603]
#[Max     =       15.848, Total count    =        39732]
#[Buckets =           27, SubBuckets     =         2048]
----------------------------------------------------------
  59647 requests in 30.00s, 10.47MB read
  Socket errors: connect 0, read 0, write 0, timeout 6
Requests/sec:   1988.10
Transfer/sec:    357.24KB
