No argument supplied nginx
using  args: threads=4 and connections=512 and duration=30 and requests=4000
Running 30s test @ http://localhost:5000
  4 threads and 512 connections
  Thread calibration: mean lat.: 2860.152ms, rate sampling interval: 10944ms
  Thread calibration: mean lat.: 2619.417ms, rate sampling interval: 10379ms
  Thread calibration: mean lat.: 2705.362ms, rate sampling interval: 10633ms
  Thread calibration: mean lat.: 2732.154ms, rate sampling interval: 10731ms
  Thread Stats   Avg      Stdev     99%   +/- Stdev
    Latency    11.67s     3.64s   19.19s    61.67%
    Req/Sec   417.25      4.71   423.00     50.00%
  Latency Distribution (HdrHistogram - Recorded Latency)
 50.000%   11.52s 
 75.000%   14.57s 
 90.000%   16.70s 
 99.000%   19.19s 
 99.900%   20.63s 
 99.990%   21.77s 
 99.999%   22.28s 
100.000%   22.28s 

  Detailed Percentile spectrum:
       Value   Percentile   TotalCount 1/(1-Percentile)

    3059.711     0.000000            1         1.00
    6918.143     0.100000         3305         1.11
    8097.791     0.200000         6605         1.25
    9175.039     0.300000         9906         1.43
   10305.535     0.400000        13225         1.67
   11517.951     0.500000        16520         2.00
   12115.967     0.550000        18186         2.22
   12738.559     0.600000        19826         2.50
   13352.959     0.650000        21469         2.86
   13959.167     0.700000        23115         3.33
   14565.375     0.750000        24766         4.00
   14868.479     0.775000        25599         4.44
   15187.967     0.800000        26422         5.00
   15532.031     0.825000        27257         5.71
   15892.479     0.850000        28070         6.67
   16269.311     0.875000        28897         8.00
   16474.111     0.887500        29305         8.89
   16695.295     0.900000        29721        10.00
   16908.287     0.912500        30137        11.43
   17137.663     0.925000        30555        13.33
   17399.807     0.937500        30980        16.00
   17530.879     0.943750        31180        17.78
   17678.335     0.950000        31372        20.00
   17842.175     0.956250        31586        22.86
   18038.783     0.962500        31797        26.67
   18219.007     0.968750        31998        32.00
   18317.311     0.971875        32105        35.56
   18448.383     0.975000        32204        40.00
   18563.071     0.978125        32303        45.71
   18677.759     0.981250        32402        53.33
   18857.983     0.984375        32508        64.00
   18923.519     0.985938        32556        71.11
   19021.823     0.987500        32616        80.00
   19136.511     0.989062        32668        91.43
   19234.815     0.990625        32711       106.67
   19382.271     0.992188        32762       128.00
   19464.191     0.992969        32789       142.22
   19529.727     0.993750        32814       160.00
   19578.879     0.994531        32839       182.86
   19709.951     0.995313        32868       213.33
   19857.407     0.996094        32894       256.00
   19890.175     0.996484        32905       284.44
   19955.711     0.996875        32918       320.00
   20054.015     0.997266        32929       365.71
   20168.703     0.997656        32944       426.67
   20267.007     0.998047        32957       512.00
   20299.775     0.998242        32961       568.89
   20414.463     0.998437        32968       640.00
   20463.615     0.998633        32977       731.43
   20545.535     0.998828        32981       853.33
   20643.839     0.999023        32987      1024.00
   20676.607     0.999121        32992      1137.78
   20725.759     0.999219        32994      1280.00
   20758.527     0.999316        32997      1462.86
   20774.911     0.999414        33000      1706.67
   20840.447     0.999512        33003      2048.00
   20955.135     0.999561        33005      2275.56
   21151.743     0.999609        33007      2560.00
   21200.895     0.999658        33008      2925.71
   21266.431     0.999707        33010      3413.33
   21364.735     0.999756        33011      4096.00
   21381.119     0.999780        33012      4551.11
   21397.503     0.999805        33013      5120.00
   21528.575     0.999829        33014      5851.43
   21544.959     0.999854        33015      6826.67
   21544.959     0.999878        33015      8192.00
   21774.335     0.999890        33016      9102.22
   21774.335     0.999902        33016     10240.00
   21987.327     0.999915        33018     11702.86
   21987.327     0.999927        33018     13653.33
   21987.327     0.999939        33018     16384.00
   21987.327     0.999945        33018     18204.44
   21987.327     0.999951        33018     20480.00
   21987.327     0.999957        33018     23405.71
   21987.327     0.999963        33018     27306.67
   21987.327     0.999969        33018     32768.00
   22282.239     0.999973        33019     36408.89
   22282.239     1.000000        33019          inf
#[Mean    =    11665.617, StdDeviation   =     3642.235]
#[Max     =    22265.856, Total count    =        33019]
#[Buckets =           27, SubBuckets     =         2048]
----------------------------------------------------------
  48855 requests in 30.03s, 20.24MB read
Requests/sec:   1627.01
Transfer/sec:    690.25KB
