No argument supplied nginx
using  args: threads=4 and connections=512 and duration=30 and requests=2500
Running 30s test @ http://localhost:5000
  4 threads and 512 connections
  Thread calibration: mean lat.: 2.749ms, rate sampling interval: 10ms
  Thread calibration: mean lat.: 2.739ms, rate sampling interval: 10ms
  Thread calibration: mean lat.: 2.725ms, rate sampling interval: 10ms
  Thread calibration: mean lat.: 2.713ms, rate sampling interval: 10ms
  Thread Stats   Avg      Stdev     99%   +/- Stdev
    Latency     2.75ms    1.27ms   6.96ms   77.18%
    Req/Sec   662.32    266.11     1.40k    73.58%
  Latency Distribution (HdrHistogram - Recorded Latency)
 50.000%    2.30ms
 75.000%    3.36ms
 90.000%    4.50ms
 99.000%    6.96ms
 99.900%    9.06ms
 99.990%   12.32ms
 99.999%   19.89ms
100.000%   19.89ms

  Detailed Percentile spectrum:
       Value   Percentile   TotalCount 1/(1-Percentile)

       1.030     0.000000            1         1.00
       1.520     0.100000         5004         1.11
       1.779     0.200000        10001         1.25
       1.942     0.300000        14993         1.43
       2.087     0.400000        19997         1.67
       2.303     0.500000        24985         2.00
       2.465     0.550000        27459         2.22
       2.641     0.600000        29951         2.50
       2.881     0.650000        32461         2.86
       3.097     0.700000        34945         3.33
       3.363     0.750000        37441         4.00
       3.507     0.775000        38698         4.44
       3.649     0.800000        39951         5.00
       3.831     0.825000        41193         5.71
       4.025     0.850000        42441         6.67
       4.227     0.875000        43693         8.00
       4.363     0.887500        44318         8.89
       4.499     0.900000        44938        10.00
       4.651     0.912500        45551        11.43
       4.831     0.925000        46182        13.33
       5.051     0.937500        46799        16.00
       5.163     0.943750        47122        17.78
       5.287     0.950000        47423        20.00
       5.431     0.956250        47734        22.86
       5.611     0.962500        48050        26.67
       5.807     0.968750        48359        32.00
       5.931     0.971875        48515        35.56
       6.059     0.975000        48674        40.00
       6.179     0.978125        48827        45.71
       6.339     0.981250        48986        53.33
       6.523     0.984375        49139        64.00
       6.639     0.985938        49217        71.11
       6.735     0.987500        49294        80.00
       6.871     0.989062        49373        91.43
       7.023     0.990625        49450       106.67
       7.195     0.992188        49528       128.00
       7.299     0.992969        49568       142.22
       7.403     0.993750        49608       160.00
       7.487     0.994531        49647       182.86
       7.591     0.995313        49684       213.33
       7.743     0.996094        49723       256.00
       7.803     0.996484        49742       284.44
       7.903     0.996875        49763       320.00
       8.031     0.997266        49781       365.71
       8.187     0.997656        49802       426.67
       8.359     0.998047        49821       512.00
       8.455     0.998242        49831       568.89
       8.599     0.998437        49841       640.00
       8.623     0.998633        49849       731.43
       8.911     0.998828        49859       853.33
       9.087     0.999023        49869      1024.00
       9.247     0.999121        49874      1137.78
       9.551     0.999219        49879      1280.00
       9.647     0.999316        49883      1462.86
       9.815     0.999414        49888      1706.67
       9.879     0.999512        49893      2048.00
      10.007     0.999561        49896      2275.56
      10.239     0.999609        49898      2560.00
      10.295     0.999658        49900      2925.71
      10.431     0.999707        49903      3413.33
      10.551     0.999756        49905      4096.00
      10.871     0.999780        49907      4551.11
      10.911     0.999805        49908      5120.00
      11.023     0.999829        49909      5851.43
      11.191     0.999854        49910      6826.67
      11.735     0.999878        49911      8192.00
      12.319     0.999890        49912      9102.22
      12.375     0.999902        49913     10240.00
      12.375     0.999915        49913     11702.86
      13.327     0.999927        49914     13653.33
      13.327     0.999939        49914     16384.00
      13.399     0.999945        49915     18204.44
      13.399     0.999951        49915     20480.00
      13.399     0.999957        49915     23405.71
      19.247     0.999963        49916     27306.67
      19.247     0.999969        49916     32768.00
      19.247     0.999973        49916     36408.89
      19.247     0.999976        49916     40960.00
      19.247     0.999979        49916     46811.43
      19.887     0.999982        49917     54613.33
      19.887     1.000000        49917          inf
#[Mean    =        2.745, StdDeviation   =        1.268]
#[Max     =       19.872, Total count    =        49917]
#[Buckets =           27, SubBuckets     =         2048]
----------------------------------------------------------
  74940 requests in 30.00s, 31.14MB read
  Socket errors: connect 0, read 0, write 0, timeout 1
Requests/sec:   2497.86
Transfer/sec:      1.04MB
