No argument supplied nginx
using  args: threads=4 and connections=512 and duration=30 and requests=2000
Running 30s test @ http://localhost:5000
  4 threads and 512 connections
  Thread calibration: mean lat.: 2.809ms, rate sampling interval: 10ms
  Thread calibration: mean lat.: 2.783ms, rate sampling interval: 10ms
  Thread calibration: mean lat.: 2.756ms, rate sampling interval: 10ms
  Thread calibration: mean lat.: 2.791ms, rate sampling interval: 10ms
  Thread Stats   Avg      Stdev     99%   +/- Stdev
    Latency     2.75ms    1.25ms   6.87ms   75.54%
    Req/Sec   527.22    237.33     1.20k    69.04%
  Latency Distribution (HdrHistogram - Recorded Latency)
 50.000%    2.31ms
 75.000%    3.37ms
 90.000%    4.52ms
 99.000%    6.87ms
 99.900%    8.48ms
 99.990%   10.07ms
 99.999%   11.41ms
100.000%   11.41ms

  Detailed Percentile spectrum:
       Value   Percentile   TotalCount 1/(1-Percentile)

       0.981     0.000000            1         1.00
       1.511     0.100000         3978         1.11
       1.789     0.200000         7959         1.25
       1.952     0.300000        11953         1.43
       2.095     0.400000        15927         1.67
       2.311     0.500000        19868         2.00
       2.485     0.550000        21878         2.22
       2.647     0.600000        23846         2.50
       2.891     0.650000        25828         2.86
       3.103     0.700000        27821         3.33
       3.371     0.750000        29803         4.00
       3.513     0.775000        30796         4.44
       3.649     0.800000        31790         5.00
       3.831     0.825000        32792         5.71
       4.021     0.850000        33776         6.67
       4.239     0.875000        34771         8.00
       4.375     0.887500        35275         8.89
       4.519     0.900000        35776        10.00
       4.671     0.912500        36259        11.43
       4.847     0.925000        36764        13.33
       5.067     0.937500        37252        16.00
       5.171     0.943750        37501        17.78
       5.295     0.950000        37756        20.00
       5.443     0.956250        37998        22.86
       5.599     0.962500        38245        26.67
       5.779     0.968750        38495        32.00
       5.891     0.971875        38622        35.56
       6.011     0.975000        38748        40.00
       6.135     0.978125        38867        45.71
       6.275     0.981250        38994        53.33
       6.455     0.984375        39118        64.00
       6.571     0.985938        39177        71.11
       6.671     0.987500        39240        80.00
       6.799     0.989062        39301        91.43
       6.923     0.990625        39364       106.67
       7.075     0.992188        39425       128.00
       7.155     0.992969        39456       142.22
       7.247     0.993750        39487       160.00
       7.359     0.994531        39518       182.86
       7.503     0.995313        39550       213.33
       7.595     0.996094        39580       256.00
       7.635     0.996484        39596       284.44
       7.719     0.996875        39611       320.00
       7.839     0.997266        39627       365.71
       7.919     0.997656        39642       426.67
       8.007     0.998047        39658       512.00
       8.051     0.998242        39666       568.89
       8.139     0.998437        39673       640.00
       8.271     0.998633        39681       731.43
       8.351     0.998828        39689       853.33
       8.543     0.999023        39697      1024.00
       8.631     0.999121        39701      1137.78
       8.671     0.999219        39704      1280.00
       8.783     0.999316        39708      1462.86
       9.023     0.999414        39712      1706.67
       9.087     0.999512        39716      2048.00
       9.151     0.999561        39718      2275.56
       9.167     0.999609        39720      2560.00
       9.215     0.999658        39722      2925.71
       9.335     0.999707        39724      3413.33
       9.551     0.999756        39726      4096.00
       9.567     0.999780        39727      4551.11
       9.639     0.999805        39728      5120.00
       9.743     0.999829        39729      5851.43
      10.063     0.999854        39730      6826.67
      10.071     0.999878        39731      8192.00
      10.071     0.999890        39731      9102.22
      10.127     0.999902        39732     10240.00
      10.127     0.999915        39732     11702.86
      10.383     0.999927        39733     13653.33
      10.383     0.999939        39733     16384.00
      10.383     0.999945        39733     18204.44
      10.695     0.999951        39734     20480.00
      10.695     0.999957        39734     23405.71
      10.695     0.999963        39734     27306.67
      10.695     0.999969        39734     32768.00
      10.695     0.999973        39734     36408.89
      11.415     0.999976        39735     40960.00
      11.415     1.000000        39735          inf
#[Mean    =        2.747, StdDeviation   =        1.250]
#[Max     =       11.408, Total count    =        39735]
#[Buckets =           27, SubBuckets     =         2048]
----------------------------------------------------------
  59648 requests in 30.00s, 24.63MB read
  Socket errors: connect 0, read 0, write 0, timeout 6
Requests/sec:   1988.13
Transfer/sec:    840.77KB
