No argument supplied nginx
using  args: threads=4 and connections=512 and duration=30 and requests=5000
Running 30s test @ http://localhost:8080
  4 threads and 512 connections
  Thread calibration: mean lat.: 3059.813ms, rate sampling interval: 12009ms
  Thread calibration: mean lat.: 3135.760ms, rate sampling interval: 12369ms
  Thread calibration: mean lat.: 3072.304ms, rate sampling interval: 12140ms
  Thread calibration: mean lat.: 3204.747ms, rate sampling interval: 11550ms
  Thread Stats   Avg      Stdev     99%   +/- Stdev
    Latency    13.75s     4.21s   21.81s    59.43%
    Req/Sec   364.75      2.86   369.00     75.00%
  Latency Distribution (HdrHistogram - Recorded Latency)
 50.000%   13.71s 
 75.000%   17.22s 
 90.000%   19.48s 
 99.000%   21.81s 
 99.900%   23.15s 
 99.990%   23.72s 
 99.999%   24.20s 
100.000%   24.20s 

  Detailed Percentile spectrum:
       Value   Percentile   TotalCount 1/(1-Percentile)

    4464.639     0.000000            1         1.00
    8081.407     0.100000         2877         1.11
    9453.567     0.200000         5766         1.25
   10870.783     0.300000         8637         1.43
   12320.767     0.400000        11519         1.67
   13705.215     0.500000        14390         2.00
   14393.343     0.550000        15829         2.22
   15106.047     0.600000        17268         2.50
   15826.943     0.650000        18708         2.86
   16531.455     0.700000        20148         3.33
   17219.583     0.750000        21579         4.00
   17580.031     0.775000        22327         4.44
   17940.479     0.800000        23018         5.00
   18300.927     0.825000        23734         5.71
   18694.143     0.850000        24466         6.67
   19087.359     0.875000        25171         8.00
   19283.967     0.887500        25545         8.89
   19480.575     0.900000        25895        10.00
   19709.951     0.912500        26255        11.43
   19922.943     0.925000        26609        13.33
   20185.087     0.937500        26975        16.00
   20299.775     0.943750        27154        17.78
   20463.615     0.950000        27328        20.00
   20611.071     0.956250        27510        22.86
   20774.911     0.962500        27697        26.67
   20955.135     0.968750        27875        32.00
   21069.823     0.971875        27968        35.56
   21151.743     0.975000        28044        40.00
   21282.815     0.978125        28142        45.71
   21397.503     0.981250        28231        53.33
   21512.191     0.984375        28316        64.00
   21594.111     0.985938        28359        71.11
   21676.031     0.987500        28406        80.00
   21774.335     0.989062        28454        91.43
   21839.871     0.990625        28497       106.67
   21987.327     0.992188        28541       128.00
   22052.863     0.992969        28563       142.22
   22102.015     0.993750        28586       160.00
   22167.551     0.994531        28607       182.86
   22265.855     0.995313        28631       213.33
   22396.927     0.996094        28651       256.00
   22462.463     0.996484        28665       284.44
   22511.615     0.996875        28675       320.00
   22593.535     0.997266        28687       365.71
   22675.455     0.997656        28696       426.67
   22790.143     0.998047        28707       512.00
   22839.295     0.998242        28714       568.89
   22872.063     0.998437        28719       640.00
   22904.831     0.998633        28724       731.43
   23019.519     0.998828        28730       853.33
   23166.975     0.999023        28735      1024.00
   23216.127     0.999121        28739      1137.78
   23265.279     0.999219        28743      1280.00
   23281.663     0.999316        28745      1462.86
   23347.199     0.999414        28749      1706.67
   23347.199     0.999512        28749      2048.00
   23379.967     0.999561        28751      2275.56
   23396.351     0.999609        28752      2560.00
   23560.191     0.999658        28754      2925.71
   23592.959     0.999707        28755      3413.33
   23609.343     0.999756        28756      4096.00
   23658.495     0.999780        28757      4551.11
   23674.879     0.999805        28758      5120.00
   23724.031     0.999829        28760      5851.43
   23724.031     0.999854        28760      6826.67
   23724.031     0.999878        28760      8192.00
   23724.031     0.999890        28760      9102.22
   23740.415     0.999902        28761     10240.00
   23740.415     0.999915        28761     11702.86
   23740.415     0.999927        28761     13653.33
   23937.023     0.999939        28762     16384.00
   23937.023     0.999945        28762     18204.44
   23937.023     0.999951        28762     20480.00
   23937.023     0.999957        28762     23405.71
   23937.023     0.999963        28762     27306.67
   24199.167     0.999969        28763     32768.00
   24199.167     1.000000        28763          inf
#[Mean    =    13748.649, StdDeviation   =     4205.908]
#[Max     =    24182.784, Total count    =        28763]
#[Buckets =           27, SubBuckets     =         2048]
----------------------------------------------------------
  43535 requests in 30.03s, 402.49MB read
  Non-2xx or 3xx responses: 53
Requests/sec:   1449.79
Transfer/sec:     13.40MB
