No argument supplied nginx
using  args: threads=4 and connections=512 and duration=30 and requests=3000
Running 30s test @ http://localhost:8080
  4 threads and 512 connections
  Thread calibration: mean lat.: 1659.297ms, rate sampling interval: 7933ms
  Thread calibration: mean lat.: 1573.685ms, rate sampling interval: 7827ms
  Thread calibration: mean lat.: 1481.522ms, rate sampling interval: 7507ms
  Thread calibration: mean lat.: 1836.622ms, rate sampling interval: 8237ms
  Thread Stats   Avg      Stdev     99%   +/- Stdev
    Latency     9.15s     3.32s   16.38s    64.04%
    Req/Sec   380.75      7.84   395.00     75.00%
  Latency Distribution (HdrHistogram - Recorded Latency)
 50.000%    8.98s 
 75.000%   11.61s 
 90.000%   13.73s 
 99.000%   16.38s 
 99.900%   18.30s 
 99.990%   19.40s 
 99.999%   20.51s 
100.000%   20.51s 

  Detailed Percentile spectrum:
       Value   Percentile   TotalCount 1/(1-Percentile)

     699.903     0.000000            1         1.00
    4882.431     0.100000         3038         1.11
    6037.503     0.200000         6067         1.25
    7086.079     0.300000         9097         1.43
    8019.967     0.400000        12127         1.67
    8978.431     0.500000        15169         2.00
    9453.567     0.550000        16664         2.22
    9961.471     0.600000        18178         2.50
   10493.951     0.650000        19696         2.86
   11051.007     0.700000        21212         3.33
   11608.063     0.750000        22721         4.00
   11911.167     0.775000        23503         4.44
   12206.079     0.800000        24245         5.00
   12533.759     0.825000        25006         5.71
   12910.591     0.850000        25757         6.67
   13287.423     0.875000        26510         8.00
   13508.607     0.887500        26895         8.89
   13729.791     0.900000        27269        10.00
   13959.167     0.912500        27646        11.43
   14204.927     0.925000        28029        13.33
   14499.839     0.937500        28399        16.00
   14655.487     0.943750        28591        17.78
   14835.711     0.950000        28780        20.00
   15007.743     0.956250        28968        22.86
   15171.583     0.962500        29162        26.67
   15359.999     0.968750        29345        32.00
   15482.879     0.971875        29440        35.56
   15597.567     0.975000        29542        40.00
   15720.447     0.978125        29631        45.71
   15851.519     0.981250        29726        53.33
   16031.743     0.984375        29820        64.00
   16097.279     0.985938        29866        71.11
   16195.583     0.987500        29913        80.00
   16302.079     0.989062        29960        91.43
   16457.727     0.990625        30009       106.67
   16654.335     0.992188        30056       128.00
   16793.599     0.992969        30083       142.22
   16875.519     0.993750        30106       160.00
   17022.975     0.994531        30127       182.86
   17170.431     0.995313        30151       213.33
   17334.271     0.996094        30174       256.00
   17399.807     0.996484        30186       284.44
   17498.111     0.996875        30198       320.00
   17580.031     0.997266        30209       365.71
   17694.719     0.997656        30222       426.67
   17842.175     0.998047        30233       512.00
   17907.711     0.998242        30238       568.89
   18104.319     0.998437        30244       640.00
   18186.239     0.998633        30253       731.43
   18219.007     0.998828        30257       853.33
   18317.311     0.999023        30263      1024.00
   18366.463     0.999121        30265      1137.78
   18563.071     0.999219        30268      1280.00
   18595.839     0.999316        30271      1462.86
   18661.375     0.999414        30274      1706.67
   18776.063     0.999512        30277      2048.00
   18825.215     0.999561        30278      2275.56
   18857.983     0.999609        30280      2560.00
   18874.367     0.999658        30281      2925.71
   18989.055     0.999707        30283      3413.33
   19038.207     0.999756        30284      4096.00
   19070.975     0.999780        30285      4551.11
   19120.127     0.999805        30287      5120.00
   19120.127     0.999829        30287      5851.43
   19120.127     0.999854        30287      6826.67
   19398.655     0.999878        30288      8192.00
   19398.655     0.999890        30288      9102.22
   19611.647     0.999902        30289     10240.00
   19611.647     0.999915        30289     11702.86
   19611.647     0.999927        30289     13653.33
   20037.631     0.999939        30290     16384.00
   20037.631     0.999945        30290     18204.44
   20037.631     0.999951        30290     20480.00
   20037.631     0.999957        30290     23405.71
   20037.631     0.999963        30290     27306.67
   20512.767     0.999969        30291     32768.00
   20512.767     1.000000        30291          inf
#[Mean    =     9145.283, StdDeviation   =     3322.503]
#[Max     =    20496.384, Total count    =        30291]
#[Buckets =           27, SubBuckets     =         2048]
----------------------------------------------------------
  46551 requests in 30.06s, 387.25MB read
  Socket errors: connect 0, read 0, write 0, timeout 1
  Non-2xx or 3xx responses: 742
Requests/sec:   1548.84
Transfer/sec:     12.88MB
