No argument supplied nginx
using  args: threads=4 and connections=512 and duration=30 and requests=1500
Running 30s test @ http://localhost:8080
  4 threads and 512 connections
  Thread calibration: mean lat.: 3.284ms, rate sampling interval: 10ms
  Thread calibration: mean lat.: 3.351ms, rate sampling interval: 10ms
  Thread calibration: mean lat.: 3.322ms, rate sampling interval: 10ms
  Thread calibration: mean lat.: 3.342ms, rate sampling interval: 10ms
  Thread Stats   Avg      Stdev     99%   +/- Stdev
    Latency     3.74ms    1.64ms   7.04ms   61.57%
    Req/Sec   392.59    204.11     0.90k    71.07%
  Latency Distribution (HdrHistogram - Recorded Latency)
 50.000%    4.25ms
 75.000%    4.87ms
 90.000%    5.43ms
 99.000%    7.04ms
 99.900%    9.39ms
 99.990%   28.27ms
 99.999%   58.75ms
100.000%   58.75ms

  Detailed Percentile spectrum:
       Value   Percentile   TotalCount 1/(1-Percentile)

       1.061     0.000000            1         1.00
       1.634     0.100000         2977         1.11
       1.840     0.200000         5929         1.25
       2.239     0.300000         8887         1.43
       3.673     0.400000        11850         1.67
       4.247     0.500000        14821         2.00
       4.391     0.550000        16299         2.22
       4.511     0.600000        17809         2.50
       4.623     0.650000        19255         2.86
       4.747     0.700000        20777         3.33
       4.871     0.750000        22249         4.00
       4.939     0.775000        22980         4.44
       5.007     0.800000        23711         5.00
       5.091     0.825000        24472         5.71
       5.179     0.850000        25194         6.67
       5.291     0.875000        25931         8.00
       5.351     0.887500        26301         8.89
       5.427     0.900000        26667        10.00
       5.507     0.912500        27042        11.43
       5.607     0.925000        27405        13.33
       5.719     0.937500        27773        16.00
       5.791     0.943750        27958        17.78
       5.871     0.950000        28144        20.00
       5.967     0.956250        28327        22.86
       6.063     0.962500        28517        26.67
       6.191     0.968750        28701        32.00
       6.267     0.971875        28788        35.56
       6.351     0.975000        28884        40.00
       6.443     0.978125        28974        45.71
       6.559     0.981250        29067        53.33
       6.683     0.984375        29158        64.00
       6.735     0.985938        29205        71.11
       6.827     0.987500        29250        80.00
       6.967     0.989062        29297        91.43
       7.083     0.990625        29343       106.67
       7.207     0.992188        29389       128.00
       7.263     0.992969        29413       142.22
       7.387     0.993750        29438       160.00
       7.471     0.994531        29459       182.86
       7.539     0.995313        29482       213.33
       7.691     0.996094        29505       256.00
       7.803     0.996484        29516       284.44
       7.951     0.996875        29528       320.00
       8.127     0.997266        29540       365.71
       8.247     0.997656        29552       426.67
       8.487     0.998047        29563       512.00
       8.575     0.998242        29568       568.89
       8.711     0.998437        29574       640.00
       8.839     0.998633        29580       731.43
       9.199     0.998828        29586       853.33
       9.495     0.999023        29592      1024.00
       9.711     0.999121        29594      1137.78
       9.775     0.999219        29597      1280.00
      10.191     0.999316        29600      1462.86
      10.399     0.999414        29603      1706.67
      11.479     0.999512        29606      2048.00
      12.095     0.999561        29607      2275.56
      16.815     0.999609        29609      2560.00
      18.975     0.999658        29610      2925.71
      20.943     0.999707        29612      3413.33
      23.391     0.999756        29613      4096.00
      24.095     0.999780        29614      4551.11
      25.647     0.999805        29615      5120.00
      25.647     0.999829        29615      5851.43
      27.967     0.999854        29616      6826.67
      28.271     0.999878        29617      8192.00
      28.271     0.999890        29617      9102.22
      38.879     0.999902        29618     10240.00
      38.879     0.999915        29618     11702.86
      38.879     0.999927        29618     13653.33
      41.663     0.999939        29619     16384.00
      41.663     0.999945        29619     18204.44
      41.663     0.999951        29619     20480.00
      41.663     0.999957        29619     23405.71
      41.663     0.999963        29619     27306.67
      58.751     0.999969        29620     32768.00
      58.751     1.000000        29620          inf
#[Mean    =        3.738, StdDeviation   =        1.644]
#[Max     =       58.720, Total count    =        29620]
#[Buckets =           27, SubBuckets     =         2048]
----------------------------------------------------------
  44332 requests in 30.01s, 292.78MB read
  Socket errors: connect 0, read 0, write 0, timeout 22
Requests/sec:   1477.48
Transfer/sec:      9.76MB
