Using argument nginx
using  args: threads=4 and connections=512 and duration=30 and requests=12000
Running 30s test @ http://10.10.1.8:5000
  4 threads and 512 connections
  Thread calibration: mean lat.: 7.564ms, rate sampling interval: 28ms
  Thread calibration: mean lat.: 7.835ms, rate sampling interval: 28ms
  Thread calibration: mean lat.: 7.542ms, rate sampling interval: 28ms
  Thread calibration: mean lat.: 7.732ms, rate sampling interval: 29ms
  Thread Stats   Avg      Stdev     99%   +/- Stdev
    Latency     8.40ms    8.65ms  47.29ms   92.00%
    Req/Sec     3.07k   413.03     4.00k    72.57%
  Latency Distribution (HdrHistogram - Recorded Latency)
 50.000%    6.13ms
 75.000%    9.80ms
 90.000%   15.32ms
 99.000%   47.29ms
 99.900%   86.53ms
 99.990%  120.83ms
 99.999%  145.54ms
100.000%  158.85ms

  Detailed Percentile spectrum:
       Value   Percentile   TotalCount 1/(1-Percentile)

       0.314     0.000000            1         1.00
       2.505     0.100000        23971         1.11
       3.419     0.200000        47915         1.25
       4.259     0.300000        71860         1.43
       5.131     0.400000        95756         1.67
       6.131     0.500000       119702         2.00
       6.699     0.550000       131660         2.22
       7.327     0.600000       143664         2.50
       8.035     0.650000       155629         2.86
       8.839     0.700000       167627         3.33
       9.799     0.750000       179589         4.00
      10.359     0.775000       185545         4.44
      10.999     0.800000       191545         5.00
      11.743     0.825000       197483         5.71
      12.647     0.850000       203478         6.67
      13.751     0.875000       209457         8.00
      14.463     0.887500       212466         8.89
      15.319     0.900000       215435        10.00
      16.335     0.912500       218440        11.43
      17.647     0.925000       221452        13.33
      19.359     0.937500       224428        16.00
      20.447     0.943750       225910        17.78
      21.775     0.950000       227414        20.00
      23.407     0.956250       228906        22.86
      25.455     0.962500       230395        26.67
      27.999     0.968750       231897        32.00
      29.679     0.971875       232640        35.56
      31.583     0.975000       233389        40.00
      33.823     0.978125       234141        45.71
      36.383     0.981250       234886        53.33
      39.679     0.984375       235633        64.00
      41.503     0.985938       236010        71.11
      43.519     0.987500       236381        80.00
      45.823     0.989062       236760        91.43
      48.479     0.990625       237127       106.67
      51.775     0.992188       237502       128.00
      53.631     0.992969       237691       142.22
      55.775     0.993750       237878       160.00
      58.367     0.994531       238062       182.86
      61.151     0.995313       238249       213.33
      65.023     0.996094       238439       256.00
      66.623     0.996484       238535       284.44
      68.799     0.996875       238626       320.00
      71.039     0.997266       238719       365.71
      73.535     0.997656       238812       426.67
      76.991     0.998047       238905       512.00
      78.527     0.998242       238951       568.89
      80.703     0.998437       238997       640.00
      82.431     0.998633       239044       731.43
      84.671     0.998828       239091       853.33
      86.847     0.999023       239139      1024.00
      88.319     0.999121       239161      1137.78
      90.495     0.999219       239184      1280.00
      93.247     0.999316       239209      1462.86
      95.231     0.999414       239231      1706.67
      97.919     0.999512       239255      2048.00
      99.391     0.999561       239267      2275.56
     101.183     0.999609       239278      2560.00
     103.295     0.999658       239290      2925.71
     104.767     0.999707       239302      3413.33
     107.775     0.999756       239313      4096.00
     109.055     0.999780       239319      4551.11
     112.191     0.999805       239326      5120.00
     112.959     0.999829       239331      5851.43
     114.495     0.999854       239336      6826.67
     118.911     0.999878       239342      8192.00
     120.255     0.999890       239345      9102.22
     121.087     0.999902       239349     10240.00
     122.047     0.999915       239351     11702.86
     125.567     0.999927       239354     13653.33
     128.127     0.999939       239357     16384.00
     128.319     0.999945       239358     18204.44
     128.575     0.999951       239360     20480.00
     129.343     0.999957       239361     23405.71
     134.015     0.999963       239363     27306.67
     134.399     0.999969       239364     32768.00
     135.039     0.999973       239365     36408.89
     136.703     0.999976       239366     40960.00
     136.703     0.999979       239366     46811.43
     137.343     0.999982       239367     54613.33
     144.127     0.999985       239368     65536.00
     144.127     0.999986       239368     72817.78
     145.535     0.999988       239369     81920.00
     145.535     0.999989       239369     93622.86
     145.535     0.999991       239369    109226.67
     147.711     0.999992       239370    131072.00
     147.711     0.999993       239370    145635.56
     147.711     0.999994       239370    163840.00
     147.711     0.999995       239370    187245.71
     147.711     0.999995       239370    218453.33
     158.847     0.999996       239371    262144.00
     158.847     1.000000       239371          inf
#[Mean    =        8.398, StdDeviation   =        8.649]
#[Max     =      158.720, Total count    =       239371]
#[Buckets =           27, SubBuckets     =         2048]
----------------------------------------------------------
  354643 requests in 30.00s, 146.56MB read
Requests/sec:  11821.57
Transfer/sec:      4.89MB
