Using argument nginx
using  args: threads=4 and connections=512 and duration=30 and requests=2500
Running 30s test @ http://10.10.1.6:8080
  4 threads and 512 connections
  Thread calibration: mean lat.: 1.797ms, rate sampling interval: 10ms
  Thread calibration: mean lat.: 1.811ms, rate sampling interval: 10ms
  Thread calibration: mean lat.: 1.817ms, rate sampling interval: 10ms
  Thread calibration: mean lat.: 1.840ms, rate sampling interval: 10ms
  Thread Stats   Avg      Stdev     99%   +/- Stdev
    Latency   113.06ms  473.24ms   2.84s    94.90%
    Req/Sec   596.69    443.51     2.30k    72.50%
  Latency Distribution (HdrHistogram - Recorded Latency)
 50.000%    3.56ms
 75.000%    4.52ms
 90.000%   72.51ms
 99.000%    2.84s 
 99.900%    3.63s 
 99.990%    3.84s 
 99.999%    3.92s 
100.000%    3.92s 

  Detailed Percentile spectrum:
       Value   Percentile   TotalCount 1/(1-Percentile)

       0.409     0.000000            1         1.00
       0.757     0.100000         4525         1.11
       0.855     0.200000         9015         1.25
       1.406     0.300000        13515         1.43
       2.779     0.400000        18022         1.67
       3.561     0.500000        22530         2.00
       3.713     0.550000        24792         2.22
       3.861     0.600000        27044         2.50
       4.017     0.650000        29284         2.86
       4.223     0.700000        31547         3.33
       4.519     0.750000        33785         4.00
       4.743     0.775000        34914         4.44
       5.103     0.800000        36036         5.00
       5.735     0.825000        37161         5.71
       7.751     0.850000        38285         6.67
      39.263     0.875000        39412         8.00
      57.087     0.887500        39974         8.89
      72.511     0.900000        40538        10.00
      91.391     0.912500        41101        11.43
     138.751     0.925000        41663        13.33
     250.879     0.937500        42226        16.00
     398.591     0.943750        42508        17.78
     619.519     0.950000        42789        20.00
     879.615     0.956250        43072        22.86
    1247.231     0.962500        43352        26.67
    1599.487     0.968750        43635        32.00
    1752.063     0.971875        43775        35.56
    1921.023     0.975000        43917        40.00
    2079.743     0.978125        44056        45.71
    2236.415     0.981250        44197        53.33
    2449.407     0.984375        44339        64.00
    2547.711     0.985938        44408        71.11
    2676.735     0.987500        44479        80.00
    2779.135     0.989062        44549        91.43
    2885.631     0.990625        44621       106.67
    3020.799     0.992188        44690       128.00
    3090.431     0.992969        44726       142.22
    3141.631     0.993750        44760       160.00
    3184.639     0.994531        44795       182.86
    3246.079     0.995313        44831       213.33
    3330.047     0.996094        44867       256.00
    3375.103     0.996484        44883       284.44
    3418.111     0.996875        44901       320.00
    3479.551     0.997266        44918       365.71
    3524.607     0.997656        44937       426.67
    3549.183     0.998047        44957       512.00
    3567.615     0.998242        44962       568.89
    3596.287     0.998437        44971       640.00
    3618.815     0.998633        44982       731.43
    3622.911     0.998828        44989       853.33
    3637.247     0.999023        44998      1024.00
    3653.631     0.999121        45002      1137.78
    3674.111     0.999219        45006      1280.00
    3704.831     0.999316        45012      1462.86
    3715.071     0.999414        45015      1706.67
    3743.743     0.999512        45020      2048.00
    3786.751     0.999561        45023      2275.56
    3803.135     0.999609        45024      2560.00
    3811.327     0.999658        45027      2925.71
    3813.375     0.999707        45029      3413.33
    3815.423     0.999756        45032      4096.00
    3815.423     0.999780        45032      4551.11
    3817.471     0.999805        45035      5120.00
    3817.471     0.999829        45035      5851.43
    3817.471     0.999854        45035      6826.67
    3842.047     0.999878        45036      8192.00
    3852.287     0.999890        45037      9102.22
    3852.287     0.999902        45037     10240.00
    3864.575     0.999915        45038     11702.86
    3864.575     0.999927        45038     13653.33
    3866.623     0.999939        45039     16384.00
    3866.623     0.999945        45039     18204.44
    3866.623     0.999951        45039     20480.00
    3868.671     0.999957        45040     23405.71
    3868.671     0.999963        45040     27306.67
    3868.671     0.999969        45040     32768.00
    3868.671     0.999973        45040     36408.89
    3868.671     0.999976        45040     40960.00
    3919.871     0.999979        45041     46811.43
    3919.871     1.000000        45041          inf
#[Mean    =      113.064, StdDeviation   =      473.237]
#[Max     =     3917.824, Total count    =        45041]
#[Buckets =           27, SubBuckets     =         2048]
----------------------------------------------------------
  69506 requests in 30.04s, 397.05MB read
  Socket errors: connect 0, read 0, write 0, timeout 1
  Non-2xx or 3xx responses: 216
Requests/sec:   2313.45
Transfer/sec:     13.22MB
