No argument supplied nginx
using  args: threads=4 and connections=512 and duration=30 and requests=6000
Running 30s test @ http://localhost:8080
  4 threads and 512 connections
  Thread calibration: mean lat.: 2575.411ms, rate sampling interval: 10199ms
  Thread calibration: mean lat.: 2509.466ms, rate sampling interval: 10108ms
  Thread calibration: mean lat.: 2608.727ms, rate sampling interval: 10330ms
  Thread calibration: mean lat.: 2643.802ms, rate sampling interval: 9641ms
  Thread Stats   Avg      Stdev     99%   +/- Stdev
    Latency    11.65s     3.68s   18.86s    59.62%
    Req/Sec   580.60      6.09   591.00     80.00%
  Latency Distribution (HdrHistogram - Recorded Latency)
 50.000%   11.60s 
 75.000%   14.67s 
 90.000%   16.67s 
 99.000%   18.86s 
 99.900%   20.00s 
 99.990%   20.73s 
 99.999%   21.18s 
100.000%   21.18s 

  Detailed Percentile spectrum:
       Value   Percentile   TotalCount 1/(1-Percentile)

    3321.855     0.000000            1         1.00
    6717.439     0.100000         4570         1.11
    7917.567     0.200000         9124         1.25
    9125.887     0.300000        13691         1.43
   10346.495     0.400000        18276         1.67
   11599.871     0.500000        22830         2.00
   12206.079     0.550000        25108         2.22
   12812.287     0.600000        27375         2.50
   13434.879     0.650000        29663         2.86
   14049.279     0.700000        31964         3.33
   14671.871     0.750000        34233         4.00
   14999.551     0.775000        35353         4.44
   15327.231     0.800000        36518         5.00
   15646.719     0.825000        37658         5.71
   15974.399     0.850000        38803         6.67
   16318.463     0.875000        39929         8.00
   16490.495     0.887500        40507         8.89
   16670.719     0.900000        41084        10.00
   16859.135     0.912500        41643        11.43
   17072.127     0.925000        42213        13.33
   17317.887     0.937500        42804        16.00
   17432.575     0.943750        43064        17.78
   17580.031     0.950000        43363        20.00
   17711.103     0.956250        43629        22.86
   17858.559     0.962500        43921        26.67
   18006.015     0.968750        44200        32.00
   18104.319     0.971875        44361        35.56
   18186.239     0.975000        44483        40.00
   18300.927     0.978125        44621        45.71
   18431.999     0.981250        44763        53.33
   18579.455     0.984375        44913        64.00
   18661.375     0.985938        44985        71.11
   18743.295     0.987500        45057        80.00
   18808.831     0.989062        45123        91.43
   18890.751     0.990625        45190       106.67
   18972.671     0.992188        45260       128.00
   19038.207     0.992969        45303       142.22
   19103.743     0.993750        45333       160.00
   19202.047     0.994531        45379       182.86
   19267.583     0.995313        45408       213.33
   19415.039     0.996094        45442       256.00
   19480.575     0.996484        45459       284.44
   19562.495     0.996875        45475       320.00
   19628.031     0.997266        45495       365.71
   19693.567     0.997656        45511       426.67
   19759.103     0.998047        45527       512.00
   19808.255     0.998242        45538       568.89
   19841.023     0.998437        45546       640.00
   19873.791     0.998633        45555       731.43
   19988.479     0.998828        45567       853.33
   20004.863     0.999023        45572      1024.00
   20086.783     0.999121        45579      1137.78
   20103.167     0.999219        45581      1280.00
   20152.319     0.999316        45585      1462.86
   20217.855     0.999414        45591      1706.67
   20250.623     0.999512        45595      2048.00
   20267.007     0.999561        45599      2275.56
   20267.007     0.999609        45599      2560.00
   20365.311     0.999658        45601      2925.71
   20447.231     0.999707        45604      3413.33
   20496.383     0.999756        45605      4096.00
   20545.535     0.999780        45607      4551.11
   20611.071     0.999805        45608      5120.00
   20660.223     0.999829        45609      5851.43
   20709.375     0.999854        45610      6826.67
   20725.759     0.999878        45611      8192.00
   20725.759     0.999890        45611      9102.22
   20742.143     0.999902        45612     10240.00
   20840.447     0.999915        45613     11702.86
   20840.447     0.999927        45613     13653.33
   20922.367     0.999939        45614     16384.00
   20922.367     0.999945        45614     18204.44
   20922.367     0.999951        45614     20480.00
   20987.903     0.999957        45615     23405.71
   20987.903     0.999963        45615     27306.67
   20987.903     0.999969        45615     32768.00
   20987.903     0.999973        45615     36408.89
   20987.903     0.999976        45615     40960.00
   21184.511     0.999979        45616     46811.43
   21184.511     1.000000        45616          inf
#[Mean    =    11646.433, StdDeviation   =     3680.613]
#[Max     =    21168.128, Total count    =        45616]
#[Buckets =           27, SubBuckets     =         2048]
----------------------------------------------------------
  70377 requests in 30.01s, 701.47MB read
  Non-2xx or 3xx responses: 38
Requests/sec:   2344.93
Transfer/sec:     23.37MB
