Using argument nginx
using  args: threads=4 and connections=512 and duration=30 and requests=14000
Running 30s test @ http://10.10.1.2:5000
  4 threads and 512 connections
  Thread calibration: mean lat.: 3946.320ms, rate sampling interval: 14688ms
  Thread calibration: mean lat.: 3971.746ms, rate sampling interval: 14671ms
  Thread calibration: mean lat.: 3884.123ms, rate sampling interval: 14532ms
  Thread calibration: mean lat.: 3718.594ms, rate sampling interval: 13352ms
  Thread Stats   Avg      Stdev     99%   +/- Stdev
    Latency    16.20s     4.79s   24.61s    58.07%
    Req/Sec   621.00      2.12   623.00    100.00%
  Latency Distribution (HdrHistogram - Recorded Latency)
 50.000%   16.24s 
 75.000%   20.32s 
 90.000%   22.76s 
 99.000%   24.61s 
 99.900%   25.30s 
 99.990%   25.64s 
 99.999%   25.82s 
100.000%   25.82s 

  Detailed Percentile spectrum:
       Value   Percentile   TotalCount 1/(1-Percentile)

    6488.063     0.000000            1         1.00
    9551.871     0.100000         4980         1.11
   11231.231     0.200000         9944         1.25
   12918.783     0.300000        14926         1.43
   14622.719     0.400000        19888         1.67
   16244.735     0.500000        24875         2.00
   17039.359     0.550000        27372         2.22
   17825.791     0.600000        29833         2.50
   18661.375     0.650000        32327         2.86
   19496.959     0.700000        34828         3.33
   20316.159     0.750000        37313         4.00
   20742.143     0.775000        38562         4.44
   21135.359     0.800000        39801         5.00
   21544.959     0.825000        41058         5.71
   21938.175     0.850000        42292         6.67
   22347.775     0.875000        43540         8.00
   22544.383     0.887500        44145         8.89
   22757.375     0.900000        44780        10.00
   22953.983     0.912500        45365        11.43
   23183.359     0.925000        46032        13.33
   23396.351     0.937500        46634        16.00
   23511.039     0.943750        46943        17.78
   23625.727     0.950000        47231        20.00
   23740.415     0.956250        47546        22.86
   23871.487     0.962500        47870        26.67
   24002.559     0.968750        48188        32.00
   24068.095     0.971875        48332        35.56
   24150.015     0.975000        48497        40.00
   24231.935     0.978125        48642        45.71
   24313.855     0.981250        48781        53.33
   24412.159     0.984375        48941        64.00
   24477.695     0.985938        49031        71.11
   24526.847     0.987500        49096        80.00
   24575.999     0.989062        49178        91.43
   24641.535     0.990625        49263       106.67
   24707.071     0.992188        49336       128.00
   24739.839     0.992969        49373       142.22
   24788.991     0.993750        49409       160.00
   24838.143     0.994531        49448       182.86
   24887.295     0.995313        49498       213.33
   24936.447     0.996094        49523       256.00
   24985.599     0.996484        49550       284.44
   25001.983     0.996875        49566       320.00
   25034.751     0.997266        49580       365.71
   25083.903     0.997656        49604       426.67
   25116.671     0.998047        49617       512.00
   25165.823     0.998242        49629       568.89
   25198.591     0.998437        49642       640.00
   25214.975     0.998633        49650       731.43
   25247.743     0.998828        49656       853.33
   25296.895     0.999023        49665      1024.00
   25313.279     0.999121        49670      1137.78
   25346.047     0.999219        49676      1280.00
   25378.815     0.999316        49683      1462.86
   25395.199     0.999414        49686      1706.67
   25427.967     0.999512        49689      2048.00
   25460.735     0.999561        49692      2275.56
   25493.503     0.999609        49694      2560.00
   25509.887     0.999658        49697      2925.71
   25526.271     0.999707        49699      3413.33
   25542.655     0.999756        49703      4096.00
   25542.655     0.999780        49703      4551.11
   25559.039     0.999805        49704      5120.00
   25575.423     0.999829        49706      5851.43
   25575.423     0.999854        49706      6826.67
   25608.191     0.999878        49707      8192.00
   25640.959     0.999890        49709      9102.22
   25640.959     0.999902        49709     10240.00
   25640.959     0.999915        49709     11702.86
   25657.343     0.999927        49710     13653.33
   25657.343     0.999939        49710     16384.00
   25673.727     0.999945        49711     18204.44
   25673.727     0.999951        49711     20480.00
   25673.727     0.999957        49711     23405.71
   25690.111     0.999963        49712     27306.67
   25690.111     0.999969        49712     32768.00
   25690.111     0.999973        49712     36408.89
   25690.111     0.999976        49712     40960.00
   25690.111     0.999979        49712     46811.43
   25821.183     0.999982        49713     54613.33
   25821.183     1.000000        49713          inf
#[Mean    =    16199.154, StdDeviation   =     4785.526]
#[Max     =    25804.800, Total count    =        49713]
#[Buckets =           27, SubBuckets     =         2048]
----------------------------------------------------------
  74770 requests in 30.00s, 30.90MB read
Requests/sec:   2492.24
Transfer/sec:      1.03MB
