Using argument nginx
using  args: threads=4 and connections=512 and duration=30 and requests=10000
Running 30s test @ http://10.10.1.2:8080
  4 threads and 512 connections
  Thread calibration: mean lat.: 1.356ms, rate sampling interval: 10ms
  Thread calibration: mean lat.: 1.321ms, rate sampling interval: 10ms
  Thread calibration: mean lat.: 1.437ms, rate sampling interval: 10ms
  Thread calibration: mean lat.: 1.326ms, rate sampling interval: 10ms
  Thread Stats   Avg      Stdev     99%   +/- Stdev
    Latency   812.96us    0.96ms   4.78ms   90.09%
    Req/Sec     2.64k   539.60     4.00k    70.00%
  Latency Distribution (HdrHistogram - Recorded Latency)
 50.000%  531.00us
 75.000%  701.00us
 90.000%    1.75ms
 99.000%    4.78ms
 99.900%    9.11ms
 99.990%   17.20ms
 99.999%   20.67ms
100.000%   21.23ms

  Detailed Percentile spectrum:
       Value   Percentile   TotalCount 1/(1-Percentile)

       0.270     0.000000            1         1.00
       0.383     0.100000        20079         1.11
       0.408     0.200000        39851         1.25
       0.433     0.300000        59712         1.43
       0.467     0.400000        79794         1.67
       0.531     0.500000        99707         2.00
       0.569     0.550000       109758         2.22
       0.599     0.600000       119624         2.50
       0.628     0.650000       129693         2.86
       0.660     0.700000       139368         3.33
       0.701     0.750000       149370         4.00
       0.727     0.775000       154371         4.44
       0.759     0.800000       159214         5.00
       0.803     0.825000       164252         5.71
       0.870     0.850000       169191         6.67
       0.997     0.875000       174143         8.00
       1.166     0.887500       176633         8.89
       1.752     0.900000       179116        10.00
       1.971     0.912500       181616        11.43
       2.195     0.925000       184096        13.33
       2.439     0.937500       186579        16.00
       2.571     0.943750       187825        17.78
       2.715     0.950000       189066        20.00
       2.879     0.956250       190308        22.86
       3.063     0.962500       191554        26.67
       3.293     0.968750       192804        32.00
       3.429     0.971875       193419        35.56
       3.577     0.975000       194043        40.00
       3.735     0.978125       194663        45.71
       3.943     0.981250       195283        53.33
       4.183     0.984375       195910        64.00
       4.319     0.985938       196218        71.11
       4.495     0.987500       196534        80.00
       4.663     0.989062       196840        91.43
       4.879     0.990625       197155       106.67
       5.111     0.992188       197460       128.00
       5.243     0.992969       197618       142.22
       5.395     0.993750       197773       160.00
       5.583     0.994531       197929       182.86
       5.811     0.995313       198082       213.33
       6.043     0.996094       198239       256.00
       6.183     0.996484       198318       284.44
       6.387     0.996875       198394       320.00
       6.595     0.997266       198470       365.71
       6.867     0.997656       198548       426.67
       7.255     0.998047       198627       512.00
       7.523     0.998242       198666       568.89
       7.755     0.998437       198704       640.00
       8.087     0.998633       198742       731.43
       8.647     0.998828       198781       853.33
       9.207     0.999023       198820      1024.00
       9.783     0.999121       198840      1137.78
      10.487     0.999219       198859      1280.00
      11.855     0.999316       198878      1462.86
      14.423     0.999414       198898      1706.67
      15.591     0.999512       198917      2048.00
      15.759     0.999561       198927      2275.56
      15.967     0.999609       198937      2560.00
      16.039     0.999658       198946      2925.71
      16.399     0.999707       198956      3413.33
      16.639     0.999756       198966      4096.00
      16.767     0.999780       198971      4551.11
      16.863     0.999805       198978      5120.00
      16.895     0.999829       198980      5851.43
      17.023     0.999854       198985      6826.67
      17.087     0.999878       198990      8192.00
      17.183     0.999890       198993      9102.22
      17.295     0.999902       198996     10240.00
      17.327     0.999915       198997     11702.86
      17.455     0.999927       199000     13653.33
      17.615     0.999939       199002     16384.00
      17.823     0.999945       199004     18204.44
      17.839     0.999951       199005     20480.00
      18.079     0.999957       199006     23405.71
      18.175     0.999963       199007     27306.67
      18.191     0.999969       199008     32768.00
      18.223     0.999973       199009     36408.89
      18.847     0.999976       199010     40960.00
      18.847     0.999979       199010     46811.43
      18.959     0.999982       199011     54613.33
      18.959     0.999985       199011     65536.00
      20.671     0.999986       199012     72817.78
      20.671     0.999988       199012     81920.00
      20.671     0.999989       199012     93622.86
      20.815     0.999991       199013    109226.67
      20.815     0.999992       199013    131072.00
      20.815     0.999993       199013    145635.56
      20.815     0.999994       199013    163840.00
      20.815     0.999995       199013    187245.71
      21.231     0.999995       199014    218453.33
      21.231     1.000000       199014          inf
#[Mean    =        0.813, StdDeviation   =        0.956]
#[Max     =       21.216, Total count    =       199014]
#[Buckets =           27, SubBuckets     =         2048]
----------------------------------------------------------
  299806 requests in 30.00s, 57.35MB read
Requests/sec:   9993.46
Transfer/sec:      1.91MB
