Using argument nginx
using  args: threads=4 and connections=512 and duration=30 and requests=3000
Running 30s test @ http://10.10.1.4:8080/wrk2-api/user-timeline/read
  4 threads and 512 connections
  Thread calibration: mean lat.: 2.006ms, rate sampling interval: 10ms
  Thread calibration: mean lat.: 1.942ms, rate sampling interval: 10ms
  Thread calibration: mean lat.: 1.832ms, rate sampling interval: 10ms
  Thread calibration: mean lat.: 1.923ms, rate sampling interval: 10ms
  Thread Stats   Avg      Stdev     99%   +/- Stdev
    Latency     2.03ms   10.00ms   4.39ms   99.76%
    Req/Sec   791.29    296.03     1.55k    67.99%
  Latency Distribution (HdrHistogram - Recorded Latency)
 50.000%    1.49ms
 75.000%    1.74ms
 90.000%    2.30ms
 99.000%    4.39ms
 99.900%  154.11ms
 99.990%  387.07ms
 99.999%  725.50ms
100.000%  745.47ms

  Detailed Percentile spectrum:
       Value   Percentile   TotalCount 1/(1-Percentile)

       0.992     0.000000            1         1.00
       1.250     0.100000         5999         1.11
       1.314     0.200000        11945         1.25
       1.370     0.300000        17947         1.43
       1.428     0.400000        23952         1.67
       1.492     0.500000        29884         2.00
       1.527     0.550000        32889         2.22
       1.566     0.600000        35831         2.50
       1.612     0.650000        38815         2.86
       1.671     0.700000        41803         3.33
       1.744     0.750000        44788         4.00
       1.791     0.775000        46281         4.44
       1.846     0.800000        47764         5.00
       1.915     0.825000        49259         5.71
       2.011     0.850000        50747         6.67
       2.139     0.875000        52248         8.00
       2.215     0.887500        52989         8.89
       2.297     0.900000        53741        10.00
       2.373     0.912500        54477        11.43
       2.453     0.925000        55230        13.33
       2.547     0.937500        55969        16.00
       2.605     0.943750        56351        17.78
       2.669     0.950000        56724        20.00
       2.747     0.956250        57086        22.86
       2.839     0.962500        57457        26.67
       2.961     0.968750        57837        32.00
       3.041     0.971875        58021        35.56
       3.139     0.975000        58208        40.00
       3.267     0.978125        58392        45.71
       3.441     0.981250        58577        53.33
       3.705     0.984375        58763        64.00
       3.849     0.985938        58856        71.11
       4.049     0.987500        58951        80.00
       4.251     0.989062        59043        91.43
       4.507     0.990625        59136       106.67
       4.883     0.992188        59229       128.00
       5.159     0.992969        59276       142.22
       5.511     0.993750        59323       160.00
       5.831     0.994531        59370       182.86
       6.291     0.995313        59417       213.33
       6.727     0.996094        59462       256.00
       7.107     0.996484        59487       284.44
       7.643     0.996875        59509       320.00
       8.687     0.997266        59532       365.71
      12.327     0.997656        59556       426.67
      40.767     0.998047        59579       512.00
      57.503     0.998242        59591       568.89
      75.839     0.998437        59602       640.00
      93.247     0.998633        59614       731.43
     139.519     0.998828        59626       853.33
     156.415     0.999023        59637      1024.00
     166.783     0.999121        59643      1137.78
     188.159     0.999219        59649      1280.00
     197.503     0.999316        59655      1462.86
     215.551     0.999414        59661      1706.67
     247.551     0.999512        59666      2048.00
     256.639     0.999561        59669      2275.56
     289.791     0.999609        59672      2560.00
     294.399     0.999658        59675      2925.71
     305.663     0.999707        59678      3413.33
     321.279     0.999756        59681      4096.00
     326.911     0.999780        59682      4551.11
     343.039     0.999805        59684      5120.00
     356.863     0.999829        59685      5851.43
     372.223     0.999854        59687      6826.67
     376.319     0.999878        59688      8192.00
     387.071     0.999890        59689      9102.22
     418.559     0.999902        59690     10240.00
     418.559     0.999915        59690     11702.86
     445.439     0.999927        59691     13653.33
     463.359     0.999939        59692     16384.00
     463.359     0.999945        59692     18204.44
     593.919     0.999951        59693     20480.00
     593.919     0.999957        59693     23405.71
     593.919     0.999963        59693     27306.67
     725.503     0.999969        59694     32768.00
     725.503     0.999973        59694     36408.89
     725.503     0.999976        59694     40960.00
     725.503     0.999979        59694     46811.43
     725.503     0.999982        59694     54613.33
     745.471     0.999985        59695     65536.00
     745.471     1.000000        59695          inf
#[Mean    =        2.027, StdDeviation   =        9.998]
#[Max     =      744.960, Total count    =        59695]
#[Buckets =           27, SubBuckets     =         2048]
----------------------------------------------------------
  89116 requests in 30.00s, 15.69MB read
  Socket errors: connect 0, read 0, write 0, timeout 1
  Non-2xx or 3xx responses: 294
Requests/sec:   2970.70
Transfer/sec:    535.45KB
