Using argument nginx
using  args: threads=4 and connections=512 and duration=30 and requests=4000
Running 30s test @ http://10.10.1.8:8080/wrk2-api/user-timeline/read
  4 threads and 512 connections
  Thread calibration: mean lat.: 6.065ms, rate sampling interval: 17ms
  Thread calibration: mean lat.: 5.883ms, rate sampling interval: 17ms
  Thread calibration: mean lat.: 6.052ms, rate sampling interval: 17ms
  Thread calibration: mean lat.: 5.997ms, rate sampling interval: 17ms
  Thread Stats   Avg      Stdev     99%   +/- Stdev
    Latency     6.35ms    2.61ms  16.05ms   83.40%
    Req/Sec     1.03k   262.05     1.71k    66.74%
  Latency Distribution (HdrHistogram - Recorded Latency)
 50.000%    5.61ms
 75.000%    7.22ms
 90.000%    9.55ms
 99.000%   16.05ms
 99.900%   23.76ms
 99.990%   32.16ms
 99.999%   35.52ms
100.000%   36.26ms

  Detailed Percentile spectrum:
       Value   Percentile   TotalCount 1/(1-Percentile)

       2.717     0.000000            1         1.00
       4.059     0.100000         8011         1.11
       4.455     0.200000        15962         1.25
       4.811     0.300000        23980         1.43
       5.183     0.400000        31940         1.67
       5.607     0.500000        39911         2.00
       5.855     0.550000        43930         2.22
       6.127     0.600000        47923         2.50
       6.435     0.650000        51909         2.86
       6.791     0.700000        55888         3.33
       7.219     0.750000        59866         4.00
       7.483     0.775000        61874         4.44
       7.779     0.800000        63865         5.00
       8.115     0.825000        65866         5.71
       8.503     0.850000        67873         6.67
       8.967     0.875000        69859         8.00
       9.255     0.887500        70851         8.89
       9.551     0.900000        71833        10.00
       9.911     0.912500        72838        11.43
      10.335     0.925000        73825        13.33
      10.823     0.937500        74842        16.00
      11.095     0.943750        75322        17.78
      11.423     0.950000        75825        20.00
      11.791     0.956250        76322        22.86
      12.223     0.962500        76828        26.67
      12.719     0.968750        77316        32.00
      13.007     0.971875        77566        35.56
      13.359     0.975000        77820        40.00
      13.687     0.978125        78070        45.71
      14.103     0.981250        78316        53.33
      14.719     0.984375        78564        64.00
      15.047     0.985938        78689        71.11
      15.423     0.987500        78814        80.00
      15.799     0.989062        78939        91.43
      16.231     0.990625        79062       106.67
      16.719     0.992188        79190       128.00
      17.007     0.992969        79252       142.22
      17.327     0.993750        79314       160.00
      17.839     0.994531        79379       182.86
      18.287     0.995313        79436       213.33
      18.799     0.996094        79499       256.00
      19.103     0.996484        79530       284.44
      19.551     0.996875        79561       320.00
      20.159     0.997266        79592       365.71
      21.039     0.997656        79623       426.67
      21.599     0.998047        79656       512.00
      21.919     0.998242        79672       568.89
      22.335     0.998437        79687       640.00
      22.831     0.998633        79701       731.43
      23.263     0.998828        79717       853.33
      23.871     0.999023        79733      1024.00
      24.175     0.999121        79740      1137.78
      24.639     0.999219        79748      1280.00
      25.087     0.999316        79756      1462.86
      25.439     0.999414        79764      1706.67
      26.559     0.999512        79772      2048.00
      26.991     0.999561        79775      2275.56
      27.167     0.999609        79779      2560.00
      27.743     0.999658        79783      2925.71
      28.495     0.999707        79787      3413.33
      29.055     0.999756        79791      4096.00
      29.727     0.999780        79793      4551.11
      29.999     0.999805        79795      5120.00
      30.351     0.999829        79797      5851.43
      30.479     0.999854        79799      6826.67
      31.839     0.999878        79801      8192.00
      32.159     0.999890        79802      9102.22
      32.495     0.999902        79803     10240.00
      33.887     0.999915        79804     11702.86
      34.623     0.999927        79805     13653.33
      34.655     0.999939        79806     16384.00
      34.655     0.999945        79806     18204.44
      34.847     0.999951        79807     20480.00
      34.847     0.999957        79807     23405.71
      35.167     0.999963        79808     27306.67
      35.167     0.999969        79808     32768.00
      35.167     0.999973        79808     36408.89
      35.519     0.999976        79809     40960.00
      35.519     0.999979        79809     46811.43
      35.519     0.999982        79809     54613.33
      35.519     0.999985        79809     65536.00
      35.519     0.999986        79809     72817.78
      36.255     0.999988        79810     81920.00
      36.255     1.000000        79810          inf
#[Mean    =        6.348, StdDeviation   =        2.609]
#[Max     =       36.224, Total count    =        79810]
#[Buckets =           27, SubBuckets     =         2048]
----------------------------------------------------------
  118922 requests in 30.00s, 20.87MB read
Requests/sec:   3964.03
Transfer/sec:    712.29KB
