Using argument nginx
using  args: threads=4 and connections=512 and duration=30 and requests=1500
Running 30s test @ http://10.10.1.8:8080
  4 threads and 512 connections
  Thread calibration: mean lat.: 2.038ms, rate sampling interval: 10ms
  Thread calibration: mean lat.: 1.891ms, rate sampling interval: 10ms
  Thread calibration: mean lat.: 2.101ms, rate sampling interval: 10ms
  Thread calibration: mean lat.: 1.937ms, rate sampling interval: 10ms
  Thread Stats   Avg      Stdev     99%   +/- Stdev
    Latency     2.53ms    1.51ms   5.76ms   60.58%
    Req/Sec   393.14    202.85     0.90k    70.87%
  Latency Distribution (HdrHistogram - Recorded Latency)
 50.000%    2.70ms
 75.000%    3.80ms
 90.000%    4.33ms
 99.000%    5.76ms
 99.900%    7.39ms
 99.990%    8.59ms
 99.999%    9.53ms
100.000%    9.53ms

  Detailed Percentile spectrum:
       Value   Percentile   TotalCount 1/(1-Percentile)

       0.417     0.000000            1         1.00
       0.641     0.100000         2974         1.11
       0.973     0.200000         5934         1.25
       1.136     0.300000         8913         1.43
       1.408     0.400000        11866         1.67
       2.697     0.500000        14839         2.00
       3.107     0.550000        16317         2.22
       3.371     0.600000        17808         2.50
       3.539     0.650000        19295         2.86
       3.675     0.700000        20779         3.33
       3.801     0.750000        22260         4.00
       3.865     0.775000        22991         4.44
       3.935     0.800000        23736         5.00
       4.013     0.825000        24487         5.71
       4.095     0.850000        25216         6.67
       4.203     0.875000        25980         8.00
       4.263     0.887500        26342         8.89
       4.331     0.900000        26713        10.00
       4.403     0.912500        27071        11.43
       4.499     0.925000        27440        13.33
       4.619     0.937500        27810        16.00
       4.687     0.943750        27998        17.78
       4.767     0.950000        28185        20.00
       4.847     0.956250        28367        22.86
       4.947     0.962500        28553        26.67
       5.055     0.968750        28740        32.00
       5.115     0.971875        28830        35.56
       5.187     0.975000        28926        40.00
       5.267     0.978125        29017        45.71
       5.363     0.981250        29109        53.33
       5.483     0.984375        29206        64.00
       5.547     0.985938        29247        71.11
       5.615     0.987500        29295        80.00
       5.691     0.989062        29341        91.43
       5.807     0.990625        29386       106.67
       5.935     0.992188        29434       128.00
       6.023     0.992969        29456       142.22
       6.095     0.993750        29480       160.00
       6.167     0.994531        29502       182.86
       6.235     0.995313        29526       213.33
       6.399     0.996094        29549       256.00
       6.443     0.996484        29561       284.44
       6.563     0.996875        29572       320.00
       6.695     0.997266        29583       365.71
       6.819     0.997656        29596       426.67
       6.967     0.998047        29607       512.00
       7.003     0.998242        29612       568.89
       7.079     0.998437        29618       640.00
       7.179     0.998633        29624       731.43
       7.287     0.998828        29630       853.33
       7.487     0.999023        29636      1024.00
       7.559     0.999121        29638      1137.78
       7.687     0.999219        29641      1280.00
       7.723     0.999316        29644      1462.86
       7.815     0.999414        29647      1706.67
       7.859     0.999512        29650      2048.00
       7.875     0.999561        29651      2275.56
       8.051     0.999609        29653      2560.00
       8.079     0.999658        29654      2925.71
       8.091     0.999707        29656      3413.33
       8.175     0.999756        29657      4096.00
       8.311     0.999780        29658      4551.11
       8.391     0.999805        29659      5120.00
       8.391     0.999829        29659      5851.43
       8.455     0.999854        29660      6826.67
       8.591     0.999878        29661      8192.00
       8.591     0.999890        29661      9102.22
       8.655     0.999902        29662     10240.00
       8.655     0.999915        29662     11702.86
       8.655     0.999927        29662     13653.33
       9.055     0.999939        29663     16384.00
       9.055     0.999945        29663     18204.44
       9.055     0.999951        29663     20480.00
       9.055     0.999957        29663     23405.71
       9.055     0.999963        29663     27306.67
       9.535     0.999969        29664     32768.00
       9.535     1.000000        29664          inf
#[Mean    =        2.526, StdDeviation   =        1.509]
#[Max     =        9.528, Total count    =        29664]
#[Buckets =           27, SubBuckets     =         2048]
----------------------------------------------------------
  44703 requests in 30.01s, 214.72MB read
  Socket errors: connect 0, read 0, write 0, timeout 22
Requests/sec:   1489.73
Transfer/sec:      7.16MB
