Using argument nginx
using  args: threads=4 and connections=512 and duration=30 and requests=4000
Running 30s test @ http://10.10.1.6:8080/wrk2-api/user-timeline/read
  4 threads and 512 connections
  Thread calibration: mean lat.: 59.390ms, rate sampling interval: 441ms
  Thread calibration: mean lat.: 63.918ms, rate sampling interval: 490ms
  Thread calibration: mean lat.: 62.139ms, rate sampling interval: 504ms
  Thread calibration: mean lat.: 62.429ms, rate sampling interval: 502ms
  Thread Stats   Avg      Stdev     99%   +/- Stdev
    Latency    52.73ms  145.51ms 723.46ms   91.49%
    Req/Sec     1.01k   150.28     1.25k    86.50%
  Latency Distribution (HdrHistogram - Recorded Latency)
 50.000%    5.53ms
 75.000%    8.17ms
 90.000%  137.85ms
 99.000%  723.46ms
 99.900%  968.19ms
 99.990%    1.24s 
 99.999%    1.37s 
100.000%    1.40s 

  Detailed Percentile spectrum:
       Value   Percentile   TotalCount 1/(1-Percentile)

       2.451     0.000000            1         1.00
       3.783     0.100000         8022         1.11
       4.215     0.200000        16030         1.25
       4.611     0.300000        24011         1.43
       5.031     0.400000        31966         1.67
       5.527     0.500000        39941         2.00
       5.827     0.550000        43937         2.22
       6.195     0.600000        47916         2.50
       6.647     0.650000        51929         2.86
       7.259     0.700000        55915         3.33
       8.167     0.750000        59890         4.00
       8.919     0.775000        61899         4.44
      10.031     0.800000        63890         5.00
      12.135     0.825000        65881         5.71
      37.343     0.850000        67877         6.67
      79.103     0.875000        69873         8.00
     101.695     0.887500        70871         8.89
     137.855     0.900000        71871        10.00
     187.007     0.912500        72867        11.43
     249.855     0.925000        73867        13.33
     330.239     0.937500        74863        16.00
     375.551     0.943750        75363        17.78
     414.975     0.950000        75863        20.00
     459.775     0.956250        76363        22.86
     503.295     0.962500        76859        26.67
     545.279     0.968750        77358        32.00
     565.247     0.971875        77608        35.56
     586.239     0.975000        77863        40.00
     606.207     0.978125        78113        45.71
     629.759     0.981250        78356        53.33
     658.431     0.984375        78607        64.00
     676.863     0.985938        78733        71.11
     691.711     0.987500        78857        80.00
     712.191     0.989062        78980        91.43
     733.183     0.990625        79110       106.67
     756.223     0.992188        79230       128.00
     770.559     0.992969        79294       142.22
     786.943     0.993750        79355       160.00
     803.327     0.994531        79419       182.86
     819.199     0.995313        79479       213.33
     842.239     0.996094        79542       256.00
     858.111     0.996484        79573       284.44
     870.911     0.996875        79604       320.00
     881.151     0.997266        79636       365.71
     894.975     0.997656        79666       426.67
     912.383     0.998047        79701       512.00
     921.599     0.998242        79713       568.89
     932.351     0.998437        79730       640.00
     943.103     0.998633        79745       731.43
     956.415     0.998828        79760       853.33
     971.263     0.999023        79776      1024.00
     984.063     0.999121        79783      1137.78
    1003.519     0.999219        79791      1280.00
    1021.951     0.999316        79799      1462.86
    1032.703     0.999414        79807      1706.67
    1056.767     0.999512        79815      2048.00
    1071.103     0.999561        79818      2275.56
    1081.343     0.999609        79822      2560.00
    1087.487     0.999658        79826      2925.71
    1100.799     0.999707        79830      3413.33
    1123.327     0.999756        79834      4096.00
    1141.759     0.999780        79836      4551.11
    1151.999     0.999805        79838      5120.00
    1190.911     0.999829        79841      5851.43
    1203.199     0.999854        79842      6826.67
    1218.559     0.999878        79844      8192.00
    1243.135     0.999890        79845      9102.22
    1257.471     0.999902        79846     10240.00
    1279.999     0.999915        79847     11702.86
    1294.335     0.999927        79848     13653.33
    1297.407     0.999939        79849     16384.00
    1297.407     0.999945        79849     18204.44
    1337.343     0.999951        79850     20480.00
    1337.343     0.999957        79850     23405.71
    1350.655     0.999963        79851     27306.67
    1350.655     0.999969        79851     32768.00
    1350.655     0.999973        79851     36408.89
    1368.063     0.999976        79852     40960.00
    1368.063     0.999979        79852     46811.43
    1368.063     0.999982        79852     54613.33
    1368.063     0.999985        79852     65536.00
    1368.063     0.999986        79852     72817.78
    1400.831     0.999988        79853     81920.00
    1400.831     1.000000        79853          inf
#[Mean    =       52.730, StdDeviation   =      145.507]
#[Max     =     1399.808, Total count    =        79853]
#[Buckets =           27, SubBuckets     =         2048]
----------------------------------------------------------
  118012 requests in 30.00s, 20.71MB read
Requests/sec:   3933.98
Transfer/sec:    706.89KB
