Using argument nginx
using  args: threads=4 and connections=512 and duration=30 and requests=4000
Running 30s test @ http://10.10.1.4:5000
  4 threads and 512 connections
  Thread calibration: mean lat.: 2.023ms, rate sampling interval: 10ms
  Thread calibration: mean lat.: 2.007ms, rate sampling interval: 10ms
  Thread calibration: mean lat.: 2.039ms, rate sampling interval: 10ms
  Thread calibration: mean lat.: 2.015ms, rate sampling interval: 10ms
  Thread Stats   Avg      Stdev     99%   +/- Stdev
    Latency     1.95ms    1.06ms   5.24ms   69.04%
    Req/Sec     1.06k   337.59     2.00k    65.38%
  Latency Distribution (HdrHistogram - Recorded Latency)
 50.000%    1.61ms
 75.000%    2.53ms
 90.000%    3.45ms
 99.000%    5.24ms
 99.900%    6.66ms
 99.990%    8.07ms
 99.999%    9.63ms
100.000%   10.82ms

  Detailed Percentile spectrum:
       Value   Percentile   TotalCount 1/(1-Percentile)

       0.346     0.000000            1         1.00
       0.821     0.100000         7987         1.11
       0.977     0.200000        15971         1.25
       1.310     0.300000        23977         1.43
       1.450     0.400000        31939         1.67
       1.606     0.500000        39907         2.00
       1.724     0.550000        43925         2.22
       1.909     0.600000        47888         2.50
       2.133     0.650000        51907         2.86
       2.327     0.700000        55874         3.33
       2.533     0.750000        59876         4.00
       2.645     0.775000        61855         4.44
       2.771     0.800000        63860         5.00
       2.907     0.825000        65846         5.71
       3.065     0.850000        67845         6.67
       3.239     0.875000        69845         8.00
       3.337     0.887500        70841         8.89
       3.449     0.900000        71838        10.00
       3.579     0.912500        72838        11.43
       3.711     0.925000        73830        13.33
       3.873     0.937500        74830        16.00
       3.967     0.943750        75321        17.78
       4.061     0.950000        75820        20.00
       4.183     0.956250        76331        22.86
       4.311     0.962500        76823        26.67
       4.463     0.968750        77321        32.00
       4.543     0.971875        77567        35.56
       4.627     0.975000        77823        40.00
       4.723     0.978125        78067        45.71
       4.847     0.981250        78313        53.33
       4.975     0.984375        78569        64.00
       5.039     0.985938        78687        71.11
       5.115     0.987500        78816        80.00
       5.195     0.989062        78940        91.43
       5.271     0.990625        79061       106.67
       5.379     0.992188        79184       128.00
       5.447     0.992969        79248       142.22
       5.519     0.993750        79309       160.00
       5.603     0.994531        79371       182.86
       5.723     0.995313        79438       213.33
       5.807     0.996094        79496       256.00
       5.871     0.996484        79527       284.44
       5.959     0.996875        79558       320.00
       6.043     0.997266        79591       365.71
       6.147     0.997656        79620       426.67
       6.255     0.998047        79652       512.00
       6.315     0.998242        79668       568.89
       6.391     0.998437        79683       640.00
       6.531     0.998633        79699       731.43
       6.599     0.998828        79714       853.33
       6.667     0.999023        79731      1024.00
       6.695     0.999121        79737      1137.78
       6.791     0.999219        79746      1280.00
       6.835     0.999316        79753      1462.86
       6.979     0.999414        79761      1706.67
       7.103     0.999512        79769      2048.00
       7.159     0.999561        79772      2275.56
       7.263     0.999609        79776      2560.00
       7.363     0.999658        79780      2925.71
       7.483     0.999707        79784      3413.33
       7.571     0.999756        79788      4096.00
       7.651     0.999780        79790      4551.11
       7.707     0.999805        79792      5120.00
       7.827     0.999829        79794      5851.43
       7.955     0.999854        79796      6826.67
       7.999     0.999878        79798      8192.00
       8.067     0.999890        79799      9102.22
       8.115     0.999902        79800     10240.00
       8.215     0.999915        79801     11702.86
       8.263     0.999927        79802     13653.33
       8.367     0.999939        79803     16384.00
       8.367     0.999945        79803     18204.44
       8.479     0.999951        79804     20480.00
       8.479     0.999957        79804     23405.71
       9.055     0.999963        79805     27306.67
       9.055     0.999969        79805     32768.00
       9.055     0.999973        79805     36408.89
       9.631     0.999976        79806     40960.00
       9.631     0.999979        79806     46811.43
       9.631     0.999982        79806     54613.33
       9.631     0.999985        79806     65536.00
       9.631     0.999986        79806     72817.78
      10.823     0.999988        79807     81920.00
      10.823     1.000000        79807          inf
#[Mean    =        1.947, StdDeviation   =        1.065]
#[Max     =       10.816, Total count    =        79807]
#[Buckets =           27, SubBuckets     =         2048]
----------------------------------------------------------
  119883 requests in 30.00s, 49.64MB read
Requests/sec:   3996.07
Transfer/sec:      1.65MB
