Using argument nginx
using  args: threads=4 and connections=512 and duration=30 and requests=2500
Running 30s test @ http://10.10.1.6:8080/wrk2-api/user-timeline/read
  4 threads and 512 connections
  Thread calibration: mean lat.: 4.916ms, rate sampling interval: 10ms
  Thread calibration: mean lat.: 4.927ms, rate sampling interval: 10ms
  Thread calibration: mean lat.: 4.831ms, rate sampling interval: 10ms
  Thread calibration: mean lat.: 8.029ms, rate sampling interval: 10ms
  Thread Stats   Avg      Stdev     99%   +/- Stdev
    Latency     4.45ms   22.94ms  23.02ms   99.15%
    Req/Sec   661.81    277.86     1.40k    71.70%
  Latency Distribution (HdrHistogram - Recorded Latency)
 50.000%    3.10ms
 75.000%    3.52ms
 90.000%    4.15ms
 99.000%   23.02ms
 99.900%  318.72ms
 99.990%  983.04ms
 99.999%    1.47s 
100.000%    1.47s 

  Detailed Percentile spectrum:
       Value   Percentile   TotalCount 1/(1-Percentile)

       2.061     0.000000            1         1.00
       2.599     0.100000         5025         1.11
       2.741     0.200000        10000         1.25
       2.859     0.300000        15001         1.43
       2.973     0.400000        20024         1.67
       3.097     0.500000        25043         2.00
       3.165     0.550000        27488         2.22
       3.239     0.600000        30002         2.50
       3.319     0.650000        32483         2.86
       3.413     0.700000        34947         3.33
       3.521     0.750000        37453         4.00
       3.587     0.775000        38702         4.44
       3.663     0.800000        39951         5.00
       3.747     0.825000        41194         5.71
       3.845     0.850000        42437         6.67
       3.975     0.875000        43683         8.00
       4.051     0.887500        44305         8.89
       4.147     0.900000        44952        10.00
       4.251     0.912500        45555        11.43
       4.383     0.925000        46188        13.33
       4.563     0.937500        46801        16.00
       4.667     0.943750        47114        17.78
       4.787     0.950000        47428        20.00
       4.963     0.956250        47743        22.86
       5.215     0.962500        48050        26.67
       5.579     0.968750        48362        32.00
       5.819     0.971875        48519        35.56
       6.183     0.975000        48673        40.00
       6.763     0.978125        48832        45.71
       7.675     0.981250        48985        53.33
      10.311     0.984375        49141        64.00
      13.007     0.985938        49220        71.11
      16.767     0.987500        49297        80.00
      20.143     0.989062        49375        91.43
      24.591     0.990625        49453       106.67
      29.967     0.992188        49531       128.00
      32.463     0.992969        49570       142.22
      36.799     0.993750        49609       160.00
      40.863     0.994531        49648       182.86
      45.567     0.995313        49687       213.33
      50.847     0.996094        49726       256.00
      53.855     0.996484        49746       284.44
      57.087     0.996875        49765       320.00
      61.695     0.997266        49785       365.71
      68.159     0.997656        49804       426.67
      82.559     0.998047        49824       512.00
     109.247     0.998242        49834       568.89
     185.855     0.998437        49843       640.00
     246.143     0.998633        49853       731.43
     296.191     0.998828        49863       853.33
     328.447     0.999023        49873      1024.00
     374.527     0.999121        49878      1137.78
     413.439     0.999219        49882      1280.00
     441.599     0.999316        49887      1462.86
     465.151     0.999414        49892      1706.67
     531.967     0.999512        49897      2048.00
     544.767     0.999561        49900      2275.56
     580.095     0.999609        49902      2560.00
     678.911     0.999658        49904      2925.71
     783.359     0.999707        49907      3413.33
     818.687     0.999756        49909      4096.00
     838.655     0.999780        49911      4551.11
     865.279     0.999805        49912      5120.00
     934.399     0.999829        49913      5851.43
     945.663     0.999854        49914      6826.67
     947.711     0.999878        49915      8192.00
     983.039     0.999890        49916      9102.22
    1086.463     0.999902        49917     10240.00
    1086.463     0.999915        49917     11702.86
    1106.943     0.999927        49918     13653.33
    1106.943     0.999939        49918     16384.00
    1250.303     0.999945        49919     18204.44
    1250.303     0.999951        49919     20480.00
    1250.303     0.999957        49919     23405.71
    1278.975     0.999963        49920     27306.67
    1278.975     0.999969        49920     32768.00
    1278.975     0.999973        49920     36408.89
    1278.975     0.999976        49920     40960.00
    1278.975     0.999979        49920     46811.43
    1465.343     0.999982        49921     54613.33
    1465.343     1.000000        49921          inf
#[Mean    =        4.449, StdDeviation   =       22.945]
#[Max     =     1464.320, Total count    =        49921]
#[Buckets =           27, SubBuckets     =         2048]
----------------------------------------------------------
  74935 requests in 30.00s, 13.15MB read
  Socket errors: connect 0, read 0, write 0, timeout 1
  Non-2xx or 3xx responses: 1
Requests/sec:   2497.66
Transfer/sec:    448.80KB
