Using argument nginx
using  args: threads=4 and connections=512 and duration=30 and requests=18000
Running 30s test @ http://10.10.1.6:5000
  4 threads and 512 connections
  Thread calibration: mean lat.: 225.455ms, rate sampling interval: 1006ms
  Thread calibration: mean lat.: 215.001ms, rate sampling interval: 1031ms
  Thread calibration: mean lat.: 223.286ms, rate sampling interval: 1087ms
  Thread calibration: mean lat.: 240.130ms, rate sampling interval: 1064ms
  Thread Stats   Avg      Stdev     99%   +/- Stdev
    Latency   213.88ms  226.36ms   1.09s    87.05%
    Req/Sec     4.58k    96.93     4.76k    70.27%
  Latency Distribution (HdrHistogram - Recorded Latency)
 50.000%  134.40ms
 75.000%  283.14ms
 90.000%  505.34ms
 99.000%    1.09s 
 99.900%    1.46s 
 99.990%    1.75s 
 99.999%    1.83s 
100.000%    1.87s 

  Detailed Percentile spectrum:
       Value   Percentile   TotalCount 1/(1-Percentile)

       0.467     0.000000            1         1.00
      31.071     0.100000        36358         1.11
      50.015     0.200000        72687         1.25
      72.831     0.300000       108999         1.43
     100.415     0.400000       145393         1.67
     134.399     0.500000       181701         2.00
     155.007     0.550000       199891         2.22
     179.071     0.600000       218025         2.50
     207.231     0.650000       236196         2.86
     241.279     0.700000       254354         3.33
     283.135     0.750000       272487         4.00
     307.711     0.775000       281608         4.44
     336.383     0.800000       290692         5.00
     368.383     0.825000       299748         5.71
     405.247     0.850000       308821         6.67
     449.279     0.875000       317909         8.00
     475.903     0.887500       322473         8.89
     505.343     0.900000       326995        10.00
     538.111     0.912500       331566        11.43
     579.071     0.925000       336096        13.33
     629.759     0.937500       340619        16.00
     659.455     0.943750       342897        17.78
     690.687     0.950000       345163        20.00
     727.551     0.956250       347421        22.86
     765.439     0.962500       349687        26.67
     812.543     0.968750       351981        32.00
     838.143     0.971875       353094        35.56
     868.863     0.975000       354234        40.00
     904.191     0.978125       355368        45.71
     940.031     0.981250       356511        53.33
     984.063     0.984375       357635        64.00
    1008.127     0.985938       358203        71.11
    1034.751     0.987500       358772        80.00
    1065.983     0.989062       359352        91.43
    1101.823     0.990625       359916       106.67
    1143.807     0.992188       360487       128.00
    1163.263     0.992969       360767       142.22
    1186.815     0.993750       361054       160.00
    1212.415     0.994531       361328       182.86
    1236.991     0.995313       361610       213.33
    1264.639     0.996094       361904       256.00
    1278.975     0.996484       362042       284.44
    1294.335     0.996875       362181       320.00
    1312.767     0.997266       362318       365.71
    1339.391     0.997656       362461       426.67
    1368.063     0.998047       362605       512.00
    1383.423     0.998242       362680       568.89
    1405.951     0.998437       362745       640.00
    1423.359     0.998633       362816       731.43
    1445.887     0.998828       362886       853.33
    1467.391     0.999023       362956      1024.00
    1485.823     0.999121       362994      1137.78
    1494.015     0.999219       363027      1280.00
    1507.327     0.999316       363063      1462.86
    1525.759     0.999414       363098      1706.67
    1546.239     0.999512       363134      2048.00
    1555.455     0.999561       363152      2275.56
    1566.719     0.999609       363171      2560.00
    1575.935     0.999658       363188      2925.71
    1594.367     0.999707       363204      3413.33
    1627.135     0.999756       363222      4096.00
    1649.663     0.999780       363231      4551.11
    1675.263     0.999805       363242      5120.00
    1688.575     0.999829       363248      5851.43
    1700.863     0.999854       363257      6826.67
    1723.391     0.999878       363266      8192.00
    1743.871     0.999890       363272      9102.22
    1751.039     0.999902       363275     10240.00
    1759.231     0.999915       363279     11702.86
    1774.591     0.999927       363284     13653.33
    1779.711     0.999939       363288     16384.00
    1783.807     0.999945       363291     18204.44
    1789.951     0.999951       363294     20480.00
    1796.095     0.999957       363295     23405.71
    1809.407     0.999963       363297     27306.67
    1812.479     0.999969       363299     32768.00
    1817.599     0.999973       363301     36408.89
    1818.623     0.999976       363302     40960.00
    1823.743     0.999979       363304     46811.43
    1823.743     0.999982       363304     54613.33
    1824.767     0.999985       363305     65536.00
    1830.911     0.999986       363306     72817.78
    1830.911     0.999988       363306     81920.00
    1841.151     0.999989       363307     93622.86
    1841.151     0.999991       363307    109226.67
    1850.367     0.999992       363308    131072.00
    1850.367     0.999993       363308    145635.56
    1850.367     0.999994       363308    163840.00
    1859.583     0.999995       363309    187245.71
    1859.583     0.999995       363309    218453.33
    1859.583     0.999996       363309    262144.00
    1859.583     0.999997       363309    291271.11
    1859.583     0.999997       363309    327680.00
    1870.847     0.999997       363310    374491.43
    1870.847     1.000000       363310          inf
#[Mean    =      213.881, StdDeviation   =      226.363]
#[Max     =     1869.824, Total count    =       363310]
#[Buckets =           27, SubBuckets     =         2048]
----------------------------------------------------------
  528902 requests in 30.00s, 218.48MB read
Requests/sec:  17628.62
Transfer/sec:      7.28MB
