Using argument nginx
using  args: threads=4 and connections=8 and duration=30 and requests=1500
Running 30s test @ http://10.10.1.4:8080
  4 threads and 8 connections
  Thread calibration: mean lat.: 4.032ms, rate sampling interval: 14ms
  Thread calibration: mean lat.: 4.714ms, rate sampling interval: 16ms
  Thread calibration: mean lat.: 3.867ms, rate sampling interval: 14ms
  Thread calibration: mean lat.: 4.458ms, rate sampling interval: 16ms
  Thread Stats   Avg      Stdev     99%   +/- Stdev
    Latency     4.45ms    2.99ms  14.77ms   69.73%
    Req/Sec   385.32    148.66   750.00     66.36%
  Latency Distribution (HdrHistogram - Recorded Latency)
 50.000%    3.78ms
 75.000%    5.66ms
 90.000%    8.26ms
 99.000%   14.77ms
 99.900%   21.26ms
 99.990%   28.27ms
 99.999%   30.01ms
100.000%   30.01ms

  Detailed Percentile spectrum:
       Value   Percentile   TotalCount 1/(1-Percentile)

       0.359     0.000000            1         1.00
       1.009     0.100000         2985         1.11
       2.163     0.200000         5966         1.25
       3.165     0.300000         8949         1.43
       3.485     0.400000        11933         1.67
       3.777     0.500000        14914         2.00
       3.983     0.550000        16395         2.22
       4.279     0.600000        17892         2.50
       4.643     0.650000        19385         2.86
       5.091     0.700000        20865         3.33
       5.663     0.750000        22359         4.00
       5.987     0.775000        23108         4.44
       6.335     0.800000        23847         5.00
       6.731     0.825000        24597         5.71
       7.143     0.850000        25340         6.67
       7.615     0.875000        26085         8.00
       7.883     0.887500        26454         8.89
       8.263     0.900000        26831        10.00
       8.647     0.912500        27199        11.43
       9.071     0.925000        27575        13.33
       9.583     0.937500        27947        16.00
       9.895     0.943750        28130        17.78
      10.239     0.950000        28317        20.00
      10.615     0.956250        28504        22.86
      11.007     0.962500        28691        26.67
      11.599     0.968750        28879        32.00
      11.847     0.971875        28969        35.56
      12.143     0.975000        29061        40.00
      12.463     0.978125        29154        45.71
      12.959     0.981250        29249        53.33
      13.567     0.984375        29343        64.00
      13.863     0.985938        29388        71.11
      14.151     0.987500        29434        80.00
      14.527     0.989062        29480        91.43
      15.087     0.990625        29527       106.67
      15.599     0.992188        29574       128.00
      15.887     0.992969        29598       142.22
      16.167     0.993750        29620       160.00
      16.559     0.994531        29644       182.86
      16.959     0.995313        29667       213.33
      17.583     0.996094        29690       256.00
      17.887     0.996484        29702       284.44
      18.223     0.996875        29714       320.00
      18.575     0.997266        29725       365.71
      18.879     0.997656        29737       426.67
      19.375     0.998047        29748       512.00
      19.807     0.998242        29754       568.89
      20.207     0.998437        29760       640.00
      20.703     0.998633        29766       731.43
      21.055     0.998828        29772       853.33
      21.455     0.999023        29777      1024.00
      21.727     0.999121        29780      1137.78
      21.871     0.999219        29783      1280.00
      21.983     0.999316        29786      1462.86
      22.287     0.999414        29789      1706.67
      22.575     0.999512        29792      2048.00
      22.607     0.999561        29793      2275.56
      23.615     0.999609        29795      2560.00
      23.647     0.999658        29796      2925.71
      24.047     0.999707        29798      3413.33
      24.703     0.999756        29799      4096.00
      24.831     0.999780        29800      4551.11
      24.959     0.999805        29801      5120.00
      24.959     0.999829        29801      5851.43
      27.359     0.999854        29802      6826.67
      28.271     0.999878        29803      8192.00
      28.271     0.999890        29803      9102.22
      28.991     0.999902        29804     10240.00
      28.991     0.999915        29804     11702.86
      28.991     0.999927        29804     13653.33
      29.871     0.999939        29805     16384.00
      29.871     0.999945        29805     18204.44
      29.871     0.999951        29805     20480.00
      29.871     0.999957        29805     23405.71
      29.871     0.999963        29805     27306.67
      30.015     0.999969        29806     32768.00
      30.015     1.000000        29806          inf
#[Mean    =        4.449, StdDeviation   =        2.994]
#[Max     =       30.000, Total count    =        29806]
#[Buckets =           27, SubBuckets     =         2048]
----------------------------------------------------------
  44791 requests in 30.00s, 343.87MB read
Requests/sec:   1492.90
Transfer/sec:     11.46MB
