Using argument nginx
using  args: threads=4 and connections=512 and duration=150 and requests=5000
Running 2m test @ http://10.10.1.4:8080/wrk2-api/user-timeline/read
  4 threads and 512 connections
  Thread calibration: mean lat.: 7.130ms, rate sampling interval: 18ms
  Thread calibration: mean lat.: 7.482ms, rate sampling interval: 18ms
  Thread calibration: mean lat.: 6.037ms, rate sampling interval: 16ms
  Thread calibration: mean lat.: 7.409ms, rate sampling interval: 18ms
  Thread Stats   Avg      Stdev     99%   +/- Stdev
    Latency    23.13ms   80.10ms 467.45ms   95.25%
    Req/Sec     1.29k   337.37     2.13k    71.91%
  Latency Distribution (HdrHistogram - Recorded Latency)
 50.000%    5.27ms
 75.000%    7.11ms
 90.000%   19.57ms
 99.000%  467.45ms
 99.900%  833.53ms
 99.990%    1.09s 
 99.999%    1.38s 
100.000%    1.48s 

  Detailed Percentile spectrum:
       Value   Percentile   TotalCount 1/(1-Percentile)

       2.537     0.000000            1         1.00
       3.915     0.100000        70069         1.11
       4.255     0.200000       140324         1.25
       4.563     0.300000       210696         1.43
       4.887     0.400000       280230         1.67
       5.267     0.500000       350225         2.00
       5.499     0.550000       385167         2.22
       5.775     0.600000       420344         2.50
       6.103     0.650000       455165         2.86
       6.527     0.700000       490096         3.33
       7.111     0.750000       525213         4.00
       7.499     0.775000       542629         4.44
       7.987     0.800000       560129         5.00
       8.663     0.825000       577766         5.71
       9.687     0.850000       595177         6.67
      11.687     0.875000       612640         8.00
      13.911     0.887500       621371         8.89
      19.583     0.900000       630120        10.00
      32.127     0.912500       638870        11.43
      48.415     0.925000       647621        13.33
      66.943     0.937500       656391        16.00
      79.103     0.943750       660756        17.78
      95.231     0.950000       665120        20.00
     117.887     0.956250       669504        22.86
     148.991     0.962500       673890        26.67
     191.487     0.968750       678251        32.00
     219.519     0.971875       680439        35.56
     250.111     0.975000       682626        40.00
     284.159     0.978125       684813        45.71
     322.047     0.981250       687003        53.33
     364.799     0.984375       689190        64.00
     388.863     0.985938       690283        71.11
     416.511     0.987500       691380        80.00
     447.487     0.989062       692469        91.43
     481.279     0.990625       693567       106.67
     518.911     0.992188       694664       128.00
     539.135     0.992969       695204       142.22
     562.175     0.993750       695755       160.00
     585.727     0.994531       696305       182.86
     611.839     0.995313       696846       213.33
     643.583     0.996094       697396       256.00
     659.967     0.996484       697670       284.44
     678.911     0.996875       697939       320.00
     697.855     0.997266       698222       365.71
     720.383     0.997656       698489       426.67
     748.031     0.998047       698763       512.00
     762.879     0.998242       698896       568.89
     779.775     0.998437       699033       640.00
     795.135     0.998633       699169       731.43
     815.103     0.998828       699308       853.33
     836.607     0.999023       699444      1024.00
     848.895     0.999121       699511      1137.78
     863.231     0.999219       699581      1280.00
     877.055     0.999316       699648      1462.86
     894.975     0.999414       699717      1706.67
     913.919     0.999512       699786      2048.00
     921.087     0.999561       699820      2275.56
     932.351     0.999609       699853      2560.00
     947.199     0.999658       699887      2925.71
     965.119     0.999707       699922      3413.33
     983.551     0.999756       699956      4096.00
     993.791     0.999780       699973      4551.11
    1009.663     0.999805       699990      5120.00
    1025.023     0.999829       700007      5851.43
    1041.919     0.999854       700024      6826.67
    1058.815     0.999878       700041      8192.00
    1069.055     0.999890       700050      9102.22
    1089.535     0.999902       700058     10240.00
    1118.207     0.999915       700067     11702.86
    1137.663     0.999927       700076     13653.33
    1161.215     0.999939       700084     16384.00
    1170.431     0.999945       700088     18204.44
    1181.695     0.999951       700092     20480.00
    1204.223     0.999957       700097     23405.71
    1238.015     0.999963       700101     27306.67
    1260.543     0.999969       700105     32768.00
    1263.615     0.999973       700108     36408.89
    1264.639     0.999976       700109     40960.00
    1285.119     0.999979       700112     46811.43
    1300.479     0.999982       700114     54613.33
    1341.439     0.999985       700116     65536.00
    1342.463     0.999986       700117     72817.78
    1362.943     0.999988       700118     81920.00
    1375.231     0.999989       700119     93622.86
    1377.279     0.999991       700120    109226.67
    1379.327     0.999992       700121    131072.00
    1382.399     0.999993       700122    145635.56
    1382.399     0.999994       700122    163840.00
    1397.759     0.999995       700123    187245.71
    1397.759     0.999995       700123    218453.33
    1443.839     0.999996       700124    262144.00
    1443.839     0.999997       700124    291271.11
    1443.839     0.999997       700124    327680.00
    1456.127     0.999997       700125    374491.43
    1456.127     0.999998       700125    436906.67
    1456.127     0.999998       700125    524288.00
    1456.127     0.999998       700125    582542.22
    1456.127     0.999998       700125    655360.00
    1482.751     0.999999       700126    748982.86
    1482.751     1.000000       700126          inf
#[Mean    =       23.132, StdDeviation   =       80.096]
#[Max     =     1481.728, Total count    =       700126]
#[Buckets =           27, SubBuckets     =         2048]
----------------------------------------------------------
  749008 requests in 2.50m, 131.43MB read
  Non-2xx or 3xx responses: 4
Requests/sec:   4993.43
Transfer/sec:      0.88MB
