Using argument nginx
using  args: threads=4 and connections=8 and duration=30 and requests=3000
Running 30s test @ http://10.10.1.5:5000
  4 threads and 8 connections
  Thread calibration: mean lat.: 9.536ms, rate sampling interval: 40ms
  Thread calibration: mean lat.: 10.325ms, rate sampling interval: 45ms
  Thread calibration: mean lat.: 9.407ms, rate sampling interval: 41ms
  Thread calibration: mean lat.: 8.916ms, rate sampling interval: 37ms
  Thread Stats   Avg      Stdev     99%   +/- Stdev
    Latency     9.46ms    8.27ms  38.01ms   82.46%
    Req/Sec   761.28    115.76     1.02k    68.56%
  Latency Distribution (HdrHistogram - Recorded Latency)
 50.000%    6.96ms
 75.000%   12.75ms
 90.000%   20.69ms
 99.000%   38.01ms
 99.900%   55.20ms
 99.990%   65.31ms
 99.999%   69.63ms
100.000%   69.95ms

  Detailed Percentile spectrum:
       Value   Percentile   TotalCount 1/(1-Percentile)

       0.372     0.000000            1         1.00
       1.799     0.100000         6014         1.11
       2.911     0.200000        12029         1.25
       4.093     0.300000        18042         1.43
       5.419     0.400000        24050         1.67
       6.963     0.500000        30064         2.00
       7.891     0.550000        33067         2.22
       8.887     0.600000        36081         2.50
      10.007     0.650000        39094         2.86
      11.263     0.700000        42088         3.33
      12.751     0.750000        45090         4.00
      13.615     0.775000        46594         4.44
      14.663     0.800000        48105         5.00
      15.831     0.825000        49603         5.71
      17.247     0.850000        51109         6.67
      18.847     0.875000        52611         8.00
      19.727     0.887500        53357         8.89
      20.687     0.900000        54115        10.00
      21.775     0.912500        54865        11.43
      23.087     0.925000        55614        13.33
      24.543     0.937500        56367        16.00
      25.391     0.943750        56738        17.78
      26.271     0.950000        57115        20.00
      27.375     0.956250        57492        22.86
      28.703     0.962500        57867        26.67
      30.255     0.968750        58245        32.00
      30.975     0.971875        58432        35.56
      31.871     0.975000        58618        40.00
      32.735     0.978125        58806        45.71
      33.855     0.981250        58995        53.33
      35.007     0.984375        59187        64.00
      35.583     0.985938        59276        71.11
      36.607     0.987500        59369        80.00
      37.503     0.989062        59465        91.43
      38.495     0.990625        59556       106.67
      39.743     0.992188        59650       128.00
      40.703     0.992969        59697       142.22
      41.503     0.993750        59744       160.00
      42.751     0.994531        59793       182.86
      43.711     0.995313        59842       213.33
      44.511     0.996094        59885       256.00
      45.119     0.996484        59909       284.44
      45.663     0.996875        59932       320.00
      46.879     0.997266        59956       365.71
      47.743     0.997656        59979       426.67
      49.151     0.998047        60002       512.00
      49.599     0.998242        60014       568.89
      50.463     0.998437        60026       640.00
      51.935     0.998633        60037       731.43
      53.279     0.998828        60049       853.33
      55.935     0.999023        60061      1024.00
      56.895     0.999121        60067      1137.78
      58.047     0.999219        60073      1280.00
      58.847     0.999316        60078      1462.86
      60.095     0.999414        60084      1706.67
      60.767     0.999512        60090      2048.00
      60.959     0.999561        60093      2275.56
      61.375     0.999609        60096      2560.00
      61.855     0.999658        60099      2925.71
      62.111     0.999707        60102      3413.33
      62.559     0.999756        60105      4096.00
      62.719     0.999780        60106      4551.11
      63.039     0.999805        60108      5120.00
      63.551     0.999829        60109      5851.43
      64.543     0.999854        60111      6826.67
      65.215     0.999878        60112      8192.00
      65.311     0.999890        60113      9102.22
      66.047     0.999902        60114     10240.00
      66.047     0.999915        60114     11702.86
      66.431     0.999927        60115     13653.33
      68.223     0.999939        60116     16384.00
      68.223     0.999945        60116     18204.44
      68.607     0.999951        60117     20480.00
      68.607     0.999957        60117     23405.71
      68.607     0.999963        60117     27306.67
      69.631     0.999969        60118     32768.00
      69.631     0.999973        60118     36408.89
      69.631     0.999976        60118     40960.00
      69.631     0.999979        60118     46811.43
      69.631     0.999982        60118     54613.33
      69.951     0.999985        60119     65536.00
      69.951     1.000000        60119          inf
#[Mean    =        9.463, StdDeviation   =        8.267]
#[Max     =       69.888, Total count    =        60119]
#[Buckets =           27, SubBuckets     =         2048]
----------------------------------------------------------
  90060 requests in 30.00s, 37.38MB read
Requests/sec:   3001.96
Transfer/sec:      1.25MB
