Using argument nginx
using  args: threads=4 and connections=512 and duration=30 and requests=16000
Running 30s test @ http://10.10.1.6:5000
  4 threads and 512 connections
  Thread calibration: mean lat.: 52.386ms, rate sampling interval: 227ms
  Thread calibration: mean lat.: 56.077ms, rate sampling interval: 234ms
  Thread calibration: mean lat.: 52.090ms, rate sampling interval: 226ms
  Thread calibration: mean lat.: 55.137ms, rate sampling interval: 225ms
  Thread Stats   Avg      Stdev     99%   +/- Stdev
    Latency    35.64ms   28.69ms 142.59ms   81.67%
    Req/Sec     4.02k   180.20     4.41k    72.83%
  Latency Distribution (HdrHistogram - Recorded Latency)
 50.000%   27.68ms
 75.000%   45.60ms
 90.000%   71.29ms
 99.000%  142.59ms
 99.900%  213.25ms
 99.990%  263.68ms
 99.999%  310.78ms
100.000%  336.64ms

  Detailed Percentile spectrum:
       Value   Percentile   TotalCount 1/(1-Percentile)

       0.393     0.000000            1         1.00
       9.215     0.100000        31930         1.11
      14.575     0.200000        63806         1.25
      19.055     0.300000        95802         1.43
      23.215     0.400000       127666         1.67
      27.679     0.500000       159551         2.00
      30.239     0.550000       175468         2.22
      33.183     0.600000       191448         2.50
      36.639     0.650000       207348         2.86
      40.703     0.700000       223338         3.33
      45.599     0.750000       239291         4.00
      48.383     0.775000       247202         4.44
      51.551     0.800000       255227         5.00
      55.167     0.825000       263144         5.71
      59.583     0.850000       271114         6.67
      64.863     0.875000       279108         8.00
      67.839     0.887500       283089         8.89
      71.295     0.900000       287107        10.00
      75.199     0.912500       291079        11.43
      79.679     0.925000       295039        13.33
      85.311     0.937500       299046        16.00
      88.575     0.943750       301011        17.78
      92.223     0.950000       303035        20.00
      96.575     0.956250       305015        22.86
     101.503     0.962500       307002        26.67
     107.391     0.968750       308991        32.00
     110.655     0.971875       309994        35.56
     114.303     0.975000       310979        40.00
     118.399     0.978125       311982        45.71
     123.071     0.981250       312976        53.33
     128.319     0.984375       313972        64.00
     131.839     0.985938       314492        71.11
     135.551     0.987500       314974        80.00
     139.775     0.989062       315466        91.43
     144.767     0.990625       315972       106.67
     150.911     0.992188       316467       128.00
     154.367     0.992969       316717       142.22
     158.207     0.993750       316959       160.00
     162.303     0.994531       317209       182.86
     167.039     0.995313       317457       213.33
     172.543     0.996094       317713       256.00
     175.871     0.996484       317832       284.44
     179.711     0.996875       317957       320.00
     183.551     0.997266       318086       365.71
     187.775     0.997656       318208       426.67
     192.767     0.998047       318330       512.00
     195.839     0.998242       318395       568.89
     199.295     0.998437       318456       640.00
     202.495     0.998633       318517       731.43
     207.487     0.998828       318580       853.33
     213.887     0.999023       318642      1024.00
     216.319     0.999121       318673      1137.78
     219.263     0.999219       318703      1280.00
     222.591     0.999316       318735      1462.86
     227.199     0.999414       318766      1706.67
     232.959     0.999512       318797      2048.00
     236.031     0.999561       318812      2275.56
     240.127     0.999609       318828      2560.00
     243.455     0.999658       318843      2925.71
     247.935     0.999707       318859      3413.33
     251.391     0.999756       318875      4096.00
     252.799     0.999780       318882      4551.11
     254.207     0.999805       318891      5120.00
     255.103     0.999829       318898      5851.43
     259.327     0.999854       318906      6826.67
     260.991     0.999878       318914      8192.00
     261.631     0.999890       318917      9102.22
     263.935     0.999902       318921     10240.00
     267.263     0.999915       318925     11702.86
     269.567     0.999927       318929     13653.33
     271.359     0.999939       318933     16384.00
     274.175     0.999945       318935     18204.44
     275.711     0.999951       318937     20480.00
     280.063     0.999957       318939     23405.71
     281.599     0.999963       318941     27306.67
     284.927     0.999969       318943     32768.00
     287.231     0.999973       318944     36408.89
     288.255     0.999976       318945     40960.00
     290.047     0.999979       318946     46811.43
     291.839     0.999982       318947     54613.33
     292.607     0.999985       318948     65536.00
     292.607     0.999986       318948     72817.78
     310.783     0.999988       318949     81920.00
     310.783     0.999989       318949     93622.86
     315.391     0.999991       318950    109226.67
     315.391     0.999992       318950    131072.00
     315.391     0.999993       318950    145635.56
     316.159     0.999994       318951    163840.00
     316.159     0.999995       318951    187245.71
     316.159     0.999995       318951    218453.33
     316.159     0.999996       318951    262144.00
     316.159     0.999997       318951    291271.11
     336.639     0.999997       318952    327680.00
     336.639     1.000000       318952          inf
#[Mean    =       35.638, StdDeviation   =       28.687]
#[Max     =      336.384, Total count    =       318952]
#[Buckets =           27, SubBuckets     =         2048]
----------------------------------------------------------
  471625 requests in 30.00s, 195.34MB read
Requests/sec:  15720.90
Transfer/sec:      6.51MB
