Using argument nginx
using  args: threads=4 and connections=512 and duration=30 and requests=20000
Running 30s test @ http://10.10.1.2:5000
  4 threads and 512 connections
  Thread calibration: mean lat.: 4207.677ms, rate sampling interval: 15704ms
  Thread calibration: mean lat.: 4234.552ms, rate sampling interval: 15687ms
  Thread calibration: mean lat.: 3961.733ms, rate sampling interval: 14368ms
  Thread calibration: mean lat.: 4246.600ms, rate sampling interval: 15687ms
  Thread Stats   Avg      Stdev     99%   +/- Stdev
    Latency    17.21s     5.03s   26.02s    58.21%
    Req/Sec   625.00      7.38   637.00     75.00%
  Latency Distribution (HdrHistogram - Recorded Latency)
 50.000%   17.19s 
 75.000%   21.50s 
 90.000%   24.26s 
 99.000%   26.02s 
 99.900%   26.59s 
 99.990%   26.94s 
 99.999%   27.15s 
100.000%   27.15s 

  Detailed Percentile spectrum:
       Value   Percentile   TotalCount 1/(1-Percentile)

    7413.759     0.000000            1         1.00
   10362.879     0.100000         4913         1.11
   11984.895     0.200000         9834         1.25
   13713.407     0.300000        14740         1.43
   15433.727     0.400000        19643         1.67
   17186.815     0.500000        24560         2.00
   18087.935     0.550000        27040         2.22
   18923.519     0.600000        29499         2.50
   19775.487     0.650000        31952         2.86
   20660.223     0.700000        34414         3.33
   21495.807     0.750000        36828         4.00
   21921.791     0.775000        38052         4.44
   22347.775     0.800000        39286         5.00
   22822.911     0.825000        40504         5.71
   23330.815     0.850000        41781         6.67
   23789.567     0.875000        42970         8.00
   24018.943     0.887500        43576         8.89
   24264.703     0.900000        44230        10.00
   24477.695     0.912500        44828        11.43
   24690.687     0.925000        45414        13.33
   24920.063     0.937500        46060        16.00
   25034.751     0.943750        46365        17.78
   25149.439     0.950000        46674        20.00
   25247.743     0.956250        46955        22.86
   25378.815     0.962500        47293        26.67
   25493.503     0.968750        47572        32.00
   25559.039     0.971875        47729        35.56
   25624.575     0.975000        47877        40.00
   25690.111     0.978125        48021        45.71
   25772.031     0.981250        48195        53.33
   25837.567     0.984375        48342        64.00
   25886.719     0.985938        48428        71.11
   25935.871     0.987500        48501        80.00
   25985.023     0.989062        48571        91.43
   26034.175     0.990625        48639       106.67
   26099.711     0.992188        48723       128.00
   26148.863     0.992969        48760       142.22
   26181.631     0.993750        48796       160.00
   26214.399     0.994531        48835       182.86
   26263.551     0.995313        48864       213.33
   26329.087     0.996094        48907       256.00
   26361.855     0.996484        48932       284.44
   26378.239     0.996875        48944       320.00
   26411.007     0.997266        48964       365.71
   26460.159     0.997656        48988       426.67
   26476.543     0.998047        48998       512.00
   26509.311     0.998242        49014       568.89
   26525.695     0.998437        49021       640.00
   26542.079     0.998633        49029       731.43
   26558.463     0.998828        49037       853.33
   26607.615     0.999023        49049      1024.00
   26623.999     0.999121        49052      1137.78
   26640.383     0.999219        49055      1280.00
   26656.767     0.999316        49061      1462.86
   26689.535     0.999414        49065      1706.67
   26738.687     0.999512        49071      2048.00
   26755.071     0.999561        49075      2275.56
   26755.071     0.999609        49075      2560.00
   26787.839     0.999658        49079      2925.71
   26787.839     0.999707        49079      3413.33
   26869.759     0.999756        49084      4096.00
   26869.759     0.999780        49084      4551.11
   26869.759     0.999805        49084      5120.00
   26886.143     0.999829        49085      5851.43
   26902.527     0.999854        49086      6826.67
   26935.295     0.999878        49088      8192.00
   26935.295     0.999890        49088      9102.22
   26951.679     0.999902        49089     10240.00
   26951.679     0.999915        49089     11702.86
   27000.831     0.999927        49090     13653.33
   27049.983     0.999939        49091     16384.00
   27049.983     0.999945        49091     18204.44
   27049.983     0.999951        49091     20480.00
   27049.983     0.999957        49091     23405.71
   27115.519     0.999963        49092     27306.67
   27115.519     0.999969        49092     32768.00
   27115.519     0.999973        49092     36408.89
   27115.519     0.999976        49092     40960.00
   27115.519     0.999979        49092     46811.43
   27148.287     0.999982        49093     54613.33
   27148.287     1.000000        49093          inf
#[Mean    =    17212.357, StdDeviation   =     5032.304]
#[Max     =    27131.904, Total count    =        49093]
#[Buckets =           27, SubBuckets     =         2048]
----------------------------------------------------------
  73883 requests in 30.00s, 30.48MB read
  Socket errors: connect 0, read 0, write 0, timeout 59
Requests/sec:   2462.77
Transfer/sec:      1.02MB
