Using argument nginx
using  args: threads=4 and connections=512 and duration=30 and requests=6000
Running 30s test @ http://10.10.1.4:8080/wrk2-api/user-timeline/read
  4 threads and 512 connections
  Thread calibration: mean lat.: 3.670ms, rate sampling interval: 10ms
  Thread calibration: mean lat.: 3.242ms, rate sampling interval: 10ms
  Thread calibration: mean lat.: 3.238ms, rate sampling interval: 10ms
  Thread calibration: mean lat.: 3.983ms, rate sampling interval: 10ms
  Thread Stats   Avg      Stdev     99%   +/- Stdev
    Latency     4.92ms   19.68ms  81.86ms   98.02%
    Req/Sec     1.59k   466.39     2.80k    67.47%
  Latency Distribution (HdrHistogram - Recorded Latency)
 50.000%    2.27ms
 75.000%    3.10ms
 90.000%    4.68ms
 99.000%   81.86ms
 99.900%  288.00ms
 99.990%  503.30ms
 99.999%  683.01ms
100.000%  696.32ms

  Detailed Percentile spectrum:
       Value   Percentile   TotalCount 1/(1-Percentile)

       1.045     0.000000            1         1.00
       1.581     0.100000        11990         1.11
       1.751     0.200000        23968         1.25
       1.909     0.300000        35988         1.43
       2.075     0.400000        47938         1.67
       2.271     0.500000        59975         2.00
       2.387     0.550000        65955         2.22
       2.521     0.600000        71939         2.50
       2.675     0.650000        77914         2.86
       2.861     0.700000        83884         3.33
       3.099     0.750000        89838         4.00
       3.241     0.775000        92861         4.44
       3.405     0.800000        95848         5.00
       3.609     0.825000        98824         5.71
       3.873     0.850000       101817         6.67
       4.215     0.875000       104809         8.00
       4.423     0.887500       106315         8.89
       4.683     0.900000       107806        10.00
       5.015     0.912500       109304        11.43
       5.455     0.925000       110802        13.33
       6.079     0.937500       112302        16.00
       6.515     0.943750       113045        17.78
       7.059     0.950000       113795        20.00
       7.819     0.956250       114540        22.86
       8.799     0.962500       115290        26.67
      10.399     0.968750       116039        32.00
      11.935     0.971875       116412        35.56
      14.031     0.975000       116786        40.00
      18.431     0.978125       117160        45.71
      29.183     0.981250       117536        53.33
      44.703     0.984375       117911        64.00
      52.383     0.985938       118096        71.11
      61.535     0.987500       118283        80.00
      73.727     0.989062       118472        91.43
      87.935     0.990625       118658       106.67
     102.783     0.992188       118846       128.00
     112.191     0.992969       118938       142.22
     123.391     0.993750       119032       160.00
     134.015     0.994531       119125       182.86
     150.015     0.995313       119219       213.33
     167.295     0.996094       119313       256.00
     175.359     0.996484       119359       284.44
     186.367     0.996875       119407       320.00
     195.071     0.997266       119453       365.71
     210.559     0.997656       119500       426.67
     225.535     0.998047       119547       512.00
     234.879     0.998242       119570       568.89
     246.783     0.998437       119593       640.00
     261.119     0.998633       119617       731.43
     271.871     0.998828       119640       853.33
     290.303     0.999023       119664      1024.00
     296.959     0.999121       119675      1137.78
     316.159     0.999219       119687      1280.00
     327.423     0.999316       119699      1462.86
     344.319     0.999414       119710      1706.67
     357.631     0.999512       119722      2048.00
     366.079     0.999561       119728      2275.56
     375.039     0.999609       119734      2560.00
     393.983     0.999658       119741      2925.71
     406.783     0.999707       119745      3413.33
     423.167     0.999756       119751      4096.00
     426.239     0.999780       119754      4551.11
     438.527     0.999805       119757      5120.00
     443.903     0.999829       119760      5851.43
     451.327     0.999854       119763      6826.67
     485.631     0.999878       119766      8192.00
     500.735     0.999890       119767      9102.22
     505.599     0.999902       119769     10240.00
     517.375     0.999915       119770     11702.86
     526.847     0.999927       119772     13653.33
     544.767     0.999939       119773     16384.00
     548.351     0.999945       119774     18204.44
     551.423     0.999951       119775     20480.00
     551.423     0.999957       119775     23405.71
     589.311     0.999963       119776     27306.67
     623.103     0.999969       119777     32768.00
     623.103     0.999973       119777     36408.89
     653.311     0.999976       119778     40960.00
     653.311     0.999979       119778     46811.43
     653.311     0.999982       119778     54613.33
     683.007     0.999985       119779     65536.00
     683.007     0.999986       119779     72817.78
     683.007     0.999988       119779     81920.00
     683.007     0.999989       119779     93622.86
     683.007     0.999991       119779    109226.67
     696.319     0.999992       119780    131072.00
     696.319     1.000000       119780          inf
#[Mean    =        4.925, StdDeviation   =       19.675]
#[Max     =      695.808, Total count    =       119780]
#[Buckets =           27, SubBuckets     =         2048]
----------------------------------------------------------
  178521 requests in 30.00s, 31.42MB read
  Non-2xx or 3xx responses: 595
Requests/sec:   5950.89
Transfer/sec:      1.05MB
