Using argument nginx
using  args: threads=4 and connections=512 and duration=30 and requests=7000
Running 30s test @ http://10.10.1.4:8080/wrk2-api/user-timeline/read
  4 threads and 512 connections
  Thread calibration: mean lat.: 2988.839ms, rate sampling interval: 11173ms
  Thread calibration: mean lat.: 2998.753ms, rate sampling interval: 11149ms
  Thread calibration: mean lat.: 2991.166ms, rate sampling interval: 11173ms
  Thread calibration: mean lat.: 2998.243ms, rate sampling interval: 11124ms
  Thread Stats   Avg      Stdev     99%   +/- Stdev
    Latency    12.60s     3.77s   19.64s    58.26%
    Req/Sec   638.25      3.96   645.00     75.00%
  Latency Distribution (HdrHistogram - Recorded Latency)
 50.000%   12.71s 
 75.000%   15.67s 
 90.000%   17.78s 
 99.000%   19.64s 
 99.900%   20.50s 
 99.990%   21.15s 
 99.999%   21.33s 
100.000%   21.46s 

  Detailed Percentile spectrum:
       Value   Percentile   TotalCount 1/(1-Percentile)

    4624.383     0.000000            1         1.00
    7454.719     0.100000         5139         1.11
    8609.791     0.200000        10266         1.25
    9986.047     0.300000        15406         1.43
   11444.223     0.400000        20515         1.67
   12705.791     0.500000        25646         2.00
   13287.423     0.550000        28216         2.22
   13852.671     0.600000        30777         2.50
   14442.495     0.650000        33333         2.86
   15032.319     0.700000        35882         3.33
   15671.295     0.750000        38468         4.00
   16015.359     0.775000        39745         4.44
   16367.615     0.800000        41019         5.00
   16736.255     0.825000        42303         5.71
   17088.511     0.850000        43604         6.67
   17448.959     0.875000        44902         8.00
   17612.799     0.887500        45514         8.89
   17776.639     0.900000        46140        10.00
   17956.863     0.912500        46783        11.43
   18153.471     0.925000        47445        13.33
   18333.695     0.937500        48065        16.00
   18431.999     0.943750        48377        17.78
   18546.687     0.950000        48725        20.00
   18661.375     0.956250        49024        22.86
   18792.447     0.962500        49368        26.67
   18939.903     0.968750        49685        32.00
   19005.439     0.971875        49823        35.56
   19103.743     0.975000        49989        40.00
   19202.047     0.978125        50166        45.71
   19283.967     0.981250        50298        53.33
   19398.655     0.984375        50460        64.00
   19464.191     0.985938        50549        71.11
   19529.727     0.987500        50628        80.00
   19595.263     0.989062        50696        91.43
   19693.567     0.990625        50790       106.67
   19791.871     0.992188        50860       128.00
   19841.023     0.992969        50902       142.22
   19906.559     0.993750        50940       160.00
   19955.711     0.994531        50974       182.86
   20021.247     0.995313        51020       213.33
   20086.783     0.996094        51061       256.00
   20119.551     0.996484        51077       284.44
   20168.703     0.996875        51100       320.00
   20217.855     0.997266        51116       365.71
   20267.007     0.997656        51136       426.67
   20316.159     0.998047        51154       512.00
   20332.543     0.998242        51164       568.89
   20381.695     0.998437        51177       640.00
   20414.463     0.998633        51184       731.43
   20463.615     0.998828        51198       853.33
   20496.383     0.999023        51206      1024.00
   20512.767     0.999121        51209      1137.78
   20578.303     0.999219        51218      1280.00
   20594.687     0.999316        51220      1462.86
   20643.839     0.999414        51224      1706.67
   20692.991     0.999512        51230      2048.00
   20725.759     0.999561        51233      2275.56
   20774.911     0.999609        51234      2560.00
   20840.447     0.999658        51237      2925.71
   20889.599     0.999707        51239      3413.33
   20922.367     0.999756        51242      4096.00
   20938.751     0.999780        51243      4551.11
   20955.135     0.999805        51244      5120.00
   20987.903     0.999829        51246      5851.43
   21004.287     0.999854        51247      6826.67
   21086.207     0.999878        51248      8192.00
   21151.743     0.999890        51249      9102.22
   21151.743     0.999902        51249     10240.00
   21184.511     0.999915        51250     11702.86
   21315.583     0.999927        51252     13653.33
   21315.583     0.999939        51252     16384.00
   21315.583     0.999945        51252     18204.44
   21315.583     0.999951        51252     20480.00
   21315.583     0.999957        51252     23405.71
   21331.967     0.999963        51253     27306.67
   21331.967     0.999969        51253     32768.00
   21331.967     0.999973        51253     36408.89
   21331.967     0.999976        51253     40960.00
   21331.967     0.999979        51253     46811.43
   21463.039     0.999982        51254     54613.33
   21463.039     1.000000        51254          inf
#[Mean    =    12601.922, StdDeviation   =     3767.195]
#[Max     =    21446.656, Total count    =        51254]
#[Buckets =           27, SubBuckets     =         2048]
----------------------------------------------------------
  77081 requests in 30.00s, 13.53MB read
  Socket errors: connect 0, read 0, write 0, timeout 3
  Non-2xx or 3xx responses: 1
Requests/sec:   2569.47
Transfer/sec:    461.71KB
