Using argument nginx
using  args: threads=4 and connections=512 and duration=30 and requests=6000
Running 30s test @ http://10.10.1.4:8080/wrk2-api/user-timeline/read
  4 threads and 512 connections
  Thread calibration: mean lat.: 2973.217ms, rate sampling interval: 9945ms
  Thread calibration: mean lat.: 2965.096ms, rate sampling interval: 9846ms
  Thread calibration: mean lat.: 2985.482ms, rate sampling interval: 10059ms
  Thread calibration: mean lat.: 2994.900ms, rate sampling interval: 10051ms
  Thread Stats   Avg      Stdev     99%   +/- Stdev
    Latency    10.97s     3.36s   17.37s    59.44%
    Req/Sec   673.00      6.48   680.00     80.00%
  Latency Distribution (HdrHistogram - Recorded Latency)
 50.000%   11.00s 
 75.000%   13.83s 
 90.000%   15.40s 
 99.000%   17.37s 
 99.900%   18.50s 
 99.990%   19.37s 
 99.999%   19.55s 
100.000%   19.61s 

  Detailed Percentile spectrum:
       Value   Percentile   TotalCount 1/(1-Percentile)

    3203.071     0.000000            1         1.00
    6492.159     0.100000         5337         1.11
    7553.023     0.200000        10687         1.25
    8536.063     0.300000        16020         1.43
    9674.751     0.400000        21343         1.67
   11001.855     0.500000        26660         2.00
   11698.175     0.550000        29335         2.22
   12271.615     0.600000        32019         2.50
   12804.095     0.650000        34665         2.86
   13336.575     0.700000        37334         3.33
   13828.095     0.750000        40013         4.00
   14073.855     0.775000        41332         4.44
   14319.615     0.800000        42651         5.00
   14581.759     0.825000        43986         5.71
   14843.903     0.850000        45334         6.67
   15122.431     0.875000        46680         8.00
   15261.695     0.887500        47353         8.89
   15400.959     0.900000        47982        10.00
   15564.799     0.912500        48662        11.43
   15736.831     0.925000        49339        13.33
   15933.439     0.937500        50000        16.00
   16031.743     0.943750        50321        17.78
   16138.239     0.950000        50650        20.00
   16261.119     0.956250        50986        22.86
   16392.191     0.962500        51315        26.67
   16572.415     0.968750        51663        32.00
   16654.335     0.971875        51822        35.56
   16752.639     0.975000        51988        40.00
   16859.135     0.978125        52164        45.71
   16957.439     0.981250        52325        53.33
   17088.511     0.984375        52494        64.00
   17154.047     0.985938        52570        71.11
   17235.967     0.987500        52658        80.00
   17317.887     0.989062        52734        91.43
   17416.191     0.990625        52822       106.67
   17514.495     0.992188        52898       128.00
   17580.031     0.992969        52945       142.22
   17645.567     0.993750        52990       160.00
   17743.871     0.994531        53031       182.86
   17842.175     0.995313        53069       213.33
   17940.479     0.996094        53109       256.00
   17989.631     0.996484        53126       284.44
   18055.167     0.996875        53147       320.00
   18120.703     0.997266        53174       365.71
   18186.239     0.997656        53193       426.67
   18235.391     0.998047        53211       512.00
   18284.543     0.998242        53221       568.89
   18366.463     0.998437        53233       640.00
   18399.231     0.998633        53241       731.43
   18464.767     0.998828        53251       853.33
   18513.919     0.999023        53261      1024.00
   18579.455     0.999121        53267      1137.78
   18612.223     0.999219        53274      1280.00
   18644.991     0.999316        53278      1462.86
   18694.143     0.999414        53283      1706.67
   18743.295     0.999512        53287      2048.00
   18825.215     0.999561        53290      2275.56
   18857.983     0.999609        53294      2560.00
   18890.751     0.999658        53295      2925.71
   18989.055     0.999707        53298      3413.33
   19038.207     0.999756        53301      4096.00
   19103.743     0.999780        53302      4551.11
   19152.895     0.999805        53303      5120.00
   19185.663     0.999829        53304      5851.43
   19283.967     0.999854        53306      6826.67
   19333.119     0.999878        53307      8192.00
   19365.887     0.999890        53308      9102.22
   19365.887     0.999902        53308     10240.00
   19415.039     0.999915        53309     11702.86
   19464.191     0.999927        53311     13653.33
   19464.191     0.999939        53311     16384.00
   19464.191     0.999945        53311     18204.44
   19464.191     0.999951        53311     20480.00
   19464.191     0.999957        53311     23405.71
   19546.111     0.999963        53312     27306.67
   19546.111     0.999969        53312     32768.00
   19546.111     0.999973        53312     36408.89
   19546.111     0.999976        53312     40960.00
   19546.111     0.999979        53312     46811.43
   19611.647     0.999982        53313     54613.33
   19611.647     1.000000        53313          inf
#[Mean    =    10966.974, StdDeviation   =     3359.256]
#[Max     =    19595.264, Total count    =        53313]
#[Buckets =           27, SubBuckets     =         2048]
----------------------------------------------------------
  80867 requests in 30.00s, 14.19MB read
Requests/sec:   2695.72
Transfer/sec:    484.39KB
