Using argument nginx
using  args: threads=4 and connections=512 and duration=30 and requests=16000
Running 30s test @ http://10.10.1.4:5000
  4 threads and 512 connections
  Thread calibration: mean lat.: 3383.149ms, rate sampling interval: 12763ms
  Thread calibration: mean lat.: 3431.776ms, rate sampling interval: 12779ms
  Thread calibration: mean lat.: 3437.295ms, rate sampling interval: 12722ms
  Thread calibration: mean lat.: 3249.421ms, rate sampling interval: 11771ms
  Thread Stats   Avg      Stdev     99%   +/- Stdev
    Latency    14.12s     4.14s   21.59s    58.74%
    Req/Sec     1.12k     8.15     1.13k    75.00%
  Latency Distribution (HdrHistogram - Recorded Latency)
 50.000%   14.18s 
 75.000%   17.61s 
 90.000%   19.79s 
 99.000%   21.59s 
 99.900%   22.27s 
 99.990%   22.66s 
 99.999%   22.89s 
100.000%   22.89s 

  Detailed Percentile spectrum:
       Value   Percentile   TotalCount 1/(1-Percentile)

    5660.671     0.000000            1         1.00
    8445.951     0.100000         8947         1.11
    9846.783     0.200000        17845         1.25
   11247.615     0.300000        26771         1.43
   12681.215     0.400000        35678         1.67
   14180.351     0.500000        44608         2.00
   14868.479     0.550000        49074         2.22
   15564.799     0.600000        53520         2.50
   16252.927     0.650000        57984         2.86
   16924.671     0.700000        62395         3.33
   17612.799     0.750000        66848         4.00
   17973.247     0.775000        69122         4.44
   18333.695     0.800000        71388         5.00
   18694.143     0.825000        73601         5.71
   19070.975     0.850000        75830         6.67
   19431.423     0.875000        78013         8.00
   19628.031     0.887500        79181         8.89
   19791.871     0.900000        80228        10.00
   19972.095     0.912500        81347        11.43
   20168.703     0.925000        82480        13.33
   20381.695     0.937500        83592        16.00
   20496.383     0.943750        84123        17.78
   20611.071     0.950000        84706        20.00
   20742.143     0.956250        85315        22.86
   20856.831     0.962500        85839        26.67
   20987.903     0.968750        86386        32.00
   21053.439     0.971875        86655        35.56
   21135.359     0.975000        86962        40.00
   21200.895     0.978125        87202        45.71
   21282.815     0.981250        87467        53.33
   21397.503     0.984375        87779        64.00
   21446.655     0.985938        87919        71.11
   21495.807     0.987500        88025        80.00
   21561.343     0.989062        88180        91.43
   21626.879     0.990625        88320       106.67
   21708.799     0.992188        88455       128.00
   21741.567     0.992969        88512       142.22
   21790.719     0.993750        88589       160.00
   21839.871     0.994531        88652       182.86
   21889.023     0.995313        88717       213.33
   21938.175     0.996094        88786       256.00
   21970.943     0.996484        88834       284.44
   22003.711     0.996875        88862       320.00
   22052.863     0.997266        88903       365.71
   22085.631     0.997656        88927       426.67
   22134.783     0.998047        88973       512.00
   22151.167     0.998242        88980       568.89
   22183.935     0.998437        88997       640.00
   22216.703     0.998633        89016       731.43
   22249.471     0.998828        89032       853.33
   22265.855     0.999023        89044      1024.00
   22298.623     0.999121        89058      1137.78
   22315.007     0.999219        89064      1280.00
   22331.391     0.999316        89072      1462.86
   22364.159     0.999414        89082      1706.67
   22396.927     0.999512        89087      2048.00
   22429.695     0.999561        89094      2275.56
   22462.463     0.999609        89102      2560.00
   22462.463     0.999658        89102      2925.71
   22495.231     0.999707        89104      3413.33
   22544.383     0.999756        89109      4096.00
   22560.767     0.999780        89113      4551.11
   22560.767     0.999805        89113      5120.00
   22577.151     0.999829        89115      5851.43
   22609.919     0.999854        89117      6826.67
   22659.071     0.999878        89122      8192.00
   22659.071     0.999890        89122      9102.22
   22659.071     0.999902        89122     10240.00
   22675.455     0.999915        89123     11702.86
   22691.839     0.999927        89124     13653.33
   22724.607     0.999939        89125     16384.00
   22740.991     0.999945        89126     18204.44
   22740.991     0.999951        89126     20480.00
   22839.295     0.999957        89128     23405.71
   22839.295     0.999963        89128     27306.67
   22839.295     0.999969        89128     32768.00
   22839.295     0.999973        89128     36408.89
   22839.295     0.999976        89128     40960.00
   22888.447     0.999979        89130     46811.43
   22888.447     1.000000        89130          inf
#[Mean    =    14117.713, StdDeviation   =     4142.485]
#[Max     =    22872.064, Total count    =        89130]
#[Buckets =           27, SubBuckets     =         2048]
----------------------------------------------------------
  134963 requests in 30.00s, 55.75MB read
Requests/sec:   4498.83
Transfer/sec:      1.86MB
