Using argument nginx
using  args: threads=4 and connections=512 and duration=30 and requests=20000
Running 30s test @ http://10.10.1.4:5000
  4 threads and 512 connections
  Thread calibration: mean lat.: 3565.182ms, rate sampling interval: 12779ms
  Thread calibration: mean lat.: 3717.460ms, rate sampling interval: 13934ms
  Thread calibration: mean lat.: 3713.466ms, rate sampling interval: 13926ms
  Thread calibration: mean lat.: 3694.195ms, rate sampling interval: 13811ms
  Thread Stats   Avg      Stdev     99%   +/- Stdev
    Latency    15.28s     4.47s   23.13s    58.37%
    Req/Sec     1.13k     5.59     1.13k    75.00%
  Latency Distribution (HdrHistogram - Recorded Latency)
 50.000%   15.34s 
 75.000%   19.12s 
 90.000%   21.41s 
 99.000%   23.13s 
 99.900%   23.86s 
 99.990%   24.49s 
 99.999%   24.67s 
100.000%   24.72s 

  Detailed Percentile spectrum:
       Value   Percentile   TotalCount 1/(1-Percentile)

    6143.999     0.000000            1         1.00
    9076.735     0.100000         9043         1.11
   10657.791     0.200000        18031         1.25
   12181.503     0.300000        27037         1.43
   13787.135     0.400000        36057         1.67
   15335.423     0.500000        45095         2.00
   16097.279     0.550000        49569         2.22
   16842.751     0.600000        54101         2.50
   17596.415     0.650000        58604         2.86
   18350.079     0.700000        63090         3.33
   19120.127     0.750000        67579         4.00
   19496.959     0.775000        69851         4.44
   19857.407     0.800000        72078         5.00
   20250.623     0.825000        74399         5.71
   20643.839     0.850000        76656         6.67
   21037.055     0.875000        78883         8.00
   21233.663     0.887500        80020         8.89
   21413.887     0.900000        81099        10.00
   21610.495     0.912500        82286        11.43
   21807.103     0.925000        83414        13.33
   22003.711     0.937500        84517        16.00
   22102.015     0.943750        85071        17.78
   22200.319     0.950000        85621        20.00
   22315.007     0.956250        86203        22.86
   22429.695     0.962500        86751        26.67
   22560.767     0.968750        87322        32.00
   22626.303     0.971875        87607        35.56
   22691.839     0.975000        87887        40.00
   22757.375     0.978125        88128        45.71
   22839.295     0.981250        88431        53.33
   22937.599     0.984375        88737        64.00
   22986.751     0.985938        88851        71.11
   23035.903     0.987500        88973        80.00
   23101.439     0.989062        89142        91.43
   23166.975     0.990625        89267       106.67
   23248.895     0.992188        89428       128.00
   23281.663     0.992969        89490       142.22
   23314.431     0.993750        89540       160.00
   23363.583     0.994531        89619       182.86
   23412.735     0.995313        89692       213.33
   23461.887     0.996094        89754       256.00
   23511.039     0.996484        89786       284.44
   23560.191     0.996875        89826       320.00
   23592.959     0.997266        89856       365.71
   23642.111     0.997656        89895       426.67
   23674.879     0.998047        89926       512.00
   23691.263     0.998242        89940       568.89
   23724.031     0.998437        89958       640.00
   23773.183     0.998633        89978       731.43
   23822.335     0.998828        90000       853.33
   23871.487     0.999023        90010      1024.00
   23887.871     0.999121        90021      1137.78
   23937.023     0.999219        90028      1280.00
   23969.791     0.999316        90036      1462.86
   24051.711     0.999414        90052      1706.67
   24068.095     0.999512        90054      2048.00
   24100.863     0.999561        90058      2275.56
   24117.247     0.999609        90062      2560.00
   24150.015     0.999658        90070      2925.71
   24199.167     0.999707        90071      3413.33
   24297.471     0.999756        90076      4096.00
   24346.623     0.999780        90078      4551.11
   24412.159     0.999805        90080      5120.00
   24428.543     0.999829        90082      5851.43
   24444.927     0.999854        90084      6826.67
   24494.079     0.999878        90088      8192.00
   24494.079     0.999890        90088      9102.22
   24510.463     0.999902        90089     10240.00
   24526.847     0.999915        90091     11702.86
   24526.847     0.999927        90091     13653.33
   24543.231     0.999939        90092     16384.00
   24559.615     0.999945        90094     18204.44
   24559.615     0.999951        90094     20480.00
   24559.615     0.999957        90094     23405.71
   24559.615     0.999963        90094     27306.67
   24608.767     0.999969        90095     32768.00
   24608.767     0.999973        90095     36408.89
   24608.767     0.999976        90095     40960.00
   24674.303     0.999979        90096     46811.43
   24674.303     0.999982        90096     54613.33
   24674.303     0.999985        90096     65536.00
   24674.303     0.999986        90096     72817.78
   24674.303     0.999988        90096     81920.00
   24723.455     0.999989        90097     93622.86
   24723.455     1.000000        90097          inf
#[Mean    =    15278.898, StdDeviation   =     4474.605]
#[Max     =    24707.072, Total count    =        90097]
#[Buckets =           27, SubBuckets     =         2048]
----------------------------------------------------------
  135016 requests in 30.00s, 55.66MB read
Requests/sec:   4500.31
Transfer/sec:      1.86MB
