Using argument nginx
using  args: threads=4 and connections=512 and duration=30 and requests=12000
Running 30s test @ http://10.10.1.2:5000
  4 threads and 512 connections
  Thread calibration: mean lat.: 3775.245ms, rate sampling interval: 13901ms
  Thread calibration: mean lat.: 3770.619ms, rate sampling interval: 13967ms
  Thread calibration: mean lat.: 3842.197ms, rate sampling interval: 14245ms
  Thread calibration: mean lat.: 3583.730ms, rate sampling interval: 13025ms
  Thread Stats   Avg      Stdev     99%   +/- Stdev
    Latency    15.71s     4.62s   23.84s    58.04%
    Req/Sec   618.50      2.69   621.00     75.00%
  Latency Distribution (HdrHistogram - Recorded Latency)
 50.000%   15.74s 
 75.000%   19.68s 
 90.000%   22.02s 
 99.000%   23.84s 
 99.900%   24.61s 
 99.990%   25.07s 
 99.999%   25.51s 
100.000%   25.51s 

  Detailed Percentile spectrum:
       Value   Percentile   TotalCount 1/(1-Percentile)

    5664.767     0.000000            1         1.00
    9347.071     0.100000         4953         1.11
   10911.743     0.200000         9879         1.25
   12517.375     0.300000        14812         1.43
   14123.007     0.400000        19769         1.67
   15736.831     0.500000        24693         2.00
   16547.839     0.550000        27155         2.22
   17334.271     0.600000        29638         2.50
   18104.319     0.650000        32121         2.86
   18857.983     0.700000        34580         3.33
   19677.183     0.750000        37083         4.00
   20086.783     0.775000        38277         4.44
   20479.999     0.800000        39500         5.00
   20889.599     0.825000        40751         5.71
   21282.815     0.850000        42004         6.67
   21643.263     0.875000        43210         8.00
   21839.871     0.887500        43863         8.89
   22020.095     0.900000        44470        10.00
   22200.319     0.912500        45066        11.43
   22396.927     0.925000        45700        13.33
   22593.535     0.937500        46295        16.00
   22724.607     0.943750        46620        17.78
   22839.295     0.950000        46936        20.00
   22953.983     0.956250        47240        22.86
   23085.055     0.962500        47557        26.67
   23199.743     0.968750        47835        32.00
   23281.663     0.971875        48002        35.56
   23347.199     0.975000        48146        40.00
   23429.119     0.978125        48292        45.71
   23527.423     0.981250        48464        53.33
   23625.727     0.984375        48610        64.00
   23674.879     0.985938        48682        71.11
   23740.415     0.987500        48773        80.00
   23789.567     0.989062        48840        91.43
   23871.487     0.990625        48918       106.67
   23969.791     0.992188        48998       128.00
   24002.559     0.992969        49041       142.22
   24035.327     0.993750        49069       160.00
   24100.863     0.994531        49110       182.86
   24150.015     0.995313        49153       213.33
   24199.167     0.996094        49188       256.00
   24215.551     0.996484        49198       284.44
   24281.087     0.996875        49223       320.00
   24330.239     0.997266        49246       365.71
   24379.391     0.997656        49262       426.67
   24428.543     0.998047        49277       512.00
   24461.311     0.998242        49288       568.89
   24477.695     0.998437        49294       640.00
   24526.847     0.998633        49306       731.43
   24575.999     0.998828        49316       853.33
   24641.535     0.999023        49325      1024.00
   24657.919     0.999121        49328      1137.78
   24690.687     0.999219        49333      1280.00
   24739.839     0.999316        49339      1462.86
   24772.607     0.999414        49346      1706.67
   24788.991     0.999512        49347      2048.00
   24838.143     0.999561        49351      2275.56
   24854.527     0.999609        49352      2560.00
   24887.295     0.999658        49356      2925.71
   24903.679     0.999707        49357      3413.33
   24969.215     0.999756        49360      4096.00
   25001.983     0.999780        49363      4551.11
   25001.983     0.999805        49363      5120.00
   25001.983     0.999829        49363      5851.43
   25051.135     0.999854        49365      6826.67
   25051.135     0.999878        49365      8192.00
   25067.519     0.999890        49366      9102.22
   25214.975     0.999902        49368     10240.00
   25214.975     0.999915        49368     11702.86
   25214.975     0.999927        49368     13653.33
   25214.975     0.999939        49368     16384.00
   25264.127     0.999945        49369     18204.44
   25264.127     0.999951        49369     20480.00
   25264.127     0.999957        49369     23405.71
   25509.887     0.999963        49371     27306.67
   25509.887     1.000000        49371          inf
#[Mean    =    15705.056, StdDeviation   =     4617.038]
#[Max     =    25493.504, Total count    =        49371]
#[Buckets =           27, SubBuckets     =         2048]
----------------------------------------------------------
  73882 requests in 30.02s, 30.61MB read
Requests/sec:   2461.20
Transfer/sec:      1.02MB
