No argument supplied nginx
using  args: threads=4 and connections=512 and duration=30 and requests=4000
Running 30s test @ http://localhost:8080
  4 threads and 512 connections
  Thread calibration: mean lat.: 3109.701ms, rate sampling interval: 11935ms
  Thread calibration: mean lat.: 3104.106ms, rate sampling interval: 11763ms
  Thread calibration: mean lat.: 3093.025ms, rate sampling interval: 11722ms
  Thread calibration: mean lat.: 3189.880ms, rate sampling interval: 11870ms
  Thread Stats   Avg      Stdev     99%   +/- Stdev
    Latency    13.20s     4.02s   21.05s    60.20%
    Req/Sec   330.75      3.77   335.00    100.00%
  Latency Distribution (HdrHistogram - Recorded Latency)
 50.000%   13.19s 
 75.000%   16.49s 
 90.000%   18.64s 
 99.000%   21.05s 
 99.900%   22.12s 
 99.990%   22.90s 
 99.999%   23.54s 
100.000%   23.54s 

  Detailed Percentile spectrum:
       Value   Percentile   TotalCount 1/(1-Percentile)

    3508.223     0.000000            1         1.00
    7774.207     0.100000         2636         1.11
    9158.655     0.200000         5270         1.25
   10518.527     0.300000         7908         1.43
   11862.015     0.400000        10536         1.67
   13189.119     0.500000        13156         2.00
   13819.903     0.550000        14489         2.22
   14491.647     0.600000        15790         2.50
   15163.391     0.650000        17108         2.86
   15843.327     0.700000        18423         3.33
   16490.495     0.750000        19742         4.00
   16842.751     0.775000        20421         4.44
   17186.815     0.800000        21082         5.00
   17514.495     0.825000        21711         5.71
   17891.327     0.850000        22376         6.67
   18268.159     0.875000        23046         8.00
   18448.383     0.887500        23370         8.89
   18644.991     0.900000        23688        10.00
   18841.599     0.912500        24039        11.43
   19054.591     0.925000        24347        13.33
   19283.967     0.937500        24672        16.00
   19415.039     0.943750        24838        17.78
   19562.495     0.950000        24998        20.00
   19709.951     0.956250        25163        22.86
   19906.559     0.962500        25334        26.67
   20103.167     0.968750        25500        32.00
   20201.471     0.971875        25581        35.56
   20316.159     0.975000        25662        40.00
   20430.847     0.978125        25742        45.71
   20561.919     0.981250        25827        53.33
   20725.759     0.984375        25907        64.00
   20824.063     0.985938        25943        71.11
   20922.367     0.987500        25987        80.00
   21004.287     0.989062        26028        91.43
   21118.975     0.990625        26068       106.67
   21233.663     0.992188        26111       128.00
   21299.199     0.992969        26127       142.22
   21381.119     0.993750        26149       160.00
   21446.655     0.994531        26170       182.86
   21512.191     0.995313        26192       213.33
   21577.727     0.996094        26213       256.00
   21626.879     0.996484        26221       284.44
   21676.031     0.996875        26232       320.00
   21790.719     0.997266        26244       365.71
   21823.487     0.997656        26251       426.67
   21889.023     0.998047        26261       512.00
   21970.943     0.998242        26266       568.89
   22036.479     0.998437        26271       640.00
   22069.247     0.998633        26277       731.43
   22102.015     0.998828        26282       853.33
   22167.551     0.999023        26288      1024.00
   22200.319     0.999121        26289      1137.78
   22249.471     0.999219        26292      1280.00
   22282.239     0.999316        26296      1462.86
   22298.623     0.999414        26297      1706.67
   22478.847     0.999512        26300      2048.00
   22511.615     0.999561        26302      2275.56
   22511.615     0.999609        26302      2560.00
   22560.767     0.999658        26304      2925.71
   22577.151     0.999707        26305      3413.33
   22822.911     0.999756        26306      4096.00
   22839.295     0.999780        26307      4551.11
   22839.295     0.999805        26307      5120.00
   22855.679     0.999829        26308      5851.43
   22904.831     0.999854        26309      6826.67
   22904.831     0.999878        26309      8192.00
   22937.599     0.999890        26310      9102.22
   22937.599     0.999902        26310     10240.00
   22937.599     0.999915        26310     11702.86
   23150.591     0.999927        26311     13653.33
   23150.591     0.999939        26311     16384.00
   23150.591     0.999945        26311     18204.44
   23150.591     0.999951        26311     20480.00
   23150.591     0.999957        26311     23405.71
   23543.807     0.999963        26312     27306.67
   23543.807     1.000000        26312          inf
#[Mean    =    13198.316, StdDeviation   =     4015.840]
#[Max     =    23527.424, Total count    =        26312]
#[Buckets =           27, SubBuckets     =         2048]
----------------------------------------------------------
  39983 requests in 30.06s, 385.48MB read
  Non-2xx or 3xx responses: 57
Requests/sec:   1329.91
Transfer/sec:     12.82MB
