No argument supplied nginx
using  args: threads=4 and connections=512 and duration=30 and requests=10000
Running 30s test @ http://localhost:8080
  4 threads and 512 connections
  Thread calibration: mean lat.: 4101.312ms, rate sampling interval: 15654ms
  Thread calibration: mean lat.: 4205.374ms, rate sampling interval: 15704ms
  Thread calibration: mean lat.: 3989.411ms, rate sampling interval: 14385ms
  Thread calibration: mean lat.: 4154.622ms, rate sampling interval: 15654ms
  Thread Stats   Avg      Stdev     99%   +/- Stdev
    Latency    17.22s     5.07s   26.33s    58.26%
    Req/Sec   289.75      4.92   296.00     75.00%
  Latency Distribution (HdrHistogram - Recorded Latency)
 50.000%   17.15s 
 75.000%   21.53s 
 90.000%   24.23s 
 99.000%   26.33s 
 99.900%   27.08s 
 99.990%   27.46s 
 99.999%   27.66s 
100.000%   27.66s 

  Detailed Percentile spectrum:
       Value   Percentile   TotalCount 1/(1-Percentile)

    7192.575     0.000000            1         1.00
   10256.383     0.100000         2278         1.11
   12034.047     0.200000         4556         1.25
   13762.559     0.300000         6819         1.43
   15507.455     0.400000         9091         1.67
   17154.047     0.500000        11375         2.00
   18038.783     0.550000        12500         2.22
   18857.983     0.600000        13641         2.50
   19709.951     0.650000        14770         2.86
   20627.455     0.700000        15910         3.33
   21528.575     0.750000        17047         4.00
   22003.711     0.775000        17619         4.44
   22446.079     0.800000        18187         5.00
   22872.063     0.825000        18760         5.71
   23330.815     0.850000        19330         6.67
   23773.183     0.875000        19889         8.00
   24018.943     0.887500        20179         8.89
   24231.935     0.900000        20458        10.00
   24494.079     0.912500        20750        11.43
   24739.839     0.925000        21035        13.33
   24969.215     0.937500        21310        16.00
   25083.903     0.943750        21445        17.78
   25231.359     0.950000        21596        20.00
   25362.431     0.956250        21738        22.86
   25493.503     0.962500        21873        26.67
   25640.959     0.968750        22013        32.00
   25739.263     0.971875        22093        35.56
   25821.183     0.975000        22163        40.00
   25903.103     0.978125        22238        45.71
   25985.023     0.981250        22303        53.33
   26083.327     0.984375        22370        64.00
   26132.479     0.985938        22403        71.11
   26198.015     0.987500        22438        80.00
   26263.551     0.989062        22474        91.43
   26345.471     0.990625        22509       106.67
   26443.775     0.992188        22547       128.00
   26492.927     0.992969        22571       142.22
   26525.695     0.993750        22580       160.00
   26574.847     0.994531        22600       182.86
   26607.615     0.995313        22622       213.33
   26673.151     0.996094        22634       256.00
   26705.919     0.996484        22646       284.44
   26738.687     0.996875        22653       320.00
   26771.455     0.997266        22660       365.71
   26820.607     0.997656        22669       426.67
   26886.143     0.998047        22678       512.00
   26935.295     0.998242        22683       568.89
   26984.447     0.998437        22688       640.00
   27017.215     0.998633        22694       731.43
   27049.983     0.998828        22697       853.33
   27082.751     0.999023        22701      1024.00
   27099.135     0.999121        22705      1137.78
   27099.135     0.999219        22705      1280.00
   27131.903     0.999316        22708      1462.86
   27148.287     0.999414        22709      1706.67
   27164.671     0.999512        22711      2048.00
   27213.823     0.999561        22713      2275.56
   27246.591     0.999609        22714      2560.00
   27279.359     0.999658        22716      2925.71
   27279.359     0.999707        22716      3413.33
   27295.743     0.999756        22717      4096.00
   27328.511     0.999780        22718      4551.11
   27328.511     0.999805        22718      5120.00
   27394.047     0.999829        22719      5851.43
   27394.047     0.999854        22719      6826.67
   27459.583     0.999878        22720      8192.00
   27459.583     0.999890        22720      9102.22
   27459.583     0.999902        22720     10240.00
   27639.807     0.999915        22721     11702.86
   27639.807     0.999927        22721     13653.33
   27639.807     0.999939        22721     16384.00
   27639.807     0.999945        22721     18204.44
   27639.807     0.999951        22721     20480.00
   27656.191     0.999957        22722     23405.71
   27656.191     1.000000        22722          inf
#[Mean    =    17220.379, StdDeviation   =     5067.451]
#[Max     =    27639.808, Total count    =        22722]
#[Buckets =           27, SubBuckets     =         2048]
----------------------------------------------------------
  34606 requests in 30.01s, 345.03MB read
  Non-2xx or 3xx responses: 48
Requests/sec:   1153.12
Transfer/sec:     11.50MB
