No argument supplied nginx
using  args: threads=4 and connections=512 and duration=30 and requests=3000
Running 30s test @ http://localhost:8080
  4 threads and 512 connections
  Thread calibration: mean lat.: 1913.280ms, rate sampling interval: 8544ms
  Thread calibration: mean lat.: 1847.412ms, rate sampling interval: 8462ms
  Thread calibration: mean lat.: 2388.460ms, rate sampling interval: 9265ms
  Thread calibration: mean lat.: 2020.895ms, rate sampling interval: 8937ms
  Thread Stats   Avg      Stdev     99%   +/- Stdev
    Latency     9.22s     4.35s   19.46s    67.97%
    Req/Sec   355.75      9.72   367.00     62.50%
  Latency Distribution (HdrHistogram - Recorded Latency)
 50.000%    9.04s 
 75.000%   12.17s 
 90.000%   15.10s 
 99.000%   19.46s 
 99.900%   21.41s 
 99.990%   22.23s 
 99.999%   22.66s 
100.000%   22.66s 

  Detailed Percentile spectrum:
       Value   Percentile   TotalCount 1/(1-Percentile)

       2.525     0.000000            1         1.00
    3790.847     0.100000         2841         1.11
    5566.463     0.200000         5687         1.25
    6787.071     0.300000         8527         1.43
    7921.663     0.400000        11364         1.67
    9043.967     0.500000        14198         2.00
    9601.023     0.550000        15635         2.22
   10166.271     0.600000        17048         2.50
   10780.671     0.650000        18471         2.86
   11427.839     0.700000        19878         3.33
   12173.311     0.750000        21303         4.00
   12574.719     0.775000        22007         4.44
   12984.319     0.800000        22727         5.00
   13410.303     0.825000        23432         5.71
   13901.823     0.850000        24139         6.67
   14475.263     0.875000        24850         8.00
   14778.367     0.887500        25209         8.89
   15097.855     0.900000        25554        10.00
   15450.111     0.912500        25911        11.43
   15843.327     0.925000        26270        13.33
   16293.887     0.937500        26623        16.00
   16531.455     0.943750        26795        17.78
   16809.983     0.950000        26975        20.00
   17088.511     0.956250        27154        22.86
   17383.423     0.962500        27329        26.67
   17743.871     0.968750        27516        32.00
   17891.327     0.971875        27594        35.56
   18071.551     0.975000        27683        40.00
   18300.927     0.978125        27776        45.71
   18530.303     0.981250        27864        53.33
   18841.599     0.984375        27956        64.00
   18972.671     0.985938        27997        71.11
   19152.895     0.987500        28043        80.00
   19349.503     0.989062        28083        91.43
   19546.111     0.990625        28127       106.67
   19742.719     0.992188        28173       128.00
   19841.023     0.992969        28194       142.22
   20004.863     0.993750        28216       160.00
   20119.551     0.994531        28238       182.86
   20283.391     0.995313        28261       213.33
   20447.231     0.996094        28283       256.00
   20529.151     0.996484        28293       284.44
   20643.839     0.996875        28304       320.00
   20742.143     0.997266        28316       365.71
   20840.447     0.997656        28327       426.67
   21037.055     0.998047        28338       512.00
   21102.591     0.998242        28344       568.89
   21168.127     0.998437        28348       640.00
   21266.431     0.998633        28354       731.43
   21315.583     0.998828        28359       853.33
   21446.655     0.999023        28365      1024.00
   21528.575     0.999121        28368      1137.78
   21577.727     0.999219        28370      1280.00
   21626.879     0.999316        28373      1462.86
   21708.799     0.999414        28376      1706.67
   21774.335     0.999512        28379      2048.00
   21856.255     0.999561        28380      2275.56
   21872.639     0.999609        28382      2560.00
   21905.407     0.999658        28383      2925.71
   22003.711     0.999707        28384      3413.33
   22134.783     0.999756        28386      4096.00
   22134.783     0.999780        28386      4551.11
   22183.935     0.999805        28387      5120.00
   22233.087     0.999829        28389      5851.43
   22233.087     0.999854        28389      6826.67
   22233.087     0.999878        28389      8192.00
   22233.087     0.999890        28389      9102.22
   22347.775     0.999902        28390     10240.00
   22347.775     0.999915        28390     11702.86
   22347.775     0.999927        28390     13653.33
   22446.079     0.999939        28391     16384.00
   22446.079     0.999945        28391     18204.44
   22446.079     0.999951        28391     20480.00
   22446.079     0.999957        28391     23405.71
   22446.079     0.999963        28391     27306.67
   22659.071     0.999969        28392     32768.00
   22659.071     1.000000        28392          inf
#[Mean    =     9224.925, StdDeviation   =     4353.229]
#[Max     =    22642.688, Total count    =        28392]
#[Buckets =           27, SubBuckets     =         2048]
----------------------------------------------------------
  43194 requests in 30.07s, 409.39MB read
  Socket errors: connect 0, read 0, write 0, timeout 1
Requests/sec:   1436.22
Transfer/sec:     13.61MB
