No argument supplied nginx
using  args: threads=4 and connections=512 and duration=30 and requests=1000
Running 30s test @ http://localhost:8080
  4 threads and 512 connections
  Thread calibration: mean lat.: 4.824ms, rate sampling interval: 12ms
  Thread calibration: mean lat.: 4.856ms, rate sampling interval: 12ms
  Thread calibration: mean lat.: 4.809ms, rate sampling interval: 12ms
  Thread calibration: mean lat.: 4.758ms, rate sampling interval: 12ms
  Thread Stats   Avg      Stdev     99%   +/- Stdev
    Latency     4.81ms    1.46ms   8.06ms   69.04%
    Req/Sec   260.79    152.13   666.00     61.78%
  Latency Distribution (HdrHistogram - Recorded Latency)
 50.000%    5.15ms
 75.000%    5.70ms
 90.000%    6.31ms
 99.000%    8.06ms
 99.900%   10.06ms
 99.990%   18.59ms
 99.999%   21.58ms
100.000%   21.58ms

  Detailed Percentile spectrum:
       Value   Percentile   TotalCount 1/(1-Percentile)

       1.488     0.000000            1         1.00
       2.413     0.100000         1988         1.11
       3.231     0.200000         3975         1.25
       4.447     0.300000         5963         1.43
       4.907     0.400000         7965         1.67
       5.151     0.500000         9983         2.00
       5.251     0.550000        10957         2.22
       5.351     0.600000        11940         2.50
       5.455     0.650000        12920         2.86
       5.575     0.700000        13940         3.33
       5.699     0.750000        14919         4.00
       5.767     0.775000        15419         4.44
       5.843     0.800000        15903         5.00
       5.935     0.825000        16396         5.71
       6.039     0.850000        16901         6.67
       6.163     0.875000        17398         8.00
       6.227     0.887500        17645         8.89
       6.307     0.900000        17893        10.00
       6.395     0.912500        18141        11.43
       6.511     0.925000        18385        13.33
       6.655     0.937500        18632        16.00
       6.727     0.943750        18755        17.78
       6.811     0.950000        18883        20.00
       6.919     0.956250        19005        22.86
       7.035     0.962500        19127        26.67
       7.167     0.968750        19254        32.00
       7.247     0.971875        19314        35.56
       7.347     0.975000        19376        40.00
       7.439     0.978125        19438        45.71
       7.551     0.981250        19500        53.33
       7.679     0.984375        19562        64.00
       7.763     0.985938        19593        71.11
       7.895     0.987500        19625        80.00
       7.999     0.989062        19656        91.43
       8.123     0.990625        19686       106.67
       8.319     0.992188        19721       128.00
       8.423     0.992969        19734       142.22
       8.479     0.993750        19748       160.00
       8.623     0.994531        19766       182.86
       8.759     0.995313        19779       213.33
       8.879     0.996094        19796       256.00
       8.975     0.996484        19803       284.44
       9.023     0.996875        19811       320.00
       9.127     0.997266        19819       365.71
       9.295     0.997656        19826       426.67
       9.551     0.998047        19835       512.00
       9.631     0.998242        19838       568.89
       9.687     0.998437        19841       640.00
       9.831     0.998633        19845       731.43
       9.887     0.998828        19849       853.33
      10.055     0.999023        19853      1024.00
      10.151     0.999121        19855      1137.78
      10.255     0.999219        19857      1280.00
      10.375     0.999316        19859      1462.86
      10.495     0.999414        19861      1706.67
      10.511     0.999512        19863      2048.00
      10.607     0.999561        19864      2275.56
      10.671     0.999609        19865      2560.00
      10.815     0.999658        19866      2925.71
      11.199     0.999707        19867      3413.33
      11.455     0.999756        19868      4096.00
      11.455     0.999780        19868      4551.11
      14.167     0.999805        19869      5120.00
      14.167     0.999829        19869      5851.43
      18.591     0.999854        19870      6826.67
      18.591     0.999878        19870      8192.00
      18.591     0.999890        19870      9102.22
      18.847     0.999902        19871     10240.00
      18.847     0.999915        19871     11702.86
      18.847     0.999927        19871     13653.33
      18.847     0.999939        19871     16384.00
      18.847     0.999945        19871     18204.44
      21.583     0.999951        19872     20480.00
      21.583     1.000000        19872          inf
#[Mean    =        4.814, StdDeviation   =        1.458]
#[Max     =       21.568, Total count    =        19872]
#[Buckets =           27, SubBuckets     =         2048]
----------------------------------------------------------
  29631 requests in 30.00s, 273.31MB read
  Socket errors: connect 0, read 0, write 0, timeout 148
Requests/sec:    987.57
Transfer/sec:      9.11MB
