No argument supplied nginx
using  args: threads=4 and connections=512 and duration=30 and requests=2000
Running 30s test @ http://localhost:8080
  4 threads and 512 connections
  Thread calibration: mean lat.: 663.988ms, rate sampling interval: 4061ms
  Thread calibration: mean lat.: 620.497ms, rate sampling interval: 3729ms
  Thread calibration: mean lat.: 721.615ms, rate sampling interval: 3897ms
  Thread calibration: mean lat.: 673.105ms, rate sampling interval: 3880ms
  Thread Stats   Avg      Stdev     99%   +/- Stdev
    Latency     4.00s     3.35s   13.73s    67.45%
    Req/Sec   364.00     12.13   383.00     73.68%
  Latency Distribution (HdrHistogram - Recorded Latency)
 50.000%    3.31s 
 75.000%    6.00s 
 90.000%    8.78s 
 99.000%   13.73s 
 99.900%   16.07s 
 99.990%   17.22s 
 99.999%   17.74s 
100.000%   17.74s 

  Detailed Percentile spectrum:
       Value   Percentile   TotalCount 1/(1-Percentile)

       1.934     0.000000            1         1.00
     389.375     0.100000         2896         1.11
     857.087     0.200000         5791         1.25
    1501.183     0.300000         8687         1.43
    2338.815     0.400000        11577         1.67
    3313.663     0.500000        14474         2.00
    3788.799     0.550000        15918         2.22
    4272.127     0.600000        17375         2.50
    4792.319     0.650000        18817         2.86
    5369.855     0.700000        20262         3.33
    5996.543     0.750000        21708         4.00
    6340.607     0.775000        22431         4.44
    6729.727     0.800000        23160         5.00
    7143.423     0.825000        23883         5.71
    7610.367     0.850000        24604         6.67
    8155.135     0.875000        25328         8.00
    8445.951     0.887500        25690         8.89
    8781.823     0.900000        26051        10.00
    9175.039     0.912500        26412        11.43
    9617.407     0.925000        26773        13.33
   10067.967     0.937500        27134        16.00
   10379.263     0.943750        27319        17.78
   10665.983     0.950000        27496        20.00
   10952.703     0.956250        27675        22.86
   11313.151     0.962500        27856        26.67
   11739.135     0.968750        28036        32.00
   11984.895     0.971875        28130        35.56
   12214.271     0.975000        28220        40.00
   12460.031     0.978125        28308        45.71
   12722.175     0.981250        28398        53.33
   13066.239     0.984375        28489        64.00
   13230.079     0.985938        28535        71.11
   13418.495     0.987500        28581        80.00
   13606.911     0.989062        28625        91.43
   13803.519     0.990625        28669       106.67
   14016.511     0.992188        28714       128.00
   14139.391     0.992969        28737       142.22
   14278.655     0.993750        28760       160.00
   14434.303     0.994531        28782       182.86
   14655.487     0.995313        28807       213.33
   14835.711     0.996094        28827       256.00
   14966.783     0.996484        28839       284.44
   15048.703     0.996875        28851       320.00
   15204.351     0.997266        28861       365.71
   15319.039     0.997656        28873       426.67
   15581.183     0.998047        28886       512.00
   15622.143     0.998242        28891       568.89
   15736.831     0.998437        28896       640.00
   15867.903     0.998633        28901       731.43
   16039.935     0.998828        28908       853.33
   16097.279     0.999023        28912      1024.00
   16113.663     0.999121        28915      1137.78
   16171.007     0.999219        28918      1280.00
   16285.695     0.999316        28921      1462.86
   16318.463     0.999414        28924      1706.67
   16400.383     0.999512        28926      2048.00
   16433.151     0.999561        28928      2275.56
   16572.415     0.999609        28929      2560.00
   16629.759     0.999658        28931      2925.71
   16687.103     0.999707        28932      3413.33
   16793.599     0.999756        28933      4096.00
   16941.055     0.999780        28934      4551.11
   17088.511     0.999805        28935      5120.00
   17170.431     0.999829        28936      5851.43
   17170.431     0.999854        28936      6826.67
   17219.583     0.999878        28937      8192.00
   17219.583     0.999890        28937      9102.22
   17514.495     0.999902        28939     10240.00
   17514.495     0.999915        28939     11702.86
   17514.495     0.999927        28939     13653.33
   17514.495     0.999939        28939     16384.00
   17514.495     0.999945        28939     18204.44
   17514.495     0.999951        28939     20480.00
   17514.495     0.999957        28939     23405.71
   17514.495     0.999963        28939     27306.67
   17743.871     0.999969        28940     32768.00
   17743.871     1.000000        28940          inf
#[Mean    =     4003.236, StdDeviation   =     3345.002]
#[Max     =    17727.488, Total count    =        28940]
#[Buckets =           27, SubBuckets     =         2048]
----------------------------------------------------------
  44306 requests in 30.04s, 410.26MB read
  Socket errors: connect 0, read 0, write 0, timeout 7
  Non-2xx or 3xx responses: 1
Requests/sec:   1474.74
Transfer/sec:     13.66MB
