No argument supplied nginx
using  args: threads=4 and connections=512 and duration=30 and requests=6000
Running 30s test @ http://localhost:8080
  4 threads and 512 connections
  Thread calibration: mean lat.: 3547.020ms, rate sampling interval: 13819ms
  Thread calibration: mean lat.: 3522.831ms, rate sampling interval: 13754ms
  Thread calibration: mean lat.: 3591.435ms, rate sampling interval: 12984ms
  Thread calibration: mean lat.: 3482.184ms, rate sampling interval: 13598ms
  Thread Stats   Avg      Stdev     99%   +/- Stdev
    Latency    15.43s     4.67s   24.02s    58.40%
    Req/Sec   301.00      2.55   304.00    100.00%
  Latency Distribution (HdrHistogram - Recorded Latency)
 50.000%   15.39s 
 75.000%   19.40s 
 90.000%   21.86s 
 99.000%   24.02s 
 99.900%   25.07s 
 99.990%   25.64s 
 99.999%   25.71s 
100.000%   25.71s 

  Detailed Percentile spectrum:
       Value   Percentile   TotalCount 1/(1-Percentile)

    5910.527     0.000000            1         1.00
    9043.967     0.100000         2406         1.11
   10584.063     0.200000         4788         1.25
   12214.271     0.300000         7185         1.43
   13828.095     0.400000         9579         1.67
   15392.767     0.500000        11978         2.00
   16203.775     0.550000        13163         2.22
   16990.207     0.600000        14366         2.50
   17727.487     0.650000        15554         2.86
   18546.687     0.700000        16752         3.33
   19398.655     0.750000        17962         4.00
   19808.255     0.775000        18571         4.44
   20201.471     0.800000        19155         5.00
   20627.455     0.825000        19746         5.71
   21037.055     0.850000        20350         6.67
   21430.271     0.875000        20958         8.00
   21626.879     0.887500        21245         8.89
   21856.255     0.900000        21549        10.00
   22052.863     0.912500        21842        11.43
   22282.239     0.925000        22149        13.33
   22527.999     0.937500        22449        16.00
   22642.687     0.943750        22587        17.78
   22806.527     0.950000        22746        20.00
   22921.215     0.956250        22886        22.86
   23068.671     0.962500        23035        26.67
   23232.511     0.968750        23184        32.00
   23330.815     0.971875        23257        35.56
   23445.503     0.975000        23338        40.00
   23543.807     0.978125        23412        45.71
   23642.111     0.981250        23488        53.33
   23756.799     0.984375        23556        64.00
   23838.719     0.985938        23596        71.11
   23904.255     0.987500        23627        80.00
   23986.175     0.989062        23671        91.43
   24051.711     0.990625        23703       106.67
   24133.631     0.992188        23742       128.00
   24215.551     0.992969        23761       142.22
   24264.703     0.993750        23777       160.00
   24346.623     0.994531        23798       182.86
   24428.543     0.995313        23815       213.33
   24494.079     0.996094        23833       256.00
   24543.231     0.996484        23845       284.44
   24608.767     0.996875        23853       320.00
   24674.303     0.997266        23863       365.71
   24739.839     0.997656        23874       426.67
   24821.759     0.998047        23880       512.00
   24838.143     0.998242        23885       568.89
   24870.911     0.998437        23889       640.00
   24936.447     0.998633        23894       731.43
   25001.983     0.998828        23899       853.33
   25100.287     0.999023        23903      1024.00
   25149.439     0.999121        23907      1137.78
   25165.823     0.999219        23908      1280.00
   25182.207     0.999316        23910      1462.86
   25231.359     0.999414        23913      1706.67
   25280.511     0.999512        23916      2048.00
   25280.511     0.999561        23916      2275.56
   25313.279     0.999609        23918      2560.00
   25313.279     0.999658        23918      2925.71
   25411.583     0.999707        23919      3413.33
   25477.119     0.999756        23921      4096.00
   25477.119     0.999780        23921      4551.11
   25542.655     0.999805        23922      5120.00
   25542.655     0.999829        23922      5851.43
   25624.575     0.999854        23923      6826.67
   25640.959     0.999878        23924      8192.00
   25640.959     0.999890        23924      9102.22
   25640.959     0.999902        23924     10240.00
   25640.959     0.999915        23924     11702.86
   25690.111     0.999927        23925     13653.33
   25690.111     0.999939        23925     16384.00
   25690.111     0.999945        23925     18204.44
   25690.111     0.999951        23925     20480.00
   25690.111     0.999957        23925     23405.71
   25706.495     0.999963        23926     27306.67
   25706.495     1.000000        23926          inf
#[Mean    =    15430.541, StdDeviation   =     4670.545]
#[Max     =    25690.112, Total count    =        23926]
#[Buckets =           27, SubBuckets     =         2048]
----------------------------------------------------------
  37031 requests in 30.02s, 361.28MB read
  Non-2xx or 3xx responses: 108
Requests/sec:   1233.69
Transfer/sec:     12.04MB
