No argument supplied nginx
using  args: threads=4 and connections=512 and duration=30 and requests=1000
Running 30s test @ http://localhost:5000
  4 threads and 512 connections
  Thread calibration: mean lat.: 3.197ms, rate sampling interval: 10ms
  Thread calibration: mean lat.: 3.307ms, rate sampling interval: 11ms
  Thread calibration: mean lat.: 3.259ms, rate sampling interval: 11ms
  Thread calibration: mean lat.: 3.301ms, rate sampling interval: 11ms
  Thread Stats   Avg      Stdev     99%   +/- Stdev
    Latency     3.27ms    1.72ms   8.65ms   77.89%
    Req/Sec   262.36    159.72   700.00     62.47%
  Latency Distribution (HdrHistogram - Recorded Latency)
 50.000%    2.66ms
 75.000%    4.14ms
 90.000%    5.62ms
 99.000%    8.65ms
 99.900%   14.81ms
 99.990%   20.72ms
 99.999%   21.52ms
100.000%   21.52ms

  Detailed Percentile spectrum:
       Value   Percentile   TotalCount 1/(1-Percentile)

       1.128     0.000000            1         1.00
       1.627     0.100000         1994         1.11
       1.946     0.200000         3975         1.25
       2.127     0.300000         5967         1.43
       2.371     0.400000         7962         1.67
       2.665     0.500000         9941         2.00
       2.937     0.550000        10935         2.22
       3.203     0.600000        11926         2.50
       3.507     0.650000        12929         2.86
       3.797     0.700000        13916         3.33
       4.135     0.750000        14914         4.00
       4.331     0.775000        15413         4.44
       4.547     0.800000        15908         5.00
       4.731     0.825000        16400         5.71
       4.975     0.850000        16894         6.67
       5.271     0.875000        17392         8.00
       5.463     0.887500        17638         8.89
       5.623     0.900000        17886        10.00
       5.827     0.912500        18137        11.43
       6.043     0.925000        18390        13.33
       6.287     0.937500        18632        16.00
       6.459     0.943750        18761        17.78
       6.635     0.950000        18880        20.00
       6.815     0.956250        19004        22.86
       7.023     0.962500        19128        26.67
       7.255     0.968750        19252        32.00
       7.391     0.971875        19315        35.56
       7.523     0.975000        19379        40.00
       7.703     0.978125        19442        45.71
       7.855     0.981250        19501        53.33
       8.051     0.984375        19564        64.00
       8.179     0.985938        19594        71.11
       8.327     0.987500        19625        80.00
       8.559     0.989062        19656        91.43
       8.719     0.990625        19687       106.67
       8.927     0.992188        19718       128.00
       9.031     0.992969        19734       142.22
       9.231     0.993750        19749       160.00
       9.343     0.994531        19767       182.86
       9.583     0.995313        19780       213.33
       9.967     0.996094        19796       256.00
      10.191     0.996484        19804       284.44
      10.471     0.996875        19811       320.00
      10.711     0.997266        19819       365.71
      10.887     0.997656        19827       426.67
      11.495     0.998047        19835       512.00
      12.215     0.998242        19839       568.89
      12.511     0.998437        19843       640.00
      13.007     0.998633        19846       731.43
      13.159     0.998828        19850       853.33
      14.839     0.999023        19854      1024.00
      15.959     0.999121        19856      1137.78
      16.415     0.999219        19858      1280.00
      16.671     0.999316        19860      1462.86
      16.879     0.999414        19862      1706.67
      17.439     0.999512        19864      2048.00
      17.615     0.999561        19865      2275.56
      17.727     0.999609        19866      2560.00
      18.591     0.999658        19867      2925.71
      19.631     0.999707        19868      3413.33
      20.431     0.999756        19869      4096.00
      20.431     0.999780        19869      4551.11
      20.479     0.999805        19870      5120.00
      20.479     0.999829        19870      5851.43
      20.719     0.999854        19871      6826.67
      20.719     0.999878        19871      8192.00
      20.719     0.999890        19871      9102.22
      20.895     0.999902        19872     10240.00
      20.895     0.999915        19872     11702.86
      20.895     0.999927        19872     13653.33
      20.895     0.999939        19872     16384.00
      20.895     0.999945        19872     18204.44
      21.519     0.999951        19873     20480.00
      21.519     1.000000        19873          inf
#[Mean    =        3.274, StdDeviation   =        1.724]
#[Max     =       21.504, Total count    =        19873]
#[Buckets =           27, SubBuckets     =         2048]
----------------------------------------------------------
  29633 requests in 30.00s, 12.28MB read
  Socket errors: connect 0, read 0, write 0, timeout 148
Requests/sec:    987.66
Transfer/sec:    419.12KB
