Using argument nginx
using  args: threads=4 and connections=512 and duration=30 and requests=8000
Running 30s test @ http://10.10.1.5:5000
  4 threads and 512 connections
  Thread calibration: mean lat.: 3.311ms, rate sampling interval: 11ms
  Thread calibration: mean lat.: 3.258ms, rate sampling interval: 11ms
  Thread calibration: mean lat.: 3.324ms, rate sampling interval: 11ms
  Thread calibration: mean lat.: 3.299ms, rate sampling interval: 11ms
  Thread Stats   Avg      Stdev     99%   +/- Stdev
    Latency     3.01ms    2.88ms  10.50ms   91.85%
    Req/Sec     2.10k   473.11     3.30k    69.14%
  Latency Distribution (HdrHistogram - Recorded Latency)
 50.000%    2.38ms
 75.000%    3.77ms
 90.000%    5.52ms
 99.000%   10.50ms
 99.900%   39.97ms
 99.990%   69.18ms
 99.999%   85.25ms
100.000%   95.74ms

  Detailed Percentile spectrum:
       Value   Percentile   TotalCount 1/(1-Percentile)

       0.301     0.000000            1         1.00
       0.980     0.100000        15942         1.11
       1.310     0.200000        31863         1.25
       1.667     0.300000        47795         1.43
       1.989     0.400000        63682         1.67
       2.379     0.500000        79658         2.00
       2.597     0.550000        87628         2.22
       2.835     0.600000        95540         2.50
       3.105     0.650000       103514         2.86
       3.409     0.700000       111477         3.33
       3.771     0.750000       119418         4.00
       3.979     0.775000       123386         4.44
       4.211     0.800000       127394         5.00
       4.463     0.825000       131348         5.71
       4.759     0.850000       135318         6.67
       5.091     0.875000       139294         8.00
       5.295     0.887500       141294         8.89
       5.519     0.900000       143279        10.00
       5.771     0.912500       145274        11.43
       6.051     0.925000       147274        13.33
       6.387     0.937500       149255        16.00
       6.587     0.943750       150243        17.78
       6.803     0.950000       151233        20.00
       7.067     0.956250       152237        22.86
       7.351     0.962500       153225        26.67
       7.699     0.968750       154223        32.00
       7.907     0.971875       154713        35.56
       8.143     0.975000       155213        40.00
       8.431     0.978125       155723        45.71
       8.735     0.981250       156208        53.33
       9.151     0.984375       156711        64.00
       9.439     0.985938       156959        71.11
       9.767     0.987500       157202        80.00
      10.191     0.989062       157449        91.43
      10.711     0.990625       157698       106.67
      11.623     0.992188       157948       128.00
      12.143     0.992969       158071       142.22
      12.999     0.993750       158196       160.00
      14.023     0.994531       158320       182.86
      15.975     0.995313       158444       213.33
      18.319     0.996094       158569       256.00
      19.807     0.996484       158631       284.44
      21.567     0.996875       158694       320.00
      23.871     0.997266       158755       365.71
      26.351     0.997656       158817       426.67
      30.063     0.998047       158880       512.00
      31.935     0.998242       158911       568.89
      33.759     0.998437       158942       640.00
      35.487     0.998633       158973       731.43
      37.983     0.998828       159005       853.33
      40.191     0.999023       159036      1024.00
      42.207     0.999121       159051      1137.78
      43.999     0.999219       159066      1280.00
      46.687     0.999316       159082      1462.86
      49.279     0.999414       159097      1706.67
      51.871     0.999512       159113      2048.00
      53.311     0.999561       159121      2275.56
      54.463     0.999609       159128      2560.00
      56.511     0.999658       159136      2925.71
      57.375     0.999707       159144      3413.33
      59.583     0.999756       159152      4096.00
      60.831     0.999780       159156      4551.11
      61.727     0.999805       159159      5120.00
      64.191     0.999829       159163      5851.43
      66.815     0.999854       159167      6826.67
      67.711     0.999878       159171      8192.00
      68.991     0.999890       159173      9102.22
      70.975     0.999902       159175     10240.00
      73.215     0.999915       159177     11702.86
      74.495     0.999927       159179     13653.33
      75.199     0.999939       159181     16384.00
      75.391     0.999945       159182     18204.44
      75.455     0.999951       159183     20480.00
      78.079     0.999957       159184     23405.71
      83.839     0.999963       159185     27306.67
      84.031     0.999969       159186     32768.00
      84.031     0.999973       159186     36408.89
      84.863     0.999976       159187     40960.00
      84.863     0.999979       159187     46811.43
      85.247     0.999982       159188     54613.33
      85.247     0.999985       159188     65536.00
      85.247     0.999986       159188     72817.78
      85.759     0.999988       159189     81920.00
      85.759     0.999989       159189     93622.86
      85.759     0.999991       159189    109226.67
      85.759     0.999992       159189    131072.00
      85.759     0.999993       159189    145635.56
      95.743     0.999994       159190    163840.00
      95.743     1.000000       159190          inf
#[Mean    =        3.011, StdDeviation   =        2.882]
#[Max     =       95.680, Total count    =       159190]
#[Buckets =           27, SubBuckets     =         2048]
----------------------------------------------------------
  239792 requests in 30.00s, 99.06MB read
Requests/sec:   7993.12
Transfer/sec:      3.30MB
