No argument supplied nginx
using  args: threads=4 and connections=512 and duration=30 and requests=1500
Running 30s test @ http://localhost:5000
  4 threads and 512 connections
  Thread calibration: mean lat.: 2.947ms, rate sampling interval: 10ms
  Thread calibration: mean lat.: 2.955ms, rate sampling interval: 10ms
  Thread calibration: mean lat.: 2.961ms, rate sampling interval: 10ms
  Thread calibration: mean lat.: 2.914ms, rate sampling interval: 10ms
  Thread Stats   Avg      Stdev     99%   +/- Stdev
    Latency     2.92ms    1.37ms   7.36ms   76.53%
    Req/Sec   393.27    204.23     0.90k    70.97%
  Latency Distribution (HdrHistogram - Recorded Latency)
 50.000%    2.48ms
 75.000%    3.58ms
 90.000%    4.82ms
 99.000%    7.36ms
 99.900%    9.73ms
 99.990%   16.01ms
 99.999%   20.08ms
100.000%   20.08ms

  Detailed Percentile spectrum:
       Value   Percentile   TotalCount 1/(1-Percentile)

       1.027     0.000000            1         1.00
       1.573     0.100000         2969         1.11
       1.864     0.200000         5940         1.25
       2.027     0.300000         8905         1.43
       2.199     0.400000        11878         1.67
       2.479     0.500000        14836         2.00
       2.621     0.550000        16341         2.22
       2.855     0.600000        17805         2.50
       3.067     0.650000        19293         2.86
       3.303     0.700000        20767         3.33
       3.579     0.750000        22251         4.00
       3.709     0.775000        22995         4.44
       3.901     0.800000        23738         5.00
       4.081     0.825000        24479         5.71
       4.279     0.850000        25218         6.67
       4.543     0.875000        25975         8.00
       4.663     0.887500        26330         8.89
       4.819     0.900000        26705        10.00
       4.999     0.912500        27077        11.43
       5.175     0.925000        27443        13.33
       5.403     0.937500        27814        16.00
       5.531     0.943750        28006        17.78
       5.635     0.950000        28184        20.00
       5.791     0.956250        28374        22.86
       5.975     0.962500        28557        26.67
       6.175     0.968750        28742        32.00
       6.323     0.971875        28835        35.56
       6.447     0.975000        28928        40.00
       6.595     0.978125        29022        45.71
       6.767     0.981250        29111        53.33
       6.967     0.984375        29207        64.00
       7.055     0.985938        29250        71.11
       7.155     0.987500        29297        80.00
       7.283     0.989062        29344        91.43
       7.399     0.990625        29389       106.67
       7.591     0.992188        29436       128.00
       7.663     0.992969        29459       142.22
       7.791     0.993750        29482       160.00
       7.903     0.994531        29505       182.86
       8.055     0.995313        29528       213.33
       8.287     0.996094        29552       256.00
       8.359     0.996484        29563       284.44
       8.519     0.996875        29576       320.00
       8.655     0.997266        29586       365.71
       8.751     0.997656        29598       426.67
       8.975     0.998047        29611       512.00
       9.055     0.998242        29615       568.89
       9.239     0.998437        29622       640.00
       9.311     0.998633        29627       731.43
       9.527     0.998828        29633       853.33
       9.791     0.999023        29640      1024.00
       9.847     0.999121        29641      1137.78
       9.999     0.999219        29644      1280.00
      10.183     0.999316        29647      1462.86
      10.319     0.999414        29650      1706.67
      10.671     0.999512        29653      2048.00
      10.743     0.999561        29654      2275.56
      12.135     0.999609        29656      2560.00
      12.935     0.999658        29657      2925.71
      13.455     0.999707        29659      3413.33
      13.487     0.999756        29660      4096.00
      13.903     0.999780        29661      4551.11
      13.919     0.999805        29662      5120.00
      13.919     0.999829        29662      5851.43
      14.215     0.999854        29663      6826.67
      16.007     0.999878        29664      8192.00
      16.007     0.999890        29664      9102.22
      17.503     0.999902        29665     10240.00
      17.503     0.999915        29665     11702.86
      17.503     0.999927        29665     13653.33
      17.583     0.999939        29666     16384.00
      17.583     0.999945        29666     18204.44
      17.583     0.999951        29666     20480.00
      17.583     0.999957        29666     23405.71
      17.583     0.999963        29666     27306.67
      20.079     0.999969        29667     32768.00
      20.079     1.000000        29667          inf
#[Mean    =        2.916, StdDeviation   =        1.372]
#[Max     =       20.064, Total count    =        29667]
#[Buckets =           27, SubBuckets     =         2048]
----------------------------------------------------------
  44703 requests in 30.00s, 18.47MB read
  Socket errors: connect 0, read 0, write 0, timeout 22
Requests/sec:   1489.87
Transfer/sec:    630.41KB
