No argument supplied nginx
using  args: threads=4 and connections=512 and duration=30 and requests=2500
Running 30s test @ http://localhost:5000
  4 threads and 512 connections
  Thread calibration: mean lat.: 2.774ms, rate sampling interval: 10ms
  Thread calibration: mean lat.: 2.786ms, rate sampling interval: 10ms
  Thread calibration: mean lat.: 2.808ms, rate sampling interval: 10ms
  Thread calibration: mean lat.: 2.784ms, rate sampling interval: 10ms
  Thread Stats   Avg      Stdev     99%   +/- Stdev
    Latency     2.78ms    1.28ms   7.04ms   77.91%
    Req/Sec   661.65    259.06     1.33k    67.78%
  Latency Distribution (HdrHistogram - Recorded Latency)
 50.000%    2.36ms
 75.000%    3.37ms
 90.000%    4.53ms
 99.000%    7.04ms
 99.900%    9.03ms
 99.990%   15.63ms
 99.999%   23.85ms
100.000%   23.85ms

  Detailed Percentile spectrum:
       Value   Percentile   TotalCount 1/(1-Percentile)

       0.961     0.000000            1         1.00
       1.552     0.100000         5009         1.11
       1.821     0.200000         9998         1.25
       1.982     0.300000        14991         1.43
       2.133     0.400000        19972         1.67
       2.355     0.500000        24980         2.00
       2.507     0.550000        27453         2.22
       2.669     0.600000        29946         2.50
       2.909     0.650000        32443         2.86
       3.115     0.700000        34941         3.33
       3.373     0.750000        37435         4.00
       3.517     0.775000        38684         4.44
       3.663     0.800000        39925         5.00
       3.845     0.825000        41180         5.71
       4.035     0.850000        42432         6.67
       4.255     0.875000        43671         8.00
       4.395     0.887500        44297         8.89
       4.535     0.900000        44919        10.00
       4.699     0.912500        45547        11.43
       4.891     0.925000        46168        13.33
       5.103     0.937500        46789        16.00
       5.227     0.943750        47101        17.78
       5.371     0.950000        47409        20.00
       5.531     0.956250        47728        22.86
       5.695     0.962500        48036        26.67
       5.887     0.968750        48347        32.00
       5.999     0.971875        48501        35.56
       6.131     0.975000        48658        40.00
       6.263     0.978125        48813        45.71
       6.419     0.981250        48973        53.33
       6.615     0.984375        49125        64.00
       6.703     0.985938        49203        71.11
       6.819     0.987500        49282        80.00
       6.971     0.989062        49363        91.43
       7.071     0.990625        49437       106.67
       7.191     0.992188        49516       128.00
       7.267     0.992969        49554       142.22
       7.375     0.993750        49595       160.00
       7.459     0.994531        49633       182.86
       7.603     0.995313        49671       213.33
       7.727     0.996094        49710       256.00
       7.803     0.996484        49729       284.44
       7.911     0.996875        49750       320.00
       8.003     0.997266        49770       365.71
       8.147     0.997656        49789       426.67
       8.335     0.998047        49808       512.00
       8.439     0.998242        49818       568.89
       8.527     0.998437        49827       640.00
       8.671     0.998633        49837       731.43
       8.879     0.998828        49846       853.33
       9.111     0.999023        49856      1024.00
       9.319     0.999121        49861      1137.78
       9.463     0.999219        49866      1280.00
       9.511     0.999316        49870      1462.86
       9.815     0.999414        49875      1706.67
      10.767     0.999512        49880      2048.00
      10.815     0.999561        49883      2275.56
      11.055     0.999609        49885      2560.00
      11.255     0.999658        49887      2925.71
      11.431     0.999707        49890      3413.33
      11.823     0.999756        49892      4096.00
      12.023     0.999780        49894      4551.11
      12.359     0.999805        49895      5120.00
      14.903     0.999829        49896      5851.43
      14.935     0.999854        49897      6826.67
      15.239     0.999878        49898      8192.00
      15.631     0.999890        49899      9102.22
      15.799     0.999902        49900     10240.00
      15.799     0.999915        49900     11702.86
      19.295     0.999927        49901     13653.33
      19.295     0.999939        49901     16384.00
      19.359     0.999945        49902     18204.44
      19.359     0.999951        49902     20480.00
      19.359     0.999957        49902     23405.71
      19.455     0.999963        49903     27306.67
      19.455     0.999969        49903     32768.00
      19.455     0.999973        49903     36408.89
      19.455     0.999976        49903     40960.00
      19.455     0.999979        49903     46811.43
      23.855     0.999982        49904     54613.33
      23.855     1.000000        49904          inf
#[Mean    =        2.783, StdDeviation   =        1.278]
#[Max     =       23.840, Total count    =        49904]
#[Buckets =           27, SubBuckets     =         2048]
----------------------------------------------------------
  74375 requests in 30.00s, 30.90MB read
  Socket errors: connect 0, read 0, write 0, timeout 1
Requests/sec:   2479.08
Transfer/sec:      1.03MB
