No argument supplied nginx
using  args: threads=4 and connections=512 and duration=30 and requests=10000
Running 30s test @ http://localhost:8080
  4 threads and 512 connections
  Thread calibration: mean lat.: 3624.002ms, rate sampling interval: 13828ms
  Thread calibration: mean lat.: 3462.577ms, rate sampling interval: 12541ms
  Thread calibration: mean lat.: 3536.457ms, rate sampling interval: 13721ms
  Thread calibration: mean lat.: 3523.332ms, rate sampling interval: 13598ms
  Thread Stats   Avg      Stdev     99%   +/- Stdev
    Latency    15.25s     4.58s   23.59s    58.44%
    Req/Sec   535.25      5.07   542.00     50.00%
  Latency Distribution (HdrHistogram - Recorded Latency)
 50.000%   15.20s 
 75.000%   19.14s 
 90.000%   21.56s 
 99.000%   23.59s 
 99.900%   24.56s 
 99.990%   25.38s 
 99.999%   25.59s 
100.000%   25.59s 

  Detailed Percentile spectrum:
       Value   Percentile   TotalCount 1/(1-Percentile)

    5873.663     0.000000            1         1.00
    9011.199     0.100000         4240         1.11
   10526.719     0.200000         8446         1.25
   12099.583     0.300000        12672         1.43
   13656.063     0.400000        16880         1.67
   15204.351     0.500000        21099         2.00
   15958.015     0.550000        23194         2.22
   16744.447     0.600000        25302         2.50
   17530.879     0.650000        27415         2.86
   18333.695     0.700000        29518         3.33
   19136.511     0.750000        31631         4.00
   19546.111     0.775000        32709         4.44
   19955.711     0.800000        33766         5.00
   20365.311     0.825000        34796         5.71
   20774.911     0.850000        35885         6.67
   21184.511     0.875000        36939         8.00
   21364.735     0.887500        37446         8.89
   21561.343     0.900000        37972        10.00
   21774.335     0.912500        38487        11.43
   21987.327     0.925000        39006        13.33
   22216.703     0.937500        39537        16.00
   22331.391     0.943750        39798        17.78
   22478.847     0.950000        40080        20.00
   22593.535     0.956250        40323        22.86
   22740.991     0.962500        40607        26.67
   22888.447     0.968750        40864        32.00
   22970.367     0.971875        41003        35.56
   23052.287     0.975000        41113        40.00
   23150.591     0.978125        41259        45.71
   23248.895     0.981250        41392        53.33
   23363.583     0.984375        41517        64.00
   23412.735     0.985938        41578        71.11
   23494.655     0.987500        41652        80.00
   23560.191     0.989062        41713        91.43
   23625.727     0.990625        41770       106.67
   23740.415     0.992188        41849       128.00
   23773.183     0.992969        41872       142.22
   23822.335     0.993750        41900       160.00
   23904.255     0.994531        41940       182.86
   23969.791     0.995313        41971       213.33
   24035.327     0.996094        41998       256.00
   24084.479     0.996484        42014       284.44
   24133.631     0.996875        42033       320.00
   24199.167     0.997266        42048       365.71
   24264.703     0.997656        42064       426.67
   24313.855     0.998047        42085       512.00
   24330.239     0.998242        42088       568.89
   24412.159     0.998437        42098       640.00
   24444.927     0.998633        42107       731.43
   24461.311     0.998828        42113       853.33
   24575.999     0.999023        42123      1024.00
   24625.151     0.999121        42125      1137.78
   24674.303     0.999219        42132      1280.00
   24707.071     0.999316        42134      1462.86
   24805.375     0.999414        42138      1706.67
   24838.143     0.999512        42142      2048.00
   24870.911     0.999561        42144      2275.56
   24920.063     0.999609        42146      2560.00
   24969.215     0.999658        42148      2925.71
   25051.135     0.999707        42150      3413.33
   25149.439     0.999756        42152      4096.00
   25182.207     0.999780        42153      4551.11
   25214.975     0.999805        42154      5120.00
   25231.359     0.999829        42155      5851.43
   25247.743     0.999854        42156      6826.67
   25329.663     0.999878        42157      8192.00
   25378.815     0.999890        42158      9102.22
   25378.815     0.999902        42158     10240.00
   25411.583     0.999915        42159     11702.86
   25411.583     0.999927        42159     13653.33
   25427.967     0.999939        42160     16384.00
   25427.967     0.999945        42160     18204.44
   25427.967     0.999951        42160     20480.00
   25591.807     0.999957        42162     23405.71
   25591.807     1.000000        42162          inf
#[Mean    =    15249.199, StdDeviation   =     4578.865]
#[Max     =    25575.424, Total count    =        42162]
#[Buckets =           27, SubBuckets     =         2048]
----------------------------------------------------------
  64431 requests in 30.04s, 659.51MB read
  Non-2xx or 3xx responses: 64
Requests/sec:   2144.89
Transfer/sec:     21.96MB
