Using argument nginx
using  args: threads=4 and connections=512 and duration=30 and requests=1000
Running 30s test @ http://10.10.1.4:8080/wrk2-api/user-timeline/read
  4 threads and 512 connections
  Thread calibration: mean lat.: 2.550ms, rate sampling interval: 10ms
  Thread calibration: mean lat.: 2.429ms, rate sampling interval: 10ms
  Thread calibration: mean lat.: 2.433ms, rate sampling interval: 10ms
  Thread calibration: mean lat.: 2.481ms, rate sampling interval: 10ms
  Thread Stats   Avg      Stdev     99%   +/- Stdev
    Latency     2.29ms  420.83us   3.82ms   87.01%
    Req/Sec   264.75    166.06   700.00     74.75%
  Latency Distribution (HdrHistogram - Recorded Latency)
 50.000%    2.20ms
 75.000%    2.42ms
 90.000%    2.72ms
 99.000%    3.82ms
 99.900%    5.47ms
 99.990%   11.18ms
 99.999%   16.38ms
100.000%   16.38ms

  Detailed Percentile spectrum:
       Value   Percentile   TotalCount 1/(1-Percentile)

       1.711     0.000000            1         1.00
       1.945     0.100000         2001         1.11
       2.013     0.200000         3995         1.25
       2.075     0.300000         6008         1.43
       2.135     0.400000         8015         1.67
       2.199     0.500000         9980         2.00
       2.233     0.550000        10991         2.22
       2.275     0.600000        11964         2.50
       2.319     0.650000        12977         2.86
       2.367     0.700000        13965         3.33
       2.425     0.750000        14980         4.00
       2.457     0.775000        15475         4.44
       2.493     0.800000        15973         5.00
       2.533     0.825000        16451         5.71
       2.581     0.850000        16952         6.67
       2.645     0.875000        17445         8.00
       2.681     0.887500        17689         8.89
       2.719     0.900000        17942        10.00
       2.763     0.912500        18191        11.43
       2.823     0.925000        18438        13.33
       2.889     0.937500        18690        16.00
       2.927     0.943750        18815        17.78
       2.975     0.950000        18938        20.00
       3.035     0.956250        19060        22.86
       3.109     0.962500        19184        26.67
       3.203     0.968750        19314        32.00
       3.255     0.971875        19372        35.56
       3.319     0.975000        19433        40.00
       3.389     0.978125        19495        45.71
       3.455     0.981250        19557        53.33
       3.565     0.984375        19619        64.00
       3.615     0.985938        19650        71.11
       3.689     0.987500        19681        80.00
       3.773     0.989062        19713        91.43
       3.863     0.990625        19744       106.67
       3.971     0.992188        19775       128.00
       4.021     0.992969        19790       142.22
       4.089     0.993750        19806       160.00
       4.179     0.994531        19822       182.86
       4.303     0.995313        19837       213.33
       4.455     0.996094        19853       256.00
       4.519     0.996484        19860       284.44
       4.575     0.996875        19868       320.00
       4.627     0.997266        19876       365.71
       4.827     0.997656        19884       426.67
       4.911     0.998047        19892       512.00
       5.011     0.998242        19895       568.89
       5.163     0.998437        19899       640.00
       5.251     0.998633        19903       731.43
       5.363     0.998828        19907       853.33
       5.487     0.999023        19911      1024.00
       5.539     0.999121        19913      1137.78
       5.575     0.999219        19915      1280.00
       5.603     0.999316        19917      1462.86
       6.143     0.999414        19919      1706.67
       6.327     0.999512        19921      2048.00
       6.387     0.999561        19922      2275.56
       6.487     0.999609        19923      2560.00
       6.675     0.999658        19924      2925.71
       6.679     0.999707        19925      3413.33
       7.299     0.999756        19926      4096.00
       7.299     0.999780        19926      4551.11
       8.367     0.999805        19927      5120.00
       8.367     0.999829        19927      5851.43
      11.183     0.999854        19928      6826.67
      11.183     0.999878        19928      8192.00
      11.183     0.999890        19928      9102.22
      14.151     0.999902        19929     10240.00
      14.151     0.999915        19929     11702.86
      14.151     0.999927        19929     13653.33
      14.151     0.999939        19929     16384.00
      14.151     0.999945        19929     18204.44
      16.375     0.999951        19930     20480.00
      16.375     1.000000        19930          inf
#[Mean    =        2.294, StdDeviation   =        0.421]
#[Max     =       16.368, Total count    =        19930]
#[Buckets =           27, SubBuckets     =         2048]
----------------------------------------------------------
  29902 requests in 30.00s, 5.25MB read
  Socket errors: connect 0, read 0, write 0, timeout 133
Requests/sec:    996.69
Transfer/sec:    179.09KB
