Using argument nginx
using  args: threads=4 and connections=512 and duration=30 and requests=4000
Running 30s test @ http://10.10.1.4:5000
  4 threads and 512 connections
  Thread calibration: mean lat.: 20.367ms, rate sampling interval: 104ms
  Thread calibration: mean lat.: 22.628ms, rate sampling interval: 110ms
  Thread calibration: mean lat.: 20.346ms, rate sampling interval: 104ms
  Thread calibration: mean lat.: 20.418ms, rate sampling interval: 103ms
  Thread Stats   Avg      Stdev     99%   +/- Stdev
    Latency    26.74ms   32.85ms 152.96ms   87.56%
    Req/Sec     1.01k   130.59     1.34k    69.89%
  Latency Distribution (HdrHistogram - Recorded Latency)
 50.000%   15.37ms
 75.000%   38.24ms
 90.000%   67.01ms
 99.000%  152.96ms
 99.900%  249.09ms
 99.990%  345.60ms
 99.999%  417.79ms
100.000%  478.98ms

  Detailed Percentile spectrum:
       Value   Percentile   TotalCount 1/(1-Percentile)

       0.283     0.000000            1         1.00
       1.056     0.100000         7992         1.11
       2.281     0.200000        15972         1.25
       4.939     0.300000        23954         1.43
       9.239     0.400000        31939         1.67
      15.367     0.500000        39911         2.00
      19.055     0.550000        43909         2.22
      23.135     0.600000        47894         2.50
      27.647     0.650000        51900         2.86
      32.575     0.700000        55881         3.33
      38.239     0.750000        59872         4.00
      41.439     0.775000        61865         4.44
      44.991     0.800000        63871         5.00
      48.991     0.825000        65865         5.71
      53.791     0.850000        67849         6.67
      59.519     0.875000        69856         8.00
      63.199     0.887500        70846         8.89
      67.007     0.900000        71850        10.00
      71.295     0.912500        72838        11.43
      76.287     0.925000        73837        13.33
      82.495     0.937500        74840        16.00
      86.207     0.943750        75332        17.78
      90.495     0.950000        75836        20.00
      94.975     0.956250        76332        22.86
     100.095     0.962500        76835        26.67
     106.559     0.968750        77329        32.00
     110.399     0.971875        77577        35.56
     114.751     0.975000        77829        40.00
     119.743     0.978125        78075        45.71
     125.823     0.981250        78327        53.33
     133.247     0.984375        78579        64.00
     137.727     0.985938        78701        71.11
     142.719     0.987500        78826        80.00
     148.991     0.989062        78948        91.43
     155.903     0.990625        79074       106.67
     164.223     0.992188        79198       128.00
     169.087     0.992969        79260       142.22
     173.695     0.993750        79323       160.00
     178.687     0.994531        79385       182.86
     185.343     0.995313        79447       213.33
     192.639     0.996094        79510       256.00
     196.607     0.996484        79541       284.44
     200.959     0.996875        79573       320.00
     207.487     0.997266        79603       365.71
     214.143     0.997656        79634       426.67
     220.287     0.998047        79666       512.00
     223.871     0.998242        79681       568.89
     229.503     0.998437        79697       640.00
     238.591     0.998633        79712       731.43
     244.607     0.998828        79728       853.33
     250.367     0.999023        79744      1024.00
     254.591     0.999121        79751      1137.78
     260.223     0.999219        79759      1280.00
     266.495     0.999316        79768      1462.86
     273.151     0.999414        79775      1706.67
     277.503     0.999512        79783      2048.00
     279.039     0.999561        79786      2275.56
     281.087     0.999609        79790      2560.00
     286.207     0.999658        79794      2925.71
     292.095     0.999707        79799      3413.33
     295.935     0.999756        79802      4096.00
     314.879     0.999780        79804      4551.11
     322.559     0.999805        79806      5120.00
     323.583     0.999829        79808      5851.43
     331.519     0.999854        79810      6826.67
     340.991     0.999878        79812      8192.00
     345.599     0.999890        79814      9102.22
     345.599     0.999902        79814     10240.00
     350.719     0.999915        79815     11702.86
     353.023     0.999927        79816     13653.33
     372.223     0.999939        79817     16384.00
     372.223     0.999945        79817     18204.44
     396.031     0.999951        79818     20480.00
     396.031     0.999957        79818     23405.71
     402.943     0.999963        79819     27306.67
     402.943     0.999969        79819     32768.00
     402.943     0.999973        79819     36408.89
     417.791     0.999976        79820     40960.00
     417.791     0.999979        79820     46811.43
     417.791     0.999982        79820     54613.33
     417.791     0.999985        79820     65536.00
     417.791     0.999986        79820     72817.78
     478.975     0.999988        79821     81920.00
     478.975     1.000000        79821          inf
#[Mean    =       26.738, StdDeviation   =       32.852]
#[Max     =      478.720, Total count    =        79821]
#[Buckets =           27, SubBuckets     =         2048]
----------------------------------------------------------
  118884 requests in 30.01s, 49.13MB read
Requests/sec:   3961.92
Transfer/sec:      1.64MB
