Using argument nginx
using  args: threads=4 and connections=512 and duration=30 and requests=3000
Running 30s test @ http://10.10.1.4:8080/wrk2-api/user-timeline/read
  4 threads and 512 connections
  Thread calibration: mean lat.: 144.446ms, rate sampling interval: 1211ms
  Thread calibration: mean lat.: 141.544ms, rate sampling interval: 1217ms
  Thread calibration: mean lat.: 134.613ms, rate sampling interval: 1135ms
  Thread calibration: mean lat.: 133.978ms, rate sampling interval: 1137ms
  Thread Stats   Avg      Stdev     99%   +/- Stdev
    Latency   111.56ms  226.53ms 997.89ms   87.95%
    Req/Sec   750.47    122.11     0.92k    80.30%
  Latency Distribution (HdrHistogram - Recorded Latency)
 50.000%    5.99ms
 75.000%   92.67ms
 90.000%  418.30ms
 99.000%  997.89ms
 99.900%    1.32s 
 99.990%    1.58s 
 99.999%    1.69s 
100.000%    1.73s 

  Detailed Percentile spectrum:
       Value   Percentile   TotalCount 1/(1-Percentile)

       1.855     0.000000            1         1.00
       2.879     0.100000         5982         1.11
       3.333     0.200000        11945         1.25
       3.875     0.300000        17910         1.43
       4.663     0.400000        23868         1.67
       5.987     0.500000        29832         2.00
       7.187     0.550000        32808         2.22
       9.151     0.600000        35793         2.50
      14.311     0.650000        38774         2.86
      50.079     0.700000        41753         3.33
      92.671     0.750000        44737         4.00
     116.607     0.775000        46229         4.44
     150.655     0.800000        47724         5.00
     194.175     0.825000        49209         5.71
     250.879     0.850000        50701         6.67
     323.327     0.875000        52191         8.00
     368.895     0.887500        52937         8.89
     418.303     0.900000        53682        10.00
     477.439     0.912500        54427        11.43
     540.671     0.925000        55174        13.33
     616.447     0.937500        55920        16.00
     654.335     0.943750        56295        17.78
     689.663     0.950000        56666        20.00
     723.455     0.956250        57038        22.86
     754.687     0.962500        57412        26.67
     790.527     0.968750        57783        32.00
     809.471     0.971875        57972        35.56
     830.975     0.975000        58157        40.00
     855.551     0.978125        58342        45.71
     883.199     0.981250        58531        53.33
     917.503     0.984375        58717        64.00
     937.983     0.985938        58809        71.11
     958.463     0.987500        58904        80.00
     982.015     0.989062        58994        91.43
    1010.687     0.990625        59089       106.67
    1043.455     0.992188        59181       128.00
    1059.839     0.992969        59232       142.22
    1081.343     0.993750        59277       160.00
    1099.775     0.994531        59321       182.86
    1124.351     0.995313        59368       213.33
    1155.071     0.996094        59414       256.00
    1169.407     0.996484        59437       284.44
    1183.743     0.996875        59460       320.00
    1207.295     0.997266        59484       365.71
    1227.775     0.997656        59508       426.67
    1259.519     0.998047        59531       512.00
    1267.711     0.998242        59542       568.89
    1278.975     0.998437        59554       640.00
    1290.239     0.998633        59565       731.43
    1304.575     0.998828        59577       853.33
    1319.935     0.999023        59588      1024.00
    1336.319     0.999121        59595      1137.78
    1355.775     0.999219        59600      1280.00
    1375.231     0.999316        59606      1462.86
    1384.447     0.999414        59612      1706.67
    1405.951     0.999512        59617      2048.00
    1431.551     0.999561        59620      2275.56
    1442.815     0.999609        59623      2560.00
    1453.055     0.999658        59626      2925.71
    1477.631     0.999707        59629      3413.33
    1490.943     0.999756        59632      4096.00
    1499.135     0.999780        59633      4551.11
    1504.255     0.999805        59635      5120.00
    1515.519     0.999829        59636      5851.43
    1552.383     0.999854        59638      6826.67
    1555.455     0.999878        59639      8192.00
    1577.983     0.999890        59640      9102.22
    1618.943     0.999902        59641     10240.00
    1618.943     0.999915        59641     11702.86
    1630.207     0.999927        59642     13653.33
    1657.855     0.999939        59643     16384.00
    1657.855     0.999945        59643     18204.44
    1659.903     0.999951        59644     20480.00
    1659.903     0.999957        59644     23405.71
    1659.903     0.999963        59644     27306.67
    1694.719     0.999969        59645     32768.00
    1694.719     0.999973        59645     36408.89
    1694.719     0.999976        59645     40960.00
    1694.719     0.999979        59645     46811.43
    1694.719     0.999982        59645     54613.33
    1732.607     0.999985        59646     65536.00
    1732.607     1.000000        59646          inf
#[Mean    =      111.565, StdDeviation   =      226.533]
#[Max     =     1731.584, Total count    =        59646]
#[Buckets =           27, SubBuckets     =         2048]
----------------------------------------------------------
  89800 requests in 30.00s, 15.76MB read
Requests/sec:   2993.39
Transfer/sec:    537.88KB
