Using argument nginx
using  args: threads=4 and connections=512 and duration=30 and requests=5000
Running 30s test @ http://10.10.1.4:8080/wrk2-api/user-timeline/read
  4 threads and 512 connections
  Thread calibration: mean lat.: 1507.399ms, rate sampling interval: 6209ms
  Thread calibration: mean lat.: 1459.781ms, rate sampling interval: 6066ms
  Thread calibration: mean lat.: 1710.051ms, rate sampling interval: 6561ms
  Thread calibration: mean lat.: 1452.496ms, rate sampling interval: 6201ms
  Thread Stats   Avg      Stdev     99%   +/- Stdev
    Latency     7.29s     2.73s   13.12s    61.88%
    Req/Sec   723.33     38.70   779.00     58.33%
  Latency Distribution (HdrHistogram - Recorded Latency)
 50.000%    7.02s 
 75.000%    9.46s 
 90.000%   11.11s 
 99.000%   13.12s 
 99.900%   14.24s 
 99.990%   14.75s 
 99.999%   15.03s 
100.000%   15.04s 

  Detailed Percentile spectrum:
       Value   Percentile   TotalCount 1/(1-Percentile)

     958.975     0.000000            1         1.00
    3842.047     0.100000         5755         1.11
    4665.343     0.200000        11518         1.25
    5410.815     0.300000        17249         1.43
    6180.863     0.400000        22998         1.67
    7024.639     0.500000        28730         2.00
    7495.679     0.550000        31610         2.22
    7974.911     0.600000        34475         2.50
    8462.335     0.650000        37371         2.86
    8962.047     0.700000        40218         3.33
    9461.759     0.750000        43121         4.00
    9707.519     0.775000        44535         4.44
    9961.471     0.800000        45964         5.00
   10231.807     0.825000        47428         5.71
   10502.143     0.850000        48855         6.67
   10788.863     0.875000        50306         8.00
   10944.511     0.887500        50996         8.89
   11108.351     0.900000        51717        10.00
   11280.383     0.912500        52447        11.43
   11468.799     0.925000        53164        13.33
   11673.599     0.937500        53886        16.00
   11788.287     0.943750        54240        17.78
   11911.167     0.950000        54586        20.00
   12042.239     0.956250        54948        22.86
   12189.695     0.962500        55309        26.67
   12353.535     0.968750        55669        32.00
   12443.647     0.971875        55845        35.56
   12533.759     0.975000        56034        40.00
   12632.063     0.978125        56206        45.71
   12738.559     0.981250        56379        53.33
   12861.439     0.984375        56561        64.00
   12926.975     0.985938        56655        71.11
   13000.703     0.987500        56746        80.00
   13066.239     0.989062        56826        91.43
   13180.927     0.990625        56922       106.67
   13279.231     0.992188        57012       128.00
   13336.575     0.992969        57051       142.22
   13402.111     0.993750        57096       160.00
   13475.839     0.994531        57140       182.86
   13574.143     0.995313        57186       213.33
   13672.447     0.996094        57230       256.00
   13713.407     0.996484        57253       284.44
   13778.943     0.996875        57277       320.00
   13836.287     0.997266        57301       365.71
   13877.247     0.997656        57320       426.67
   13942.783     0.998047        57343       512.00
   13991.935     0.998242        57354       568.89
   14049.279     0.998437        57366       640.00
   14098.431     0.998633        57377       731.43
   14180.351     0.998828        57387       853.33
   14237.695     0.999023        57398      1024.00
   14270.463     0.999121        57405      1137.78
   14311.423     0.999219        57410      1280.00
   14352.383     0.999316        57416      1462.86
   14376.959     0.999414        57421      1706.67
   14434.303     0.999512        57427      2048.00
   14467.071     0.999561        57429      2275.56
   14483.455     0.999609        57432      2560.00
   14508.031     0.999658        57436      2925.71
   14565.375     0.999707        57438      3413.33
   14589.951     0.999756        57440      4096.00
   14630.911     0.999780        57442      4551.11
   14655.487     0.999805        57443      5120.00
   14696.447     0.999829        57446      5851.43
   14696.447     0.999854        57446      6826.67
   14729.215     0.999878        57447      8192.00
   14753.791     0.999890        57448      9102.22
   14761.983     0.999902        57449     10240.00
   14778.367     0.999915        57450     11702.86
   14778.367     0.999927        57450     13653.33
   14794.751     0.999939        57451     16384.00
   14794.751     0.999945        57451     18204.44
   14876.671     0.999951        57452     20480.00
   14876.671     0.999957        57452     23405.71
   14876.671     0.999963        57452     27306.67
   15032.319     0.999969        57453     32768.00
   15032.319     0.999973        57453     36408.89
   15032.319     0.999976        57453     40960.00
   15032.319     0.999979        57453     46811.43
   15032.319     0.999982        57453     54613.33
   15040.511     0.999985        57454     65536.00
   15040.511     1.000000        57454          inf
#[Mean    =     7286.983, StdDeviation   =     2727.057]
#[Max     =    15032.320, Total count    =        57454]
#[Buckets =           27, SubBuckets     =         2048]
----------------------------------------------------------
  89386 requests in 30.00s, 15.69MB read
Requests/sec:   2979.69
Transfer/sec:    535.41KB
