Using argument nginx
using  args: threads=4 and connections=512 and duration=30 and requests=3000
Running 30s test @ http://10.10.1.6:8080
  4 threads and 512 connections
  Thread calibration: mean lat.: 4.986ms, rate sampling interval: 14ms
  Thread calibration: mean lat.: 4.993ms, rate sampling interval: 14ms
  Thread calibration: mean lat.: 4.968ms, rate sampling interval: 14ms
  Thread calibration: mean lat.: 5.012ms, rate sampling interval: 14ms
  Thread Stats   Avg      Stdev     99%   +/- Stdev
    Latency     5.01ms    1.64ms  10.22ms   75.59%
    Req/Sec   778.94    239.26     1.38k    67.84%
  Latency Distribution (HdrHistogram - Recorded Latency)
 50.000%    4.71ms
 75.000%    5.88ms
 90.000%    7.09ms
 99.000%   10.22ms
 99.900%   13.48ms
 99.990%   15.94ms
 99.999%   20.66ms
100.000%   21.01ms

  Detailed Percentile spectrum:
       Value   Percentile   TotalCount 1/(1-Percentile)

       0.508     0.000000            2         1.00
       3.349     0.100000         5979         1.11
       3.757     0.200000        11958         1.25
       4.053     0.300000        17952         1.43
       4.355     0.400000        23915         1.67
       4.707     0.500000        29886         2.00
       4.915     0.550000        32885         2.22
       5.135     0.600000        35868         2.50
       5.367     0.650000        38814         2.86
       5.611     0.700000        41805         3.33
       5.879     0.750000        44793         4.00
       6.023     0.775000        46281         4.44
       6.179     0.800000        47776         5.00
       6.363     0.825000        49293         5.71
       6.563     0.850000        50749         6.67
       6.807     0.875000        52262         8.00
       6.939     0.887500        52992         8.89
       7.087     0.900000        53739        10.00
       7.255     0.912500        54500        11.43
       7.451     0.925000        55235        13.33
       7.711     0.937500        55983        16.00
       7.859     0.943750        56348        17.78
       8.027     0.950000        56725        20.00
       8.215     0.956250        57096        22.86
       8.431     0.962500        57479        26.67
       8.679     0.968750        57854        32.00
       8.815     0.971875        58027        35.56
       8.967     0.975000        58214        40.00
       9.159     0.978125        58401        45.71
       9.367     0.981250        58590        53.33
       9.615     0.984375        58776        64.00
       9.759     0.985938        58867        71.11
       9.911     0.987500        58960        80.00
      10.087     0.989062        59054        91.43
      10.287     0.990625        59148       106.67
      10.519     0.992188        59238       128.00
      10.663     0.992969        59285       142.22
      10.799     0.993750        59333       160.00
      10.991     0.994531        59378       182.86
      11.183     0.995313        59427       213.33
      11.471     0.996094        59471       256.00
      11.599     0.996484        59495       284.44
      11.751     0.996875        59519       320.00
      11.935     0.997266        59541       365.71
      12.087     0.997656        59565       426.67
      12.367     0.998047        59588       512.00
      12.535     0.998242        59600       568.89
      12.791     0.998437        59611       640.00
      12.903     0.998633        59623       731.43
      13.191     0.998828        59635       853.33
      13.543     0.999023        59646      1024.00
      13.815     0.999121        59652      1137.78
      13.919     0.999219        59658      1280.00
      14.119     0.999316        59664      1462.86
      14.319     0.999414        59670      1706.67
      14.559     0.999512        59675      2048.00
      14.719     0.999561        59678      2275.56
      14.791     0.999609        59681      2560.00
      14.919     0.999658        59684      2925.71
      15.031     0.999707        59687      3413.33
      15.367     0.999756        59690      4096.00
      15.447     0.999780        59691      4551.11
      15.567     0.999805        59693      5120.00
      15.583     0.999829        59694      5851.43
      15.871     0.999854        59696      6826.67
      15.911     0.999878        59697      8192.00
      15.935     0.999890        59698      9102.22
      16.199     0.999902        59699     10240.00
      16.199     0.999915        59699     11702.86
      16.303     0.999927        59700     13653.33
      16.399     0.999939        59701     16384.00
      16.399     0.999945        59701     18204.44
      16.527     0.999951        59702     20480.00
      16.527     0.999957        59702     23405.71
      16.527     0.999963        59702     27306.67
      20.655     0.999969        59703     32768.00
      20.655     0.999973        59703     36408.89
      20.655     0.999976        59703     40960.00
      20.655     0.999979        59703     46811.43
      20.655     0.999982        59703     54613.33
      21.007     0.999985        59704     65536.00
      21.007     1.000000        59704          inf
#[Mean    =        5.009, StdDeviation   =        1.640]
#[Max     =       20.992, Total count    =        59704]
#[Buckets =           27, SubBuckets     =         2048]
----------------------------------------------------------
  89117 requests in 30.00s, 1.09GB read
  Socket errors: connect 0, read 0, write 0, timeout 1
Requests/sec:   2970.47
Transfer/sec:     37.08MB
