Using argument nginx
using  args: threads=4 and connections=512 and duration=30 and requests=4000
Running 30s test @ http://10.10.1.6:8080
  4 threads and 512 connections
  Thread calibration: mean lat.: 5.690ms, rate sampling interval: 16ms
  Thread calibration: mean lat.: 5.759ms, rate sampling interval: 16ms
  Thread calibration: mean lat.: 5.740ms, rate sampling interval: 16ms
  Thread calibration: mean lat.: 5.702ms, rate sampling interval: 16ms
  Thread Stats   Avg      Stdev     99%   +/- Stdev
    Latency     5.65ms    2.13ms  12.79ms   77.15%
    Req/Sec     1.04k   259.58     1.69k    68.18%
  Latency Distribution (HdrHistogram - Recorded Latency)
 50.000%    5.25ms
 75.000%    6.66ms
 90.000%    8.32ms
 99.000%   12.79ms
 99.900%   17.74ms
 99.990%   22.64ms
 99.999%   26.64ms
100.000%   26.96ms

  Detailed Percentile spectrum:
       Value   Percentile   TotalCount 1/(1-Percentile)

       0.475     0.000000            1         1.00
       3.549     0.100000         7984         1.11
       4.017     0.200000        15978         1.25
       4.407     0.300000        23996         1.43
       4.803     0.400000        31962         1.67
       5.247     0.500000        39957         2.00
       5.487     0.550000        43907         2.22
       5.755     0.600000        47907         2.50
       6.027     0.650000        51896         2.86
       6.323     0.700000        55880         3.33
       6.659     0.750000        59874         4.00
       6.847     0.775000        61883         4.44
       7.063     0.800000        63876         5.00
       7.295     0.825000        65845         5.71
       7.567     0.850000        67859         6.67
       7.899     0.875000        69837         8.00
       8.099     0.887500        70854         8.89
       8.319     0.900000        71831        10.00
       8.567     0.912500        72858        11.43
       8.847     0.925000        73834        13.33
       9.175     0.937500        74834        16.00
       9.383     0.943750        75332        17.78
       9.607     0.950000        75827        20.00
       9.863     0.956250        76321        22.86
      10.151     0.962500        76825        26.67
      10.495     0.968750        77324        32.00
      10.687     0.971875        77575        35.56
      10.927     0.975000        77817        40.00
      11.175     0.978125        78069        45.71
      11.455     0.981250        78318        53.33
      11.815     0.984375        78570        64.00
      12.031     0.985938        78693        71.11
      12.255     0.987500        78818        80.00
      12.591     0.989062        78941        91.43
      12.951     0.990625        79065       106.67
      13.351     0.992188        79190       128.00
      13.535     0.992969        79251       142.22
      13.791     0.993750        79315       160.00
      14.111     0.994531        79376       182.86
      14.391     0.995313        79439       213.33
      14.735     0.996094        79502       256.00
      14.959     0.996484        79533       284.44
      15.151     0.996875        79563       320.00
      15.447     0.997266        79594       365.71
      15.791     0.997656        79625       426.67
      16.127     0.998047        79657       512.00
      16.447     0.998242        79672       568.89
      16.735     0.998437        79688       640.00
      17.007     0.998633        79703       731.43
      17.311     0.998828        79719       853.33
      18.031     0.999023        79735      1024.00
      18.271     0.999121        79743      1137.78
      18.495     0.999219        79751      1280.00
      18.703     0.999316        79758      1462.86
      19.103     0.999414        79766      1706.67
      19.759     0.999512        79774      2048.00
      19.967     0.999561        79777      2275.56
      20.063     0.999609        79781      2560.00
      20.287     0.999658        79786      2925.71
      20.671     0.999707        79789      3413.33
      21.151     0.999756        79793      4096.00
      21.727     0.999780        79795      4551.11
      22.063     0.999805        79797      5120.00
      22.175     0.999829        79799      5851.43
      22.351     0.999854        79801      6826.67
      22.527     0.999878        79803      8192.00
      22.639     0.999890        79804      9102.22
      22.879     0.999902        79805     10240.00
      23.103     0.999915        79806     11702.86
      24.015     0.999927        79807     13653.33
      24.095     0.999939        79808     16384.00
      24.095     0.999945        79808     18204.44
      25.119     0.999951        79809     20480.00
      25.119     0.999957        79809     23405.71
      25.247     0.999963        79810     27306.67
      25.247     0.999969        79810     32768.00
      25.247     0.999973        79810     36408.89
      26.639     0.999976        79811     40960.00
      26.639     0.999979        79811     46811.43
      26.639     0.999982        79811     54613.33
      26.639     0.999985        79811     65536.00
      26.639     0.999986        79811     72817.78
      26.959     0.999988        79812     81920.00
      26.959     1.000000        79812          inf
#[Mean    =        5.652, StdDeviation   =        2.130]
#[Max     =       26.944, Total count    =        79812]
#[Buckets =           27, SubBuckets     =         2048]
----------------------------------------------------------
  118927 requests in 30.00s, 1.45GB read
Requests/sec:   3963.96
Transfer/sec:     49.52MB
