Using argument nginx
using  args: threads=4 and connections=512 and duration=30 and requests=15000
Running 30s test @ http://10.10.1.6:8080
  4 threads and 512 connections
  Thread calibration: mean lat.: 1570.116ms, rate sampling interval: 7831ms
  Thread calibration: mean lat.: 1726.766ms, rate sampling interval: 8355ms
  Thread calibration: mean lat.: 1651.645ms, rate sampling interval: 7970ms
  Thread calibration: mean lat.: 1742.865ms, rate sampling interval: 7946ms
  Thread Stats   Avg      Stdev     99%   +/- Stdev
    Latency     7.50s     3.81s   17.71s    68.45%
    Req/Sec     2.17k    68.59     2.29k    50.00%
  Latency Distribution (HdrHistogram - Recorded Latency)
 50.000%    6.93s 
 75.000%    9.85s 
 90.000%   12.83s 
 99.000%   17.71s 
 99.900%   20.17s 
 99.990%   21.09s 
 99.999%   21.43s 
100.000%   21.45s 

  Detailed Percentile spectrum:
       Value   Percentile   TotalCount 1/(1-Percentile)

       3.745     0.000000            1         1.00
    3033.087     0.100000        17296         1.11
    4132.863     0.200000        34586         1.25
    5128.191     0.300000        51914         1.43
    6004.735     0.400000        69196         1.67
    6934.527     0.500000        86439         2.00
    7467.007     0.550000        95098         2.22
    7999.487     0.600000       103721         2.50
    8593.407     0.650000       112339         2.86
    9215.999     0.700000       121010         3.33
    9846.783     0.750000       129696         4.00
   10199.039     0.775000       133946         4.44
   10575.871     0.800000       138301         5.00
   11010.047     0.825000       142642         5.71
   11526.143     0.850000       146930         6.67
   12156.927     0.875000       151237         8.00
   12476.415     0.887500       153380         8.89
   12828.671     0.900000       155556        10.00
   13205.503     0.912500       157713        11.43
   13680.639     0.925000       159853        13.33
   14221.311     0.937500       162035        16.00
   14532.607     0.943750       163103        17.78
   14827.519     0.950000       164184        20.00
   15130.623     0.956250       165278        22.86
   15450.111     0.962500       166333        26.67
   15794.175     0.968750       167418        32.00
   15982.591     0.971875       167969        35.56
   16195.583     0.975000       168500        40.00
   16424.959     0.978125       169032        45.71
   16719.871     0.981250       169574        53.33
   17055.743     0.984375       170118        64.00
   17285.119     0.985938       170406        71.11
   17448.959     0.987500       170668        80.00
   17612.799     0.989062       170944        91.43
   17793.023     0.990625       171205       106.67
   18071.551     0.992188       171468       128.00
   18219.007     0.992969       171598       142.22
   18399.231     0.993750       171735       160.00
   18579.455     0.994531       171874       182.86
   18776.063     0.995313       172011       213.33
   18989.055     0.996094       172140       256.00
   19103.743     0.996484       172205       284.44
   19234.815     0.996875       172278       320.00
   19415.039     0.997266       172347       365.71
   19562.495     0.997656       172410       426.67
   19742.719     0.998047       172475       512.00
   19824.639     0.998242       172514       568.89
   19906.559     0.998437       172548       640.00
   19988.479     0.998633       172584       731.43
   20086.783     0.998828       172613       853.33
   20201.471     0.999023       172646      1024.00
   20267.007     0.999121       172667      1137.78
   20299.775     0.999219       172677      1280.00
   20348.927     0.999316       172695      1462.86
   20414.463     0.999414       172715      1706.67
   20496.383     0.999512       172728      2048.00
   20529.151     0.999561       172738      2275.56
   20578.303     0.999609       172747      2560.00
   20627.455     0.999658       172754      2925.71
   20742.143     0.999707       172762      3413.33
   20840.447     0.999756       172773      4096.00
   20889.599     0.999780       172776      4551.11
   20938.751     0.999805       172782      5120.00
   20955.135     0.999829       172783      5851.43
   21004.287     0.999854       172788      6826.67
   21037.055     0.999878       172792      8192.00
   21069.823     0.999890       172794      9102.22
   21118.975     0.999902       172796     10240.00
   21168.127     0.999915       172800     11702.86
   21168.127     0.999927       172800     13653.33
   21184.511     0.999939       172802     16384.00
   21233.663     0.999945       172803     18204.44
   21282.815     0.999951       172804     20480.00
   21299.199     0.999957       172805     23405.71
   21315.583     0.999963       172806     27306.67
   21331.967     0.999969       172807     32768.00
   21364.735     0.999973       172808     36408.89
   21364.735     0.999976       172808     40960.00
   21413.887     0.999979       172809     46811.43
   21413.887     0.999982       172809     54613.33
   21430.271     0.999985       172810     65536.00
   21430.271     0.999986       172810     72817.78
   21430.271     0.999988       172810     81920.00
   21446.655     0.999989       172812     93622.86
   21446.655     1.000000       172812          inf
#[Mean    =     7496.610, StdDeviation   =     3806.082]
#[Max     =    21430.272, Total count    =       172812]
#[Buckets =           27, SubBuckets     =         2048]
----------------------------------------------------------
  260701 requests in 30.00s, 3.18GB read
  Socket errors: connect 0, read 0, write 0, timeout 12
Requests/sec:   8690.16
Transfer/sec:    108.44MB
