Using argument nginx
using  args: threads=4 and connections=512 and duration=30 and requests=12000
Running 30s test @ http://10.10.1.4:5000
  4 threads and 512 connections
  Thread calibration: mean lat.: 2911.217ms, rate sampling interval: 10911ms
  Thread calibration: mean lat.: 2851.732ms, rate sampling interval: 10223ms
  Thread calibration: mean lat.: 2909.641ms, rate sampling interval: 10928ms
  Thread calibration: mean lat.: 2967.171ms, rate sampling interval: 10903ms
  Thread Stats   Avg      Stdev     99%   +/- Stdev
    Latency    12.15s     3.62s   18.94s    59.25%
    Req/Sec     1.14k    12.34     1.16k    50.00%
  Latency Distribution (HdrHistogram - Recorded Latency)
 50.000%   12.12s 
 75.000%   15.21s 
 90.000%   17.07s 
 99.000%   18.94s 
 99.900%   20.20s 
 99.990%   20.96s 
 99.999%   21.09s 
100.000%   21.18s 

  Detailed Percentile spectrum:
       Value   Percentile   TotalCount 1/(1-Percentile)

    4579.327     0.000000            2         1.00
    7184.383     0.100000         9071         1.11
    8462.335     0.200000        18189         1.25
    9707.519     0.300000        27200         1.43
   10903.551     0.400000        36256         1.67
   12124.159     0.500000        45334         2.00
   12763.135     0.550000        49855         2.22
   13377.535     0.600000        54412         2.50
   13983.743     0.650000        58959         2.86
   14606.335     0.700000        63449         3.33
   15212.543     0.750000        68013         4.00
   15499.263     0.775000        70290         4.44
   15802.367     0.800000        72574         5.00
   16089.087     0.825000        74820         5.71
   16400.383     0.850000        77047         6.67
   16719.871     0.875000        79312         8.00
   16891.903     0.887500        80445         8.89
   17072.127     0.900000        81640        10.00
   17235.967     0.912500        82764        11.43
   17416.191     0.925000        83854        13.33
   17629.183     0.937500        85035        16.00
   17743.871     0.943750        85615        17.78
   17842.175     0.950000        86111        20.00
   17973.247     0.956250        86739        22.86
   18087.935     0.962500        87262        26.67
   18251.775     0.968750        87863        32.00
   18317.311     0.971875        88122        35.56
   18399.231     0.975000        88402        40.00
   18497.535     0.978125        88679        45.71
   18595.839     0.981250        88977        53.33
   18694.143     0.984375        89235        64.00
   18759.679     0.985938        89378        71.11
   18825.215     0.987500        89512        80.00
   18890.751     0.989062        89661        91.43
   18972.671     0.990625        89809       106.67
   19070.975     0.992188        89950       128.00
   19120.127     0.992969        90012       142.22
   19185.663     0.993750        90082       160.00
   19234.815     0.994531        90144       182.86
   19316.735     0.995313        90219       213.33
   19398.655     0.996094        90285       256.00
   19464.191     0.996484        90325       284.44
   19513.343     0.996875        90359       320.00
   19595.263     0.997266        90399       365.71
   19677.183     0.997656        90431       426.67
   19791.871     0.998047        90466       512.00
   19857.407     0.998242        90482       568.89
   19939.327     0.998437        90499       640.00
   20004.863     0.998633        90517       731.43
   20119.551     0.998828        90536       853.33
   20217.855     0.999023        90555      1024.00
   20250.623     0.999121        90562      1137.78
   20316.159     0.999219        90570      1280.00
   20365.311     0.999316        90581      1462.86
   20398.079     0.999414        90586      1706.67
   20529.151     0.999512        90596      2048.00
   20578.303     0.999561        90603      2275.56
   20594.687     0.999609        90606      2560.00
   20643.839     0.999658        90611      2925.71
   20692.991     0.999707        90614      3413.33
   20725.759     0.999756        90617      4096.00
   20758.527     0.999780        90620      4551.11
   20824.063     0.999805        90622      5120.00
   20856.831     0.999829        90624      5851.43
   20905.983     0.999854        90626      6826.67
   20938.751     0.999878        90629      8192.00
   20955.135     0.999890        90630      9102.22
   20987.903     0.999902        90631     10240.00
   21004.287     0.999915        90632     11702.86
   21020.671     0.999927        90633     13653.33
   21037.055     0.999939        90634     16384.00
   21053.439     0.999945        90636     18204.44
   21053.439     0.999951        90636     20480.00
   21053.439     0.999957        90636     23405.71
   21053.439     0.999963        90636     27306.67
   21069.823     0.999969        90637     32768.00
   21069.823     0.999973        90637     36408.89
   21069.823     0.999976        90637     40960.00
   21086.207     0.999979        90638     46811.43
   21086.207     0.999982        90638     54613.33
   21086.207     0.999985        90638     65536.00
   21086.207     0.999986        90638     72817.78
   21086.207     0.999988        90638     81920.00
   21184.511     0.999989        90639     93622.86
   21184.511     1.000000        90639          inf
#[Mean    =    12149.955, StdDeviation   =     3624.912]
#[Max     =    21168.128, Total count    =        90639]
#[Buckets =           27, SubBuckets     =         2048]
----------------------------------------------------------
  136290 requests in 30.01s, 56.37MB read
Requests/sec:   4541.51
Transfer/sec:      1.88MB
