Using argument nginx
using  args: threads=4 and connections=512 and duration=30 and requests=18000
Running 30s test @ http://10.10.1.4:5000
  4 threads and 512 connections
  Thread calibration: mean lat.: 3562.269ms, rate sampling interval: 13262ms
  Thread calibration: mean lat.: 3571.868ms, rate sampling interval: 13271ms
  Thread calibration: mean lat.: 3426.651ms, rate sampling interval: 12230ms
  Thread calibration: mean lat.: 3544.451ms, rate sampling interval: 13295ms
  Thread Stats   Avg      Stdev     99%   +/- Stdev
    Latency    14.64s     4.34s   22.33s    58.30%
    Req/Sec     1.14k     6.84     1.15k    75.00%
  Latency Distribution (HdrHistogram - Recorded Latency)
 50.000%   14.61s 
 75.000%   18.38s 
 90.000%   20.63s 
 99.000%   22.33s 
 99.900%   23.12s 
 99.990%   23.54s 
 99.999%   23.71s 
100.000%   23.72s 

  Detailed Percentile spectrum:
       Value   Percentile   TotalCount 1/(1-Percentile)

    5840.895     0.000000            1         1.00
    8691.711     0.100000         9133         1.11
   10174.463     0.200000        18195         1.25
   11649.023     0.300000        27277         1.43
   13074.431     0.400000        36355         1.67
   14614.527     0.500000        45463         2.00
   15343.615     0.550000        49989         2.22
   16097.279     0.600000        54553         2.50
   16891.903     0.650000        59139         2.86
   17661.951     0.700000        63724         3.33
   18382.847     0.750000        68161         4.00
   18743.295     0.775000        70437         4.44
   19120.127     0.800000        72748         5.00
   19496.959     0.825000        74988         5.71
   19873.791     0.850000        77271         6.67
   20250.623     0.875000        79531         8.00
   20447.231     0.887500        80680         8.89
   20643.839     0.900000        81901        10.00
   20824.063     0.912500        82979        11.43
   21020.671     0.925000        84145        13.33
   21217.279     0.937500        85288        16.00
   21315.583     0.943750        85844        17.78
   21413.887     0.950000        86378        20.00
   21528.575     0.956250        86966        22.86
   21643.263     0.962500        87534        26.67
   21757.951     0.968750        88060        32.00
   21823.487     0.971875        88325        35.56
   21905.407     0.975000        88657        40.00
   21970.943     0.978125        88910        45.71
   22052.863     0.981250        89205        53.33
   22134.783     0.984375        89471        64.00
   22200.319     0.985938        89649        71.11
   22249.471     0.987500        89788        80.00
   22298.623     0.989062        89889        91.43
   22364.159     0.990625        90033       106.67
   22446.079     0.992188        90171       128.00
   22495.231     0.992969        90248       142.22
   22544.383     0.993750        90314       160.00
   22609.919     0.994531        90403       182.86
   22675.455     0.995313        90473       213.33
   22740.991     0.996094        90532       256.00
   22773.759     0.996484        90568       284.44
   22806.527     0.996875        90607       320.00
   22839.295     0.997266        90638       365.71
   22888.447     0.997656        90675       426.67
   22937.599     0.998047        90714       512.00
   22970.367     0.998242        90724       568.89
   23003.135     0.998437        90739       640.00
   23035.903     0.998633        90759       731.43
   23068.671     0.998828        90777       853.33
   23117.823     0.999023        90796      1024.00
   23134.207     0.999121        90809      1137.78
   23134.207     0.999219        90809      1280.00
   23166.975     0.999316        90818      1462.86
   23248.895     0.999414        90827      1706.67
   23281.663     0.999512        90839      2048.00
   23298.047     0.999561        90843      2275.56
   23314.431     0.999609        90847      2560.00
   23330.815     0.999658        90851      2925.71
   23363.583     0.999707        90853      3413.33
   23445.503     0.999756        90857      4096.00
   23461.887     0.999780        90860      4551.11
   23478.271     0.999805        90862      5120.00
   23494.655     0.999829        90864      5851.43
   23527.423     0.999854        90869      6826.67
   23527.423     0.999878        90869      8192.00
   23543.807     0.999890        90870      9102.22
   23560.191     0.999902        90872     10240.00
   23560.191     0.999915        90872     11702.86
   23576.575     0.999927        90874     13653.33
   23576.575     0.999939        90874     16384.00
   23592.959     0.999945        90875     18204.44
   23592.959     0.999951        90875     20480.00
   23658.495     0.999957        90876     23405.71
   23658.495     0.999963        90876     27306.67
   23691.263     0.999969        90877     32768.00
   23691.263     0.999973        90877     36408.89
   23691.263     0.999976        90877     40960.00
   23707.647     0.999979        90878     46811.43
   23707.647     0.999982        90878     54613.33
   23707.647     0.999985        90878     65536.00
   23707.647     0.999986        90878     72817.78
   23707.647     0.999988        90878     81920.00
   23724.031     0.999989        90879     93622.86
   23724.031     1.000000        90879          inf
#[Mean    =    14638.211, StdDeviation   =     4343.528]
#[Max     =    23707.648, Total count    =        90879]
#[Buckets =           27, SubBuckets     =         2048]
----------------------------------------------------------
  137446 requests in 30.02s, 56.88MB read
Requests/sec:   4579.13
Transfer/sec:      1.90MB
