Using argument nginx
using  args: threads=4 and connections=512 and duration=30 and requests=15000
Running 30s test @ http://10.10.1.2:8080
  4 threads and 512 connections
  Thread calibration: mean lat.: 102.668ms, rate sampling interval: 667ms
  Thread calibration: mean lat.: 103.115ms, rate sampling interval: 671ms
  Thread calibration: mean lat.: 103.567ms, rate sampling interval: 666ms
  Thread calibration: mean lat.: 112.940ms, rate sampling interval: 712ms
  Thread Stats   Avg      Stdev     99%   +/- Stdev
    Latency   774.95ms    1.03s    5.62s    90.63%
    Req/Sec     3.57k   229.62     3.99k    65.79%
  Latency Distribution (HdrHistogram - Recorded Latency)
 50.000%  470.78ms
 75.000%    1.00s 
 90.000%    1.75s 
 99.000%    5.62s 
 99.900%    7.61s 
 99.990%    8.28s 
 99.999%    8.46s 
100.000%    8.50s 

  Detailed Percentile spectrum:
       Value   Percentile   TotalCount 1/(1-Percentile)

       0.277     0.000000            1         1.00
       0.609     0.100000        28361         1.11
      82.495     0.200000        56681         1.25
     222.719     0.300000        85022         1.43
     324.095     0.400000       113354         1.67
     470.783     0.500000       141683         2.00
     548.351     0.550000       155892         2.22
     638.463     0.600000       170055         2.50
     740.351     0.650000       184218         2.86
     859.135     0.700000       198349         3.33
    1003.519     0.750000       212503         4.00
    1088.511     0.775000       219589         4.44
    1182.719     0.800000       226702         5.00
    1290.239     0.825000       233764         5.71
    1411.071     0.850000       240844         6.67
    1556.479     0.875000       247951         8.00
    1645.567     0.887500       251463         8.89
    1748.991     0.900000       255015        10.00
    1868.799     0.912500       258562        11.43
    2012.159     0.925000       262102        13.33
    2201.599     0.937500       265643        16.00
    2320.383     0.943750       267426        17.78
    2469.887     0.950000       269183        20.00
    2672.639     0.956250       270947        22.86
    2942.975     0.962500       272719        26.67
    3409.919     0.968750       274482        32.00
    3719.167     0.971875       275374        35.56
    4130.815     0.975000       276255        40.00
    4571.135     0.978125       277141        45.71
    4853.759     0.981250       278040        53.33
    5099.519     0.984375       278913        64.00
    5242.879     0.985938       279360        71.11
    5378.047     0.987500       279795        80.00
    5521.407     0.989062       280247        91.43
    5681.151     0.990625       280694       106.67
    5836.799     0.992188       281124       128.00
    5922.815     0.992969       281355       142.22
    6017.023     0.993750       281569       160.00
    6156.287     0.994531       281792       182.86
    6320.127     0.995313       282010       213.33
    6524.927     0.996094       282230       256.00
    6623.231     0.996484       282340       284.44
    6733.823     0.996875       282452       320.00
    6864.895     0.997266       282563       365.71
    7041.023     0.997656       282672       426.67
    7229.439     0.998047       282785       512.00
    7294.975     0.998242       282841       568.89
    7376.895     0.998437       282895       640.00
    7450.623     0.998633       282950       731.43
    7532.543     0.998828       283004       853.33
    7614.463     0.999023       283060      1024.00
    7675.903     0.999121       283088      1137.78
    7720.959     0.999219       283116      1280.00
    7786.495     0.999316       283145      1462.86
    7872.511     0.999414       283170      1706.67
    7950.335     0.999512       283198      2048.00
    8003.583     0.999561       283214      2275.56
    8044.543     0.999609       283226      2560.00
    8073.215     0.999658       283243      2925.71
    8105.983     0.999707       283256      3413.33
    8142.847     0.999756       283267      4096.00
    8167.423     0.999780       283274      4551.11
    8191.999     0.999805       283281      5120.00
    8204.287     0.999829       283288      5851.43
    8224.767     0.999854       283295      6826.67
    8245.247     0.999878       283303      8192.00
    8257.535     0.999890       283307      9102.22
    8282.111     0.999902       283309     10240.00
    8298.495     0.999915       283313     11702.86
    8306.687     0.999927       283317     13653.33
    8339.455     0.999939       283319     16384.00
    8343.551     0.999945       283322     18204.44
    8347.647     0.999951       283323     20480.00
    8355.839     0.999957       283324     23405.71
    8384.511     0.999963       283326     27306.67
    8388.607     0.999969       283328     32768.00
    8404.991     0.999973       283329     36408.89
    8421.375     0.999976       283330     40960.00
    8421.375     0.999979       283330     46811.43
    8429.567     0.999982       283331     54613.33
    8437.759     0.999985       283332     65536.00
    8462.335     0.999986       283333     72817.78
    8462.335     0.999988       283333     81920.00
    8462.335     0.999989       283333     93622.86
    8486.911     0.999991       283335    109226.67
    8486.911     0.999992       283335    131072.00
    8486.911     0.999993       283335    145635.56
    8486.911     0.999994       283335    163840.00
    8486.911     0.999995       283335    187245.71
    8486.911     0.999995       283335    218453.33
    8486.911     0.999996       283335    262144.00
    8495.103     0.999997       283336    291271.11
    8495.103     1.000000       283336          inf
#[Mean    =      774.954, StdDeviation   =     1031.244]
#[Max     =     8486.912, Total count    =       283336]
#[Buckets =           27, SubBuckets     =         2048]
----------------------------------------------------------
  426070 requests in 30.00s, 81.51MB read
  Non-2xx or 3xx responses: 61
Requests/sec:  14202.18
Transfer/sec:      2.72MB
