Using argument nginx
using  args: threads=4 and connections=512 and duration=30 and requests=7000
Running 30s test @ http://10.10.1.4:8080/wrk2-api/user-timeline/read
  4 threads and 512 connections
  Thread calibration: mean lat.: 1728.554ms, rate sampling interval: 6934ms
  Thread calibration: mean lat.: 1633.640ms, rate sampling interval: 6508ms
  Thread calibration: mean lat.: 1922.981ms, rate sampling interval: 7020ms
  Thread calibration: mean lat.: 1668.510ms, rate sampling interval: 6737ms
  Thread Stats   Avg      Stdev     99%   +/- Stdev
    Latency     8.08s     2.70s   13.64s    61.20%
    Req/Sec     1.00k    32.87     1.05k    77.78%
  Latency Distribution (HdrHistogram - Recorded Latency)
 50.000%    8.02s 
 75.000%   10.21s 
 90.000%   11.78s 
 99.000%   13.64s 
 99.900%   14.51s 
 99.990%   15.15s 
 99.999%   15.50s 
100.000%   15.61s 

  Detailed Percentile spectrum:
       Value   Percentile   TotalCount 1/(1-Percentile)

    1464.319     0.000000            1         1.00
    4481.023     0.100000         7876         1.11
    5402.623     0.200000        15750         1.25
    6307.839     0.300000        23639         1.43
    7172.095     0.400000        31490         1.67
    8015.871     0.500000        39381         2.00
    8421.375     0.550000        43342         2.22
    8847.359     0.600000        47239         2.50
    9281.535     0.650000        51150         2.86
    9740.287     0.700000        55141         3.33
   10207.231     0.750000        59033         4.00
   10461.183     0.775000        61040         4.44
   10690.559     0.800000        62954         5.00
   10944.511     0.825000        64944         5.71
   11206.655     0.850000        66938         6.67
   11468.799     0.875000        68867         8.00
   11624.447     0.887500        69851         8.89
   11780.095     0.900000        70854        10.00
   11943.935     0.912500        71843        11.43
   12124.159     0.925000        72800        13.33
   12312.575     0.937500        73797        16.00
   12419.071     0.943750        74275        17.78
   12541.951     0.950000        74779        20.00
   12673.023     0.956250        75278        22.86
   12804.095     0.962500        75755        26.67
   12959.743     0.968750        76243        32.00
   13033.471     0.971875        76485        35.56
   13115.391     0.975000        76724        40.00
   13205.503     0.978125        76970        45.71
   13303.807     0.981250        77222        53.33
   13410.303     0.984375        77473        64.00
   13467.647     0.985938        77605        71.11
   13524.991     0.987500        77713        80.00
   13590.527     0.989062        77837        91.43
   13672.447     0.990625        77961       106.67
   13754.367     0.992188        78081       128.00
   13795.327     0.992969        78137       142.22
   13860.863     0.993750        78210       160.00
   13910.015     0.994531        78261       182.86
   13983.743     0.995313        78328       213.33
   14065.663     0.996094        78391       256.00
   14106.623     0.996484        78417       284.44
   14172.159     0.996875        78453       320.00
   14229.503     0.997266        78477       365.71
   14270.463     0.997656        78507       426.67
   14344.191     0.998047        78540       512.00
   14360.575     0.998242        78552       568.89
   14401.535     0.998437        78573       640.00
   14434.303     0.998633        78583       731.43
   14475.263     0.998828        78600       853.33
   14532.607     0.999023        78616      1024.00
   14548.991     0.999121        78621      1137.78
   14598.143     0.999219        78631      1280.00
   14639.103     0.999316        78637      1462.86
   14680.063     0.999414        78644      1706.67
   14745.599     0.999512        78653      2048.00
   14770.175     0.999561        78657      2275.56
   14827.519     0.999609        78661      2560.00
   14868.479     0.999658        78665      2925.71
   14917.631     0.999707        78667      3413.33
   14958.591     0.999756        78671      4096.00
   14966.783     0.999780        78673      4551.11
   14999.551     0.999805        78675      5120.00
   15032.319     0.999829        78677      5851.43
   15065.087     0.999854        78679      6826.67
   15138.815     0.999878        78681      8192.00
   15147.007     0.999890        78682      9102.22
   15220.735     0.999902        78684     10240.00
   15220.735     0.999915        78684     11702.86
   15237.119     0.999927        78685     13653.33
   15351.807     0.999939        78686     16384.00
   15351.807     0.999945        78686     18204.44
   15441.919     0.999951        78688     20480.00
   15441.919     0.999957        78688     23405.71
   15441.919     0.999963        78688     27306.67
   15441.919     0.999969        78688     32768.00
   15441.919     0.999973        78688     36408.89
   15499.263     0.999976        78689     40960.00
   15499.263     0.999979        78689     46811.43
   15499.263     0.999982        78689     54613.33
   15499.263     0.999985        78689     65536.00
   15499.263     0.999986        78689     72817.78
   15605.759     0.999988        78690     81920.00
   15605.759     1.000000        78690          inf
#[Mean    =     8077.047, StdDeviation   =     2702.997]
#[Max     =    15597.568, Total count    =        78690]
#[Buckets =           27, SubBuckets     =         2048]
----------------------------------------------------------
  120486 requests in 30.00s, 21.14MB read
Requests/sec:   4016.47
Transfer/sec:    721.71KB
