Using argument nginx
using  args: threads=4 and connections=1024 and duration=30 and requests=7000
Running 30s test @ http://10.10.1.4:8080/wrk2-api/user-timeline/read
  4 threads and 1024 connections
  Thread calibration: mean lat.: 2047.600ms, rate sampling interval: 8351ms
  Thread calibration: mean lat.: 2073.780ms, rate sampling interval: 8335ms
  Thread calibration: mean lat.: 2333.225ms, rate sampling interval: 8519ms
  Thread calibration: mean lat.: 2053.868ms, rate sampling interval: 8200ms
  Thread Stats   Avg      Stdev     99%   +/- Stdev
    Latency     9.60s     3.17s   16.25s    61.61%
    Req/Sec   849.62     11.37     0.86k    62.50%
  Latency Distribution (HdrHistogram - Recorded Latency)
 50.000%    9.49s 
 75.000%   12.12s 
 90.000%   13.93s 
 99.000%   16.25s 
 99.900%   17.74s 
 99.990%   18.78s 
 99.999%   19.22s 
100.000%   19.28s 

  Detailed Percentile spectrum:
       Value   Percentile   TotalCount 1/(1-Percentile)

    1309.695     0.000000            2         1.00
    5468.159     0.100000         6694         1.11
    6496.255     0.200000        13413         1.25
    7483.391     0.300000        20093         1.43
    8486.911     0.400000        26787         1.67
    9494.527     0.500000        33492         2.00
   10018.815     0.550000        36858         2.22
   10518.527     0.600000        40179         2.50
   11042.815     0.650000        43515         2.86
   11575.295     0.700000        46865         3.33
   12115.967     0.750000        50200         4.00
   12386.303     0.775000        51877         4.44
   12673.023     0.800000        53544         5.00
   12959.743     0.825000        55247         5.71
   13254.655     0.850000        56921         6.67
   13574.143     0.875000        58590         8.00
   13746.175     0.887500        59415         8.89
   13934.591     0.900000        60257        10.00
   14131.199     0.912500        61101        11.43
   14344.191     0.925000        61918        13.33
   14565.375     0.937500        62763        16.00
   14688.255     0.943750        63189        17.78
   14811.135     0.950000        63580        20.00
   14958.591     0.956250        64020        22.86
   15106.047     0.962500        64413        26.67
   15294.463     0.968750        64834        32.00
   15392.767     0.971875        65054        35.56
   15507.455     0.975000        65249        40.00
   15622.143     0.978125        65463        45.71
   15753.215     0.981250        65670        53.33
   15908.863     0.984375        65878        64.00
   15998.975     0.985938        65991        71.11
   16089.087     0.987500        66094        80.00
   16187.391     0.989062        66191        91.43
   16293.887     0.990625        66295       106.67
   16449.535     0.992188        66407       128.00
   16515.071     0.992969        66455       142.22
   16588.799     0.993750        66504       160.00
   16687.103     0.994531        66557       182.86
   16793.599     0.995313        66610       213.33
   16891.903     0.996094        66661       256.00
   16957.439     0.996484        66687       284.44
   17039.359     0.996875        66718       320.00
   17137.663     0.997266        66744       365.71
   17219.583     0.997656        66768       426.67
   17350.655     0.998047        66794       512.00
   17416.191     0.998242        66806       568.89
   17481.727     0.998437        66819       640.00
   17563.647     0.998633        66832       731.43
   17645.567     0.998828        66845       853.33
   17776.639     0.999023        66858      1024.00
   17825.791     0.999121        66866      1137.78
   17858.559     0.999219        66870      1280.00
   18006.015     0.999316        66877      1462.86
   18071.551     0.999414        66884      1706.67
   18169.855     0.999512        66891      2048.00
   18202.623     0.999561        66894      2275.56
   18235.391     0.999609        66896      2560.00
   18300.927     0.999658        66900      2925.71
   18464.767     0.999707        66903      3413.33
   18497.535     0.999756        66906      4096.00
   18612.223     0.999780        66908      4551.11
   18644.991     0.999805        66909      5120.00
   18743.295     0.999829        66913      5851.43
   18743.295     0.999854        66913      6826.67
   18776.063     0.999878        66915      8192.00
   18776.063     0.999890        66915      9102.22
   18825.215     0.999902        66916     10240.00
   18890.751     0.999915        66918     11702.86
   18890.751     0.999927        66918     13653.33
   18890.751     0.999939        66918     16384.00
   18939.903     0.999945        66919     18204.44
   18939.903     0.999951        66919     20480.00
   19038.207     0.999957        66920     23405.71
   19038.207     0.999963        66920     27306.67
   19038.207     0.999969        66920     32768.00
   19218.431     0.999973        66921     36408.89
   19218.431     0.999976        66921     40960.00
   19218.431     0.999979        66921     46811.43
   19218.431     0.999982        66921     54613.33
   19218.431     0.999985        66921     65536.00
   19283.967     0.999986        66922     72817.78
   19283.967     1.000000        66922          inf
#[Mean    =     9603.436, StdDeviation   =     3172.784]
#[Max     =    19267.584, Total count    =        66922]
#[Buckets =           27, SubBuckets     =         2048]
----------------------------------------------------------
  103923 requests in 30.00s, 18.24MB read
  Socket errors: connect 7, read 0, write 0, timeout 98
  Non-2xx or 3xx responses: 43
Requests/sec:   3463.59
Transfer/sec:    622.61KB
