No argument supplied nginx
using  args: threads=4 and connections=512 and duration=30 and requests=2000
Running 30s test @ http://localhost:8080
  4 threads and 512 connections
  Thread calibration: mean lat.: 4.000ms, rate sampling interval: 11ms
  Thread calibration: mean lat.: 4.037ms, rate sampling interval: 11ms
  Thread calibration: mean lat.: 4.022ms, rate sampling interval: 11ms
  Thread calibration: mean lat.: 4.053ms, rate sampling interval: 11ms
  Thread Stats   Avg      Stdev     99%   +/- Stdev
    Latency     4.06ms    1.72ms   7.77ms   66.93%
    Req/Sec   523.84    225.90     1.10k    69.79%
  Latency Distribution (HdrHistogram - Recorded Latency)
 50.000%    4.41ms
 75.000%    5.02ms
 90.000%    5.70ms
 99.000%    7.77ms
 99.900%   15.85ms
 99.990%   32.86ms
 99.999%   61.89ms
100.000%   61.89ms

  Detailed Percentile spectrum:
       Value   Percentile   TotalCount 1/(1-Percentile)

       1.080     0.000000            2         1.00
       1.797     0.100000         3975         1.11
       2.063     0.200000         7951         1.25
       3.313     0.300000        11914         1.43
       4.069     0.400000        15882         1.67
       4.415     0.500000        19884         2.00
       4.535     0.550000        21869         2.22
       4.647     0.600000        23877         2.50
       4.759     0.650000        25808         2.86
       4.883     0.700000        27829         3.33
       5.019     0.750000        29771         4.00
       5.095     0.775000        30780         4.44
       5.175     0.800000        31756         5.00
       5.271     0.825000        32768         5.71
       5.383     0.850000        33741         6.67
       5.519     0.875000        34733         8.00
       5.603     0.887500        35231         8.89
       5.695     0.900000        35724        10.00
       5.803     0.912500        36218        11.43
       5.923     0.925000        36722        13.33
       6.071     0.937500        37207        16.00
       6.163     0.943750        37462        17.78
       6.263     0.950000        37704        20.00
       6.387     0.956250        37961        22.86
       6.511     0.962500        38201        26.67
       6.659     0.968750        38449        32.00
       6.763     0.971875        38572        35.56
       6.859     0.975000        38697        40.00
       6.971     0.978125        38821        45.71
       7.103     0.981250        38946        53.33
       7.283     0.984375        39067        64.00
       7.403     0.985938        39130        71.11
       7.527     0.987500        39191        80.00
       7.675     0.989062        39254        91.43
       7.839     0.990625        39315       106.67
       8.067     0.992188        39377       128.00
       8.207     0.992969        39408       142.22
       8.359     0.993750        39439       160.00
       8.519     0.994531        39471       182.86
       8.695     0.995313        39501       213.33
       8.975     0.996094        39532       256.00
       9.199     0.996484        39548       284.44
       9.399     0.996875        39563       320.00
       9.751     0.997266        39579       365.71
      10.135     0.997656        39594       426.67
      10.871     0.998047        39610       512.00
      11.591     0.998242        39618       568.89
      11.815     0.998437        39625       640.00
      13.639     0.998633        39633       731.43
      15.111     0.998828        39641       853.33
      16.023     0.999023        39649      1024.00
      16.767     0.999121        39653      1137.78
      16.991     0.999219        39656      1280.00
      18.799     0.999316        39660      1462.86
      20.047     0.999414        39664      1706.67
      23.695     0.999512        39668      2048.00
      24.847     0.999561        39670      2275.56
      24.879     0.999609        39672      2560.00
      26.495     0.999658        39674      2925.71
      27.743     0.999707        39676      3413.33
      29.903     0.999756        39678      4096.00
      30.031     0.999780        39679      4551.11
      30.383     0.999805        39680      5120.00
      31.551     0.999829        39681      5851.43
      31.695     0.999854        39682      6826.67
      32.863     0.999878        39683      8192.00
      32.863     0.999890        39683      9102.22
      32.927     0.999902        39684     10240.00
      32.927     0.999915        39684     11702.86
      45.759     0.999927        39685     13653.33
      45.759     0.999939        39685     16384.00
      45.759     0.999945        39685     18204.44
      57.759     0.999951        39686     20480.00
      57.759     0.999957        39686     23405.71
      57.759     0.999963        39686     27306.67
      57.759     0.999969        39686     32768.00
      57.759     0.999973        39686     36408.89
      61.887     0.999976        39687     40960.00
      61.887     1.000000        39687          inf
#[Mean    =        4.056, StdDeviation   =        1.715]
#[Max     =       61.856, Total count    =        39687]
#[Buckets =           27, SubBuckets     =         2048]
----------------------------------------------------------
  59183 requests in 30.00s, 483.14MB read
  Socket errors: connect 0, read 0, write 0, timeout 9
Requests/sec:   1972.66
Transfer/sec:     16.10MB
