Using argument nginx
using  args: threads=4 and connections=512 and duration=60 and requests=500
Running 1m test @ http://10.10.1.4:8080/wrk2-api/user-timeline/read
  4 threads and 512 connections
  Thread calibration: mean lat.: 2.901ms, rate sampling interval: 10ms
  Thread calibration: mean lat.: 2.809ms, rate sampling interval: 10ms
  Thread calibration: mean lat.: 2.897ms, rate sampling interval: 10ms
  Thread calibration: mean lat.: 2.816ms, rate sampling interval: 10ms
  Thread Stats   Avg      Stdev     99%   +/- Stdev
    Latency     2.84ms  688.52us   3.70ms   98.27%
    Req/Sec   131.18    118.02   444.00     57.94%
  Latency Distribution (HdrHistogram - Recorded Latency)
 50.000%    2.78ms
 75.000%    2.95ms
 90.000%    3.14ms
 99.000%    3.70ms
 99.900%   15.44ms
 99.990%   22.51ms
 99.999%   23.20ms
100.000%   23.20ms

  Detailed Percentile spectrum:
       Value   Percentile   TotalCount 1/(1-Percentile)

       2.173     0.000000            1         1.00
       2.519     0.100000         2530         1.11
       2.597     0.200000         5030         1.25
       2.661     0.300000         7512         1.43
       2.717     0.400000         9981         1.67
       2.775     0.500000        12508         2.00
       2.803     0.550000        13722         2.22
       2.833     0.600000        14928         2.50
       2.867     0.650000        16176         2.86
       2.905     0.700000        17441         3.33
       2.949     0.750000        18689         4.00
       2.973     0.775000        19292         4.44
       2.999     0.800000        19941         5.00
       3.027     0.825000        20538         5.71
       3.059     0.850000        21165         6.67
       3.097     0.875000        21776         8.00
       3.117     0.887500        22092         8.89
       3.141     0.900000        22393        10.00
       3.167     0.912500        22693        11.43
       3.203     0.925000        23016        13.33
       3.239     0.937500        23321        16.00
       3.259     0.943750        23472        17.78
       3.281     0.950000        23625        20.00
       3.307     0.956250        23780        22.86
       3.341     0.962500        23935        26.67
       3.383     0.968750        24091        32.00
       3.411     0.971875        24171        35.56
       3.443     0.975000        24249        40.00
       3.473     0.978125        24324        45.71
       3.503     0.981250        24401        53.33
       3.559     0.984375        24483        64.00
       3.587     0.985938        24523        71.11
       3.619     0.987500        24558        80.00
       3.669     0.989062        24599        91.43
       3.733     0.990625        24634       106.67
       3.819     0.992188        24673       128.00
       3.889     0.992969        24694       142.22
       3.989     0.993750        24712       160.00
       4.123     0.994531        24732       182.86
       4.359     0.995313        24752       213.33
       4.899     0.996094        24770       256.00
       5.443     0.996484        24780       284.44
       5.875     0.996875        24790       320.00
       8.407     0.997266        24800       365.71
       9.615     0.997656        24809       426.67
      11.503     0.998047        24819       512.00
      12.599     0.998242        24824       568.89
      13.335     0.998437        24829       640.00
      13.951     0.998633        24834       731.43
      14.591     0.998828        24838       853.33
      15.463     0.999023        24843      1024.00
      15.719     0.999121        24846      1137.78
      15.919     0.999219        24848      1280.00
      17.071     0.999316        24851      1462.86
      17.343     0.999414        24853      1706.67
      17.999     0.999512        24855      2048.00
      18.543     0.999561        24857      2275.56
      18.879     0.999609        24858      2560.00
      19.071     0.999658        24859      2925.71
      19.231     0.999707        24860      3413.33
      19.423     0.999756        24861      4096.00
      20.159     0.999780        24862      4551.11
      20.175     0.999805        24863      5120.00
      20.175     0.999829        24863      5851.43
      20.495     0.999854        24864      6826.67
      20.495     0.999878        24864      8192.00
      22.511     0.999890        24865      9102.22
      22.511     0.999902        24865     10240.00
      22.511     0.999915        24865     11702.86
      22.607     0.999927        24866     13653.33
      22.607     0.999939        24866     16384.00
      22.607     0.999945        24866     18204.44
      22.607     0.999951        24866     20480.00
      22.607     0.999957        24866     23405.71
      23.199     0.999963        24867     27306.67
      23.199     1.000000        24867          inf
#[Mean    =        2.842, StdDeviation   =        0.689]
#[Max     =       23.184, Total count    =        24867]
#[Buckets =           27, SubBuckets     =         2048]
----------------------------------------------------------
  29666 requests in 1.00m, 5.21MB read
  Socket errors: connect 0, read 0, write 0, timeout 2119
Requests/sec:    494.42
Transfer/sec:     88.84KB
