Using argument nginx
using  args: threads=4 and connections=512 and duration=150 and requests=500
Running 2m test @ http://10.10.1.4:8080/wrk2-api/user-timeline/read
  4 threads and 512 connections
  Thread calibration: mean lat.: 2.901ms, rate sampling interval: 10ms
  Thread calibration: mean lat.: 2.927ms, rate sampling interval: 10ms
  Thread calibration: mean lat.: 2.922ms, rate sampling interval: 10ms
  Thread calibration: mean lat.: 2.878ms, rate sampling interval: 10ms
  Thread Stats   Avg      Stdev     99%   +/- Stdev
    Latency     2.89ms    1.26ms   3.67ms   99.52%
    Req/Sec   131.73    118.56   500.00     58.14%
  Latency Distribution (HdrHistogram - Recorded Latency)
 50.000%    2.80ms
 75.000%    2.97ms
 90.000%    3.17ms
 99.000%    3.67ms
 99.900%   21.42ms
 99.990%   55.55ms
 99.999%   69.95ms
100.000%   70.01ms

  Detailed Percentile spectrum:
       Value   Percentile   TotalCount 1/(1-Percentile)

       2.149     0.000000            1         1.00
       2.547     0.100000         7057         1.11
       2.625     0.200000        14075         1.25
       2.689     0.300000        21134         1.43
       2.745     0.400000        28103         1.67
       2.803     0.500000        35176         2.00
       2.833     0.550000        38710         2.22
       2.863     0.600000        42042         2.50
       2.897     0.650000        45561         2.86
       2.935     0.700000        49172         3.33
       2.975     0.750000        52556         4.00
       3.001     0.775000        54408         4.44
       3.025     0.800000        56045         5.00
       3.055     0.825000        57880         5.71
       3.089     0.850000        59611         6.67
       3.129     0.875000        61362         8.00
       3.149     0.887500        62171         8.89
       3.175     0.900000        63051        10.00
       3.203     0.912500        63937        11.43
       3.235     0.925000        64818        13.33
       3.271     0.937500        65699        16.00
       3.293     0.943750        66129        17.78
       3.317     0.950000        66550        20.00
       3.345     0.956250        67001        22.86
       3.377     0.962500        67441        26.67
       3.411     0.968750        67867        32.00
       3.433     0.971875        68085        35.56
       3.457     0.975000        68297        40.00
       3.487     0.978125        68519        45.71
       3.521     0.981250        68730        53.33
       3.559     0.984375        68950        64.00
       3.585     0.985938        69063        71.11
       3.615     0.987500        69168        80.00
       3.647     0.989062        69278        91.43
       3.693     0.990625        69387       106.67
       3.763     0.992188        69498       128.00
       3.805     0.992969        69551       142.22
       3.871     0.993750        69606       160.00
       3.969     0.994531        69661       182.86
       4.179     0.995313        69715       213.33
       4.455     0.996094        69771       256.00
       4.875     0.996484        69797       284.44
       5.219     0.996875        69826       320.00
       5.611     0.997266        69852       365.71
       7.919     0.997656        69879       426.67
      12.823     0.998047        69907       512.00
      13.791     0.998242        69920       568.89
      16.287     0.998437        69934       640.00
      17.983     0.998633        69948       731.43
      19.151     0.998828        69961       853.33
      21.551     0.999023        69975      1024.00
      22.591     0.999121        69982      1137.78
      23.791     0.999219        69989      1280.00
      25.295     0.999316        69996      1462.86
      29.839     0.999414        70002      1706.67
      34.015     0.999512        70009      2048.00
      35.007     0.999561        70013      2275.56
      37.215     0.999609        70016      2560.00
      38.783     0.999658        70020      2925.71
      41.727     0.999707        70023      3413.33
      45.695     0.999756        70026      4096.00
      48.095     0.999780        70028      4551.11
      49.055     0.999805        70030      5120.00
      51.487     0.999829        70032      5851.43
      53.791     0.999854        70033      6826.67
      55.039     0.999878        70035      8192.00
      55.551     0.999890        70036      9102.22
      56.895     0.999902        70037     10240.00
      57.055     0.999915        70038     11702.86
      57.055     0.999927        70038     13653.33
      58.047     0.999939        70039     16384.00
      65.407     0.999945        70040     18204.44
      65.407     0.999951        70040     20480.00
      67.455     0.999957        70041     23405.71
      67.455     0.999963        70041     27306.67
      67.455     0.999969        70041     32768.00
      69.951     0.999973        70042     36408.89
      69.951     0.999976        70042     40960.00
      69.951     0.999979        70042     46811.43
      69.951     0.999982        70042     54613.33
      69.951     0.999985        70042     65536.00
      70.015     0.999986        70043     72817.78
      70.015     1.000000        70043          inf
#[Mean    =        2.889, StdDeviation   =        1.258]
#[Max     =       69.952, Total count    =        70043]
#[Buckets =           27, SubBuckets     =         2048]
----------------------------------------------------------
  74959 requests in 2.50m, 13.15MB read
  Socket errors: connect 0, read 0, write 0, timeout 5330
Requests/sec:    499.69
Transfer/sec:     89.79KB
