Using argument nginx
using  args: threads=4 and connections=512 and duration=30 and requests=12000
Running 30s test @ http://10.10.1.4:5000
  4 threads and 512 connections
  Thread calibration: mean lat.: 2941.547ms, rate sampling interval: 11878ms
  Thread calibration: mean lat.: 2977.040ms, rate sampling interval: 12001ms
  Thread calibration: mean lat.: 3225.598ms, rate sampling interval: 11517ms
  Thread calibration: mean lat.: 3223.792ms, rate sampling interval: 11616ms
  Thread Stats   Avg      Stdev     99%   +/- Stdev
    Latency    13.63s     4.10s   21.00s    58.25%
    Req/Sec     0.89k     8.32     0.90k    75.00%
  Latency Distribution (HdrHistogram - Recorded Latency)
 50.000%   13.68s 
 75.000%   17.15s 
 90.000%   19.19s 
 99.000%   21.00s 
 99.900%   21.81s 
 99.990%   22.40s 
 99.999%   22.68s 
100.000%   22.69s 

  Detailed Percentile spectrum:
       Value   Percentile   TotalCount 1/(1-Percentile)

    5042.175     0.000000            1         1.00
    7983.103     0.100000         7174         1.11
    9404.415     0.200000        14341         1.25
   10813.439     0.300000        21489         1.43
   12247.039     0.400000        28662         1.67
   13680.639     0.500000        35842         2.00
   14360.575     0.550000        39398         2.22
   15056.895     0.600000        42975         2.50
   15761.407     0.650000        46559         2.86
   16449.535     0.700000        50140         3.33
   17154.047     0.750000        53756         4.00
   17498.111     0.775000        55586         4.44
   17825.791     0.800000        57305         5.00
   18169.855     0.825000        59115         5.71
   18497.535     0.850000        60912         6.67
   18825.215     0.875000        62676         8.00
   19005.439     0.887500        63616         8.89
   19185.663     0.900000        64468        10.00
   19382.271     0.912500        65412        11.43
   19562.495     0.925000        66287        13.33
   19759.103     0.937500        67186        16.00
   19873.791     0.943750        67652        17.78
   19972.095     0.950000        68084        20.00
   20086.783     0.956250        68532        22.86
   20201.471     0.962500        68977        26.67
   20332.543     0.968750        69396        32.00
   20414.463     0.971875        69647        35.56
   20479.999     0.975000        69830        40.00
   20578.303     0.978125        70072        45.71
   20676.607     0.981250        70289        53.33
   20774.911     0.984375        70512        64.00
   20840.447     0.985938        70618        71.11
   20905.983     0.987500        70751        80.00
   20955.135     0.989062        70838        91.43
   21020.671     0.990625        70947       106.67
   21118.975     0.992188        71076       128.00
   21151.743     0.992969        71114       142.22
   21200.895     0.993750        71173       160.00
   21266.431     0.994531        71232       182.86
   21331.967     0.995313        71286       213.33
   21397.503     0.996094        71338       256.00
   21446.655     0.996484        71368       284.44
   21479.423     0.996875        71396       320.00
   21528.575     0.997266        71431       365.71
   21577.727     0.997656        71459       426.67
   21626.879     0.998047        71483       512.00
   21659.647     0.998242        71496       568.89
   21708.799     0.998437        71514       640.00
   21725.183     0.998633        71521       731.43
   21774.335     0.998828        71535       853.33
   21823.487     0.999023        71553      1024.00
   21839.871     0.999121        71556      1137.78
   21872.639     0.999219        71566      1280.00
   21905.407     0.999316        71571      1462.86
   21938.175     0.999414        71577      1706.67
   21970.943     0.999512        71584      2048.00
   22003.711     0.999561        71588      2275.56
   22052.863     0.999609        71592      2560.00
   22085.631     0.999658        71595      2925.71
   22118.399     0.999707        71597      3413.33
   22200.319     0.999756        71601      4096.00
   22216.703     0.999780        71602      4551.11
   22265.855     0.999805        71605      5120.00
   22265.855     0.999829        71605      5851.43
   22315.007     0.999854        71607      6826.67
   22347.775     0.999878        71609      8192.00
   22396.927     0.999890        71611      9102.22
   22396.927     0.999902        71611     10240.00
   22396.927     0.999915        71611     11702.86
   22560.767     0.999927        71612     13653.33
   22593.535     0.999939        71613     16384.00
   22609.919     0.999945        71614     18204.44
   22609.919     0.999951        71614     20480.00
   22609.919     0.999957        71614     23405.71
   22642.687     0.999963        71615     27306.67
   22642.687     0.999969        71615     32768.00
   22675.455     0.999973        71616     36408.89
   22675.455     0.999976        71616     40960.00
   22675.455     0.999979        71616     46811.43
   22675.455     0.999982        71616     54613.33
   22675.455     0.999985        71616     65536.00
   22691.839     0.999986        71617     72817.78
   22691.839     1.000000        71617          inf
#[Mean    =    13627.689, StdDeviation   =     4098.405]
#[Max     =    22675.456, Total count    =        71617]
#[Buckets =           27, SubBuckets     =         2048]
----------------------------------------------------------
  106981 requests in 30.00s, 44.23MB read
Requests/sec:   3565.54
Transfer/sec:      1.47MB
