Using argument nginx
using  args: threads=4 and connections=512 and duration=30 and requests=10000
Running 30s test @ http://10.10.1.4:8080/wrk2-api/user-timeline/read
  4 threads and 512 connections
  Thread calibration: mean lat.: 452.850ms, rate sampling interval: 2044ms
  Thread calibration: mean lat.: 534.938ms, rate sampling interval: 2275ms
  Thread calibration: mean lat.: 455.502ms, rate sampling interval: 2067ms
  Thread calibration: mean lat.: 510.814ms, rate sampling interval: 2181ms
  Thread Stats   Avg      Stdev     99%   +/- Stdev
    Latency     2.13s     1.08s    4.93s    66.89%
    Req/Sec     2.21k    19.24     2.25k    74.29%
  Latency Distribution (HdrHistogram - Recorded Latency)
 50.000%    2.01s 
 75.000%    2.83s 
 90.000%    3.65s 
 99.000%    4.93s 
 99.900%    5.66s 
 99.990%    6.09s 
 99.999%    6.16s 
100.000%    6.19s 

  Detailed Percentile spectrum:
       Value   Percentile   TotalCount 1/(1-Percentile)

       9.367     0.000000            1         1.00
     817.151     0.100000        17583         1.11
    1162.239     0.200000        35188         1.25
    1458.175     0.300000        52729         1.43
    1722.367     0.400000        70292         1.67
    2013.183     0.500000        87896         2.00
    2168.831     0.550000        96752         2.22
    2324.479     0.600000       105467         2.50
    2482.175     0.650000       114281         2.86
    2648.063     0.700000       123056         3.33
    2832.383     0.750000       131799         4.00
    2932.735     0.775000       136244         4.44
    3043.327     0.800000       140569         5.00
    3170.303     0.825000       145010         5.71
    3309.567     0.850000       149369         6.67
    3471.359     0.875000       153778         8.00
    3561.471     0.887500       155977         8.89
    3653.631     0.900000       158178        10.00
    3749.887     0.912500       160363        11.43
    3854.335     0.925000       162551        13.33
    3975.167     0.937500       164759        16.00
    4042.751     0.943750       165856        17.78
    4118.527     0.950000       166938        20.00
    4198.399     0.956250       168058        22.86
    4292.607     0.962500       169174        26.67
    4395.007     0.968750       170228        32.00
    4456.447     0.971875       170793        35.56
    4513.791     0.975000       171349        40.00
    4575.231     0.978125       171877        45.71
    4648.959     0.981250       172429        53.33
    4730.879     0.984375       172973        64.00
    4780.031     0.985938       173258        71.11
    4833.279     0.987500       173530        80.00
    4890.623     0.989062       173791        91.43
    4956.159     0.990625       174064       106.67
    5033.983     0.992188       174342       128.00
    5074.943     0.992969       174486       142.22
    5119.999     0.993750       174628       160.00
    5169.151     0.994531       174761       182.86
    5226.495     0.995313       174899       213.33
    5279.743     0.996094       175031       256.00
    5316.607     0.996484       175096       284.44
    5361.663     0.996875       175163       320.00
    5402.623     0.997266       175234       365.71
    5443.583     0.997656       175308       426.67
    5496.831     0.998047       175367       512.00
    5537.791     0.998242       175404       568.89
    5566.463     0.998437       175439       640.00
    5591.039     0.998633       175473       731.43
    5627.903     0.998828       175505       853.33
    5681.151     0.999023       175539      1024.00
    5718.015     0.999121       175558      1137.78
    5742.591     0.999219       175575      1280.00
    5775.359     0.999316       175590      1462.86
    5804.031     0.999414       175609      1706.67
    5836.799     0.999512       175625      2048.00
    5861.375     0.999561       175633      2275.56
    5885.951     0.999609       175642      2560.00
    5910.527     0.999658       175651      2925.71
    5926.911     0.999707       175659      3413.33
    5963.775     0.999756       175669      4096.00
    5980.159     0.999780       175672      4551.11
    6004.735     0.999805       175677      5120.00
    6021.119     0.999829       175681      5851.43
    6041.599     0.999854       175685      6826.67
    6053.887     0.999878       175689      8192.00
    6074.367     0.999890       175691      9102.22
    6086.655     0.999902       175693     10240.00
    6090.751     0.999915       175696     11702.86
    6094.847     0.999927       175698     13653.33
    6098.943     0.999939       175700     16384.00
    6107.135     0.999945       175701     18204.44
    6123.519     0.999951       175702     20480.00
    6127.615     0.999957       175704     23405.71
    6127.615     0.999963       175704     27306.67
    6131.711     0.999969       175705     32768.00
    6139.903     0.999973       175707     36408.89
    6139.903     0.999976       175707     40960.00
    6139.903     0.999979       175707     46811.43
    6139.903     0.999982       175707     54613.33
    6160.383     0.999985       175708     65536.00
    6160.383     0.999986       175708     72817.78
    6160.383     0.999988       175708     81920.00
    6164.479     0.999989       175709     93622.86
    6164.479     0.999991       175709    109226.67
    6164.479     0.999992       175709    131072.00
    6164.479     0.999993       175709    145635.56
    6164.479     0.999994       175709    163840.00
    6189.055     0.999995       175710    187245.71
    6189.055     1.000000       175710          inf
#[Mean    =     2133.122, StdDeviation   =     1083.765]
#[Max     =     6184.960, Total count    =       175710]
#[Buckets =           27, SubBuckets     =         2048]
----------------------------------------------------------
  261711 requests in 30.00s, 46.07MB read
  Non-2xx or 3xx responses: 882
Requests/sec:   8724.16
Transfer/sec:      1.54MB
