No argument supplied nginx
using  args: threads=4 and connections=512 and duration=30 and requests=1500
Running 30s test @ http://localhost:5000
  4 threads and 512 connections
  Thread calibration: mean lat.: 2.943ms, rate sampling interval: 10ms
  Thread calibration: mean lat.: 2.892ms, rate sampling interval: 10ms
  Thread calibration: mean lat.: 2.907ms, rate sampling interval: 10ms
  Thread calibration: mean lat.: 2.878ms, rate sampling interval: 10ms
  Thread Stats   Avg      Stdev     99%   +/- Stdev
    Latency     2.94ms    1.26ms   6.97ms   76.41%
    Req/Sec   393.07    207.15     1.00k    76.01%
  Latency Distribution (HdrHistogram - Recorded Latency)
 50.000%    2.54ms
 75.000%    3.58ms
 90.000%    4.71ms
 99.000%    6.97ms
 99.900%    8.89ms
 99.990%   10.18ms
 99.999%   11.93ms
100.000%   11.93ms

  Detailed Percentile spectrum:
       Value   Percentile   TotalCount 1/(1-Percentile)

       0.998     0.000000            1         1.00
       1.729     0.100000         2971         1.11
       1.956     0.200000         5946         1.25
       2.109     0.300000         8929         1.43
       2.283     0.400000        11873         1.67
       2.535     0.500000        14834         2.00
       2.661     0.550000        16340         2.22
       2.877     0.600000        17808         2.50
       3.083     0.650000        19295         2.86
       3.319     0.700000        20775         3.33
       3.575     0.750000        22255         4.00
       3.693     0.775000        22993         4.44
       3.857     0.800000        23732         5.00
       4.037     0.825000        24475         5.71
       4.211     0.850000        25221         6.67
       4.451     0.875000        25961         8.00
       4.579     0.887500        26327         8.89
       4.707     0.900000        26711        10.00
       4.851     0.912500        27078        11.43
       5.043     0.925000        27443        13.33
       5.235     0.937500        27813        16.00
       5.359     0.943750        27998        17.78
       5.483     0.950000        28185        20.00
       5.627     0.956250        28372        22.86
       5.779     0.962500        28557        26.67
       5.947     0.968750        28737        32.00
       6.051     0.971875        28830        35.56
       6.171     0.975000        28923        40.00
       6.283     0.978125        29016        45.71
       6.455     0.981250        29108        53.33
       6.611     0.984375        29201        64.00
       6.703     0.985938        29247        71.11
       6.803     0.987500        29294        80.00
       6.915     0.989062        29341        91.43
       7.059     0.990625        29386       106.67
       7.223     0.992188        29433       128.00
       7.315     0.992969        29456       142.22
       7.415     0.993750        29481       160.00
       7.499     0.994531        29502       182.86
       7.667     0.995313        29525       213.33
       7.815     0.996094        29549       256.00
       7.907     0.996484        29560       284.44
       8.023     0.996875        29572       320.00
       8.119     0.997266        29584       365.71
       8.247     0.997656        29595       426.67
       8.359     0.998047        29608       512.00
       8.431     0.998242        29612       568.89
       8.495     0.998437        29618       640.00
       8.663     0.998633        29624       731.43
       8.735     0.998828        29630       853.33
       8.927     0.999023        29636      1024.00
       9.071     0.999121        29638      1137.78
       9.223     0.999219        29641      1280.00
       9.335     0.999316        29645      1462.86
       9.415     0.999414        29647      1706.67
       9.575     0.999512        29650      2048.00
       9.591     0.999561        29651      2275.56
       9.727     0.999609        29653      2560.00
       9.823     0.999658        29654      2925.71
       9.943     0.999707        29656      3413.33
       9.951     0.999756        29657      4096.00
       9.975     0.999780        29658      4551.11
      10.055     0.999805        29659      5120.00
      10.055     0.999829        29659      5851.43
      10.111     0.999854        29660      6826.67
      10.183     0.999878        29661      8192.00
      10.183     0.999890        29661      9102.22
      10.207     0.999902        29662     10240.00
      10.207     0.999915        29662     11702.86
      10.207     0.999927        29662     13653.33
      10.951     0.999939        29663     16384.00
      10.951     0.999945        29663     18204.44
      10.951     0.999951        29663     20480.00
      10.951     0.999957        29663     23405.71
      10.951     0.999963        29663     27306.67
      11.927     0.999969        29664     32768.00
      11.927     1.000000        29664          inf
#[Mean    =        2.938, StdDeviation   =        1.256]
#[Max     =       11.920, Total count    =        29664]
#[Buckets =           27, SubBuckets     =         2048]
----------------------------------------------------------
  44702 requests in 30.00s, 18.46MB read
  Socket errors: connect 0, read 0, write 0, timeout 22
Requests/sec:   1490.03
Transfer/sec:    630.15KB
