No argument supplied nginx
using  args: threads=4 and connections=512 and duration=30 and requests=1000
Running 30s test @ http://localhost:5000
  4 threads and 512 connections
  Thread calibration: mean lat.: 3.239ms, rate sampling interval: 10ms
  Thread calibration: mean lat.: 3.227ms, rate sampling interval: 10ms
  Thread calibration: mean lat.: 3.201ms, rate sampling interval: 10ms
  Thread calibration: mean lat.: 3.213ms, rate sampling interval: 10ms
  Thread Stats   Avg      Stdev     99%   +/- Stdev
    Latency     3.18ms    1.41ms   7.66ms   75.60%
    Req/Sec   263.49    167.23   700.00     74.53%
  Latency Distribution (HdrHistogram - Recorded Latency)
 50.000%    2.69ms
 75.000%    3.96ms
 90.000%    5.17ms
 99.000%    7.66ms
 99.900%    9.58ms
 99.990%   11.02ms
 99.999%   11.60ms
100.000%   11.60ms

  Detailed Percentile spectrum:
       Value   Percentile   TotalCount 1/(1-Percentile)

       0.958     0.000000            1         1.00
       1.823     0.100000         1996         1.11
       2.028     0.200000         3976         1.25
       2.203     0.300000         5974         1.43
       2.447     0.400000         7957         1.67
       2.695     0.500000         9938         2.00
       2.945     0.550000        10934         2.22
       3.145     0.600000        11927         2.50
       3.409     0.650000        12924         2.86
       3.661     0.700000        13913         3.33
       3.965     0.750000        14907         4.00
       4.107     0.775000        15405         4.44
       4.267     0.800000        15901         5.00
       4.471     0.825000        16398         5.71
       4.651     0.850000        16902         6.67
       4.875     0.875000        17395         8.00
       5.023     0.887500        17643         8.89
       5.167     0.900000        17891        10.00
       5.319     0.912500        18136        11.43
       5.539     0.925000        18386        13.33
       5.731     0.937500        18637        16.00
       5.879     0.943750        18759        17.78
       6.023     0.950000        18885        20.00
       6.151     0.956250        19006        22.86
       6.339     0.962500        19131        26.67
       6.559     0.968750        19254        32.00
       6.639     0.971875        19317        35.56
       6.747     0.975000        19379        40.00
       6.895     0.978125        19442        45.71
       7.019     0.981250        19504        53.33
       7.199     0.984375        19566        64.00
       7.283     0.985938        19597        71.11
       7.407     0.987500        19627        80.00
       7.559     0.989062        19658        91.43
       7.715     0.990625        19690       106.67
       7.839     0.992188        19720       128.00
       7.899     0.992969        19736       142.22
       7.995     0.993750        19753       160.00
       8.099     0.994531        19767       182.86
       8.263     0.995313        19784       213.33
       8.407     0.996094        19798       256.00
       8.479     0.996484        19807       284.44
       8.551     0.996875        19813       320.00
       8.711     0.997266        19821       365.71
       8.919     0.997656        19829       426.67
       9.151     0.998047        19837       512.00
       9.215     0.998242        19841       568.89
       9.263     0.998437        19844       640.00
       9.319     0.998633        19848       731.43
       9.399     0.998828        19852       853.33
       9.623     0.999023        19856      1024.00
       9.791     0.999121        19858      1137.78
       9.831     0.999219        19860      1280.00
       9.879     0.999316        19862      1462.86
      10.023     0.999414        19864      1706.67
      10.223     0.999512        19866      2048.00
      10.247     0.999561        19867      2275.56
      10.271     0.999609        19868      2560.00
      10.311     0.999658        19869      2925.71
      10.431     0.999707        19870      3413.33
      10.783     0.999756        19871      4096.00
      10.783     0.999780        19871      4551.11
      10.911     0.999805        19872      5120.00
      10.911     0.999829        19872      5851.43
      11.023     0.999854        19873      6826.67
      11.023     0.999878        19873      8192.00
      11.023     0.999890        19873      9102.22
      11.279     0.999902        19874     10240.00
      11.279     0.999915        19874     11702.86
      11.279     0.999927        19874     13653.33
      11.279     0.999939        19874     16384.00
      11.279     0.999945        19874     18204.44
      11.599     0.999951        19875     20480.00
      11.599     1.000000        19875          inf
#[Mean    =        3.181, StdDeviation   =        1.410]
#[Max     =       11.592, Total count    =        19875]
#[Buckets =           27, SubBuckets     =         2048]
----------------------------------------------------------
  29634 requests in 30.01s, 12.23MB read
  Socket errors: connect 0, read 0, write 0, timeout 148
Requests/sec:    987.61
Transfer/sec:    417.39KB
