Using argument nginx
using  args: threads=4 and connections=512 and duration=30 and requests=3000
Running 30s test @ http://10.10.1.8:8080/wrk2-api/user-timeline/read
  4 threads and 512 connections
  Thread calibration: mean lat.: 4.887ms, rate sampling interval: 10ms
  Thread calibration: mean lat.: 4.793ms, rate sampling interval: 10ms
  Thread calibration: mean lat.: 4.825ms, rate sampling interval: 10ms
  Thread calibration: mean lat.: 3.756ms, rate sampling interval: 10ms
  Thread Stats   Avg      Stdev     99%   +/- Stdev
    Latency     3.89ms    1.43ms  10.55ms   93.70%
    Req/Sec   791.47    293.98     1.55k    68.97%
  Latency Distribution (HdrHistogram - Recorded Latency)
 50.000%    3.58ms
 75.000%    4.08ms
 90.000%    4.83ms
 99.000%   10.55ms
 99.900%   18.91ms
 99.990%   26.09ms
 99.999%   28.32ms
100.000%   29.55ms

  Detailed Percentile spectrum:
       Value   Percentile   TotalCount 1/(1-Percentile)

       2.311     0.000000            1         1.00
       2.991     0.100000         6017         1.11
       3.161     0.200000        11997         1.25
       3.301     0.300000        17915         1.43
       3.437     0.400000        23883         1.67
       3.579     0.500000        29898         2.00
       3.663     0.550000        32908         2.22
       3.747     0.600000        35846         2.50
       3.843     0.650000        38813         2.86
       3.951     0.700000        41806         3.33
       4.083     0.750000        44796         4.00
       4.159     0.775000        46324         4.44
       4.243     0.800000        47800         5.00
       4.339     0.825000        49263         5.71
       4.463     0.850000        50777         6.67
       4.619     0.875000        52265         8.00
       4.715     0.887500        53002         8.89
       4.827     0.900000        53751        10.00
       4.951     0.912500        54498        11.43
       5.115     0.925000        55233        13.33
       5.319     0.937500        55979        16.00
       5.455     0.943750        56346        17.78
       5.615     0.950000        56722        20.00
       5.835     0.956250        57092        22.86
       6.111     0.962500        57469        26.67
       6.467     0.968750        57837        32.00
       6.707     0.971875        58024        35.56
       6.955     0.975000        58210        40.00
       7.383     0.978125        58400        45.71
       7.991     0.981250        58583        53.33
       8.647     0.984375        58771        64.00
       9.119     0.985938        58863        71.11
       9.679     0.987500        58960        80.00
      10.239     0.989062        59050        91.43
      10.831     0.990625        59143       106.67
      11.583     0.992188        59239       128.00
      11.975     0.992969        59283       142.22
      12.479     0.993750        59329       160.00
      12.967     0.994531        59376       182.86
      13.487     0.995313        59424       213.33
      14.175     0.996094        59469       256.00
      14.519     0.996484        59493       284.44
      14.863     0.996875        59516       320.00
      15.367     0.997266        59539       365.71
      15.983     0.997656        59564       426.67
      16.655     0.998047        59587       512.00
      17.039     0.998242        59599       568.89
      17.519     0.998437        59609       640.00
      18.015     0.998633        59621       731.43
      18.431     0.998828        59633       853.33
      19.007     0.999023        59644      1024.00
      19.455     0.999121        59651      1137.78
      19.663     0.999219        59656      1280.00
      20.047     0.999316        59662      1462.86
      20.367     0.999414        59668      1706.67
      21.135     0.999512        59673      2048.00
      21.711     0.999561        59676      2275.56
      21.983     0.999609        59679      2560.00
      22.383     0.999658        59682      2925.71
      22.703     0.999707        59685      3413.33
      23.423     0.999756        59688      4096.00
      24.015     0.999780        59689      4551.11
      24.303     0.999805        59691      5120.00
      25.295     0.999829        59692      5851.43
      25.695     0.999854        59694      6826.67
      25.903     0.999878        59695      8192.00
      26.095     0.999890        59696      9102.22
      26.399     0.999902        59697     10240.00
      26.399     0.999915        59697     11702.86
      26.447     0.999927        59698     13653.33
      26.863     0.999939        59699     16384.00
      26.863     0.999945        59699     18204.44
      27.439     0.999951        59700     20480.00
      27.439     0.999957        59700     23405.71
      27.439     0.999963        59700     27306.67
      28.319     0.999969        59701     32768.00
      28.319     0.999973        59701     36408.89
      28.319     0.999976        59701     40960.00
      28.319     0.999979        59701     46811.43
      28.319     0.999982        59701     54613.33
      29.551     0.999985        59702     65536.00
      29.551     1.000000        59702          inf
#[Mean    =        3.891, StdDeviation   =        1.426]
#[Max     =       29.536, Total count    =        59702]
#[Buckets =           27, SubBuckets     =         2048]
----------------------------------------------------------
  89119 requests in 30.00s, 15.64MB read
  Socket errors: connect 0, read 0, write 0, timeout 1
Requests/sec:   2970.63
Transfer/sec:    533.78KB
