Using argument nginx
using  args: threads=4 and connections=512 and duration=30 and requests=6000
Running 30s test @ http://10.10.1.6:8080/wrk2-api/user-timeline/read
  4 threads and 512 connections
  Thread calibration: mean lat.: 949.443ms, rate sampling interval: 4063ms
  Thread calibration: mean lat.: 1089.074ms, rate sampling interval: 4177ms
  Thread calibration: mean lat.: 952.865ms, rate sampling interval: 4083ms
  Thread calibration: mean lat.: 956.001ms, rate sampling interval: 4036ms
  Thread Stats   Avg      Stdev     99%   +/- Stdev
    Latency     3.84s     1.66s    7.79s    65.69%
    Req/Sec     1.20k    59.56     1.27k    62.50%
  Latency Distribution (HdrHistogram - Recorded Latency)
 50.000%    3.72s 
 75.000%    5.02s 
 90.000%    6.13s 
 99.000%    7.79s 
 99.900%    8.90s 
 99.990%    9.40s 
 99.999%    9.54s 
100.000%    9.63s 

  Detailed Percentile spectrum:
       Value   Percentile   TotalCount 1/(1-Percentile)

      55.935     0.000000            1         1.00
    1750.015     0.100000         9660         1.11
    2334.719     0.200000        19328         1.25
    2803.711     0.300000        28991         1.43
    3244.031     0.400000        38620         1.67
    3721.215     0.500000        48259         2.00
    3971.071     0.550000        53109         2.22
    4218.879     0.600000        57913         2.50
    4472.831     0.650000        62720         2.86
    4743.167     0.700000        67589         3.33
    5021.695     0.750000        72414         4.00
    5173.247     0.775000        74803         4.44
    5328.895     0.800000        77207         5.00
    5500.927     0.825000        79649         5.71
    5685.247     0.850000        82027         6.67
    5898.239     0.875000        84454         8.00
    6008.831     0.887500        85638         8.89
    6127.615     0.900000        86870        10.00
    6254.591     0.912500        88091        11.43
    6389.759     0.925000        89260        13.33
    6541.311     0.937500        90468        16.00
    6627.327     0.943750        91080        17.78
    6717.439     0.950000        91679        20.00
    6815.743     0.956250        92269        22.86
    6930.431     0.962500        92877        26.67
    7069.695     0.968750        93473        32.00
    7143.423     0.971875        93771        35.56
    7237.631     0.975000        94082        40.00
    7327.743     0.978125        94381        45.71
    7426.047     0.981250        94684        53.33
    7524.351     0.984375        94976        64.00
    7589.887     0.985938        95127        71.11
    7659.519     0.987500        95283        80.00
    7733.247     0.989062        95429        91.43
    7823.359     0.990625        95586       106.67
    7917.567     0.992188        95730       128.00
    7970.815     0.992969        95805       142.22
    8040.447     0.993750        95882       160.00
    8101.887     0.994531        95958       182.86
    8196.095     0.995313        96031       213.33
    8278.015     0.996094        96108       256.00
    8331.263     0.996484        96146       284.44
    8396.799     0.996875        96182       320.00
    8470.527     0.997266        96220       365.71
    8552.447     0.997656        96258       426.67
    8634.367     0.998047        96295       512.00
    8667.135     0.998242        96314       568.89
    8724.479     0.998437        96335       640.00
    8773.631     0.998633        96353       731.43
    8847.359     0.998828        96372       853.33
    8912.895     0.999023        96390      1024.00
    8929.279     0.999121        96400      1137.78
    8945.663     0.999219        96409      1280.00
    8986.623     0.999316        96418      1462.86
    9052.159     0.999414        96427      1706.67
    9093.119     0.999512        96436      2048.00
    9125.887     0.999561        96442      2275.56
    9166.847     0.999609        96446      2560.00
    9191.423     0.999658        96453      2925.71
    9199.615     0.999707        96455      3413.33
    9240.575     0.999756        96461      4096.00
    9248.767     0.999780        96463      4551.11
    9265.151     0.999805        96465      5120.00
    9297.919     0.999829        96467      5851.43
    9322.495     0.999854        96469      6826.67
    9355.263     0.999878        96472      8192.00
    9396.223     0.999890        96473      9102.22
    9404.415     0.999902        96474     10240.00
    9412.607     0.999915        96475     11702.86
    9428.991     0.999927        96476     13653.33
    9445.375     0.999939        96478     16384.00
    9445.375     0.999945        96478     18204.44
    9461.759     0.999951        96479     20480.00
    9461.759     0.999957        96479     23405.71
    9502.719     0.999963        96480     27306.67
    9519.103     0.999969        96481     32768.00
    9519.103     0.999973        96481     36408.89
    9519.103     0.999976        96481     40960.00
    9519.103     0.999979        96481     46811.43
    9535.487     0.999982        96482     54613.33
    9535.487     0.999985        96482     65536.00
    9535.487     0.999986        96482     72817.78
    9535.487     0.999988        96482     81920.00
    9535.487     0.999989        96482     93622.86
    9633.791     0.999991        96483    109226.67
    9633.791     1.000000        96483          inf
#[Mean    =     3840.542, StdDeviation   =     1664.897]
#[Max     =     9625.600, Total count    =        96483]
#[Buckets =           27, SubBuckets     =         2048]
----------------------------------------------------------
  143845 requests in 30.00s, 25.24MB read
Requests/sec:   4795.03
Transfer/sec:    861.61KB
