Using argument nginx
using  args: threads=4 and connections=512 and duration=30 and requests=3000
Running 30s test @ http://10.10.1.4:5000
  4 threads and 512 connections
  Thread calibration: mean lat.: 1.882ms, rate sampling interval: 10ms
  Thread calibration: mean lat.: 1.855ms, rate sampling interval: 10ms
  Thread calibration: mean lat.: 1.871ms, rate sampling interval: 10ms
  Thread calibration: mean lat.: 1.865ms, rate sampling interval: 10ms
  Thread Stats   Avg      Stdev     99%   +/- Stdev
    Latency     1.84ms    1.01ms   5.02ms   70.84%
    Req/Sec   792.52    294.26     1.55k    68.67%
  Latency Distribution (HdrHistogram - Recorded Latency)
 50.000%    1.51ms
 75.000%    2.39ms
 90.000%    3.27ms
 99.000%    5.02ms
 99.900%    6.21ms
 99.990%    8.05ms
 99.999%    9.34ms
100.000%    9.38ms

  Detailed Percentile spectrum:
       Value   Percentile   TotalCount 1/(1-Percentile)

       0.399     0.000000            1         1.00
       0.802     0.100000         5992         1.11
       0.928     0.200000        11954         1.25
       1.267     0.300000        17940         1.43
       1.389     0.400000        23931         1.67
       1.509     0.500000        29873         2.00
       1.590     0.550000        32859         2.22
       1.725     0.600000        35838         2.50
       1.968     0.650000        38829         2.86
       2.185     0.700000        41823         3.33
       2.387     0.750000        44818         4.00
       2.495     0.775000        46293         4.44
       2.611     0.800000        47801         5.00
       2.737     0.825000        49286         5.71
       2.885     0.850000        50771         6.67
       3.071     0.875000        52281         8.00
       3.167     0.887500        53025         8.89
       3.269     0.900000        53760        10.00
       3.391     0.912500        54509        11.43
       3.531     0.925000        55253        13.33
       3.691     0.937500        55996        16.00
       3.785     0.943750        56378        17.78
       3.873     0.950000        56746        20.00
       3.983     0.956250        57118        22.86
       4.107     0.962500        57492        26.67
       4.251     0.968750        57865        32.00
       4.327     0.971875        58053        35.56
       4.407     0.975000        58237        40.00
       4.507     0.978125        58429        45.71
       4.623     0.981250        58617        53.33
       4.731     0.984375        58800        64.00
       4.811     0.985938        58894        71.11
       4.883     0.987500        58985        80.00
       4.967     0.989062        59078        91.43
       5.063     0.990625        59171       106.67
       5.167     0.992188        59263       128.00
       5.239     0.992969        59311       142.22
       5.303     0.993750        59358       160.00
       5.363     0.994531        59404       182.86
       5.447     0.995313        59452       213.33
       5.535     0.996094        59497       256.00
       5.599     0.996484        59523       284.44
       5.651     0.996875        59544       320.00
       5.719     0.997266        59566       365.71
       5.803     0.997656        59591       426.67
       5.911     0.998047        59613       512.00
       5.991     0.998242        59628       568.89
       6.047     0.998437        59639       640.00
       6.071     0.998633        59648       731.43
       6.155     0.998828        59660       853.33
       6.227     0.999023        59673      1024.00
       6.247     0.999121        59677      1137.78
       6.283     0.999219        59683      1280.00
       6.351     0.999316        59689      1462.86
       6.419     0.999414        59696      1706.67
       6.515     0.999512        59700      2048.00
       6.563     0.999561        59703      2275.56
       6.595     0.999609        59706      2560.00
       6.751     0.999658        59709      2925.71
       6.827     0.999707        59712      3413.33
       6.859     0.999756        59715      4096.00
       7.231     0.999780        59716      4551.11
       7.411     0.999805        59718      5120.00
       7.447     0.999829        59719      5851.43
       7.703     0.999854        59721      6826.67
       7.767     0.999878        59722      8192.00
       8.047     0.999890        59723      9102.22
       8.059     0.999902        59724     10240.00
       8.059     0.999915        59724     11702.86
       8.527     0.999927        59725     13653.33
       8.687     0.999939        59726     16384.00
       8.687     0.999945        59726     18204.44
       8.695     0.999951        59727     20480.00
       8.695     0.999957        59727     23405.71
       8.695     0.999963        59727     27306.67
       9.335     0.999969        59728     32768.00
       9.335     0.999973        59728     36408.89
       9.335     0.999976        59728     40960.00
       9.335     0.999979        59728     46811.43
       9.335     0.999982        59728     54613.33
       9.375     0.999985        59729     65536.00
       9.375     1.000000        59729          inf
#[Mean    =        1.842, StdDeviation   =        1.005]
#[Max     =        9.368, Total count    =        59729]
#[Buckets =           27, SubBuckets     =         2048]
----------------------------------------------------------
  88434 requests in 30.00s, 36.72MB read
Requests/sec:   2947.61
Transfer/sec:      1.22MB
