Using argument nginx
using  args: threads=4 and connections=512 and duration=30 and requests=2500
Running 30s test @ http://10.10.1.4:5000
  4 threads and 512 connections
  Thread calibration: mean lat.: 2.054ms, rate sampling interval: 10ms
  Thread calibration: mean lat.: 2.061ms, rate sampling interval: 10ms
  Thread calibration: mean lat.: 2.087ms, rate sampling interval: 10ms
  Thread calibration: mean lat.: 2.192ms, rate sampling interval: 10ms
  Thread Stats   Avg      Stdev     99%   +/- Stdev
    Latency     1.79ms    0.96ms   4.80ms   70.74%
    Req/Sec   661.98    265.26     1.33k    73.04%
  Latency Distribution (HdrHistogram - Recorded Latency)
 50.000%    1.48ms
 75.000%    2.32ms
 90.000%    3.15ms
 99.000%    4.80ms
 99.900%    5.91ms
 99.990%    7.06ms
 99.999%    9.45ms
100.000%    9.45ms

  Detailed Percentile spectrum:
       Value   Percentile   TotalCount 1/(1-Percentile)

       0.379     0.000000            1         1.00
       0.797     0.100000         5062         1.11
       0.905     0.200000         9985         1.25
       1.251     0.300000        14986         1.43
       1.368     0.400000        20013         1.67
       1.475     0.500000        24970         2.00
       1.546     0.550000        27460         2.22
       1.655     0.600000        29963         2.50
       1.885     0.650000        32449         2.86
       2.131     0.700000        34967         3.33
       2.321     0.750000        37443         4.00
       2.427     0.775000        38697         4.44
       2.533     0.800000        39939         5.00
       2.649     0.825000        41201         5.71
       2.785     0.850000        42435         6.67
       2.949     0.875000        43680         8.00
       3.047     0.887500        44317         8.89
       3.149     0.900000        44928        10.00
       3.269     0.912500        45552        11.43
       3.399     0.925000        46176        13.33
       3.559     0.937500        46803        16.00
       3.651     0.943750        47113        17.78
       3.745     0.950000        47430        20.00
       3.851     0.956250        47742        22.86
       3.969     0.962500        48051        26.67
       4.093     0.968750        48365        32.00
       4.171     0.971875        48524        35.56
       4.259     0.975000        48677        40.00
       4.359     0.978125        48832        45.71
       4.455     0.981250        48985        53.33
       4.559     0.984375        49143        64.00
       4.627     0.985938        49221        71.11
       4.687     0.987500        49300        80.00
       4.759     0.989062        49377        91.43
       4.843     0.990625        49455       106.67
       4.939     0.992188        49530       128.00
       4.995     0.992969        49569       142.22
       5.071     0.993750        49609       160.00
       5.139     0.994531        49648       182.86
       5.203     0.995313        49686       213.33
       5.287     0.996094        49726       256.00
       5.331     0.996484        49744       284.44
       5.387     0.996875        49764       320.00
       5.463     0.997266        49783       365.71
       5.515     0.997656        49803       426.67
       5.647     0.998047        49822       512.00
       5.695     0.998242        49833       568.89
       5.715     0.998437        49842       640.00
       5.787     0.998633        49851       731.43
       5.847     0.998828        49861       853.33
       5.931     0.999023        49871      1024.00
       5.987     0.999121        49876      1137.78
       6.095     0.999219        49882      1280.00
       6.147     0.999316        49885      1462.86
       6.275     0.999414        49890      1706.67
       6.299     0.999512        49895      2048.00
       6.355     0.999561        49898      2275.56
       6.375     0.999609        49900      2560.00
       6.455     0.999658        49902      2925.71
       6.483     0.999707        49905      3413.33
       6.559     0.999756        49907      4096.00
       6.583     0.999780        49909      4551.11
       6.683     0.999805        49910      5120.00
       6.695     0.999829        49911      5851.43
       6.743     0.999854        49912      6826.67
       7.015     0.999878        49913      8192.00
       7.063     0.999890        49914      9102.22
       7.327     0.999902        49915     10240.00
       7.327     0.999915        49915     11702.86
       7.415     0.999927        49916     13653.33
       7.415     0.999939        49916     16384.00
       7.659     0.999945        49917     18204.44
       7.659     0.999951        49917     20480.00
       7.659     0.999957        49917     23405.71
       7.927     0.999963        49918     27306.67
       7.927     0.999969        49918     32768.00
       7.927     0.999973        49918     36408.89
       7.927     0.999976        49918     40960.00
       7.927     0.999979        49918     46811.43
       9.447     0.999982        49919     54613.33
       9.447     1.000000        49919          inf
#[Mean    =        1.789, StdDeviation   =        0.961]
#[Max     =        9.440, Total count    =        49919]
#[Buckets =           27, SubBuckets     =         2048]
----------------------------------------------------------
  74941 requests in 30.00s, 31.02MB read
  Socket errors: connect 0, read 0, write 0, timeout 1
Requests/sec:   2497.97
Transfer/sec:      1.03MB
