Using argument nginx
using  args: threads=4 and connections=512 and duration=30 and requests=6000
Running 30s test @ http://10.10.1.5:8080
  4 threads and 512 connections
  Thread calibration: mean lat.: 3309.185ms, rate sampling interval: 12845ms
  Thread calibration: mean lat.: 3181.656ms, rate sampling interval: 12656ms
  Thread calibration: mean lat.: 3242.552ms, rate sampling interval: 11894ms
  Thread calibration: mean lat.: 3401.265ms, rate sampling interval: 12541ms
  Thread Stats   Avg      Stdev     99%   +/- Stdev
    Latency    14.82s     5.66s   25.07s    57.09%
    Req/Sec   292.75     59.60   393.00     75.00%
  Latency Distribution (HdrHistogram - Recorded Latency)
 50.000%   14.51s 
 75.000%   20.27s 
 90.000%   22.41s 
 99.000%   25.07s 
 99.900%   26.39s 
 99.990%   26.77s 
 99.999%   26.87s 
100.000%   26.87s 

  Detailed Percentile spectrum:
       Value   Percentile   TotalCount 1/(1-Percentile)

    2537.471     0.000000            1         1.00
    7753.727     0.100000         2324         1.11
    9289.727     0.200000         4661         1.25
   10452.991     0.300000         6970         1.43
   11583.487     0.400000         9304         1.67
   14508.031     0.500000        11619         2.00
   16007.167     0.550000        12778         2.22
   17006.591     0.600000        13949         2.50
   18006.015     0.650000        15104         2.86
   19202.047     0.700000        16274         3.33
   20267.007     0.750000        17437         4.00
   20742.143     0.775000        18036         4.44
   21151.743     0.800000        18610         5.00
   21463.039     0.825000        19169         5.71
   21790.719     0.850000        19771         6.67
   22102.015     0.875000        20345         8.00
   22249.471     0.887500        20650         8.89
   22413.311     0.900000        20934        10.00
   22593.535     0.912500        21207        11.43
   22806.527     0.925000        21508        13.33
   23003.135     0.937500        21781        16.00
   23117.823     0.943750        21927        17.78
   23232.511     0.950000        22073        20.00
   23412.735     0.956250        22230        22.86
   23625.727     0.962500        22367        26.67
   23871.487     0.968750        22506        32.00
   24018.943     0.971875        22580        35.56
   24182.783     0.975000        22654        40.00
   24346.623     0.978125        22726        45.71
   24559.615     0.981250        22801        53.33
   24756.223     0.984375        22869        64.00
   24838.143     0.985938        22912        71.11
   24936.447     0.987500        22943        80.00
   25001.983     0.989062        22979        91.43
   25100.287     0.990625        23018       106.67
   25214.975     0.992188        23053       128.00
   25264.127     0.992969        23071       142.22
   25329.663     0.993750        23088       160.00
   25411.583     0.994531        23109       182.86
   25493.503     0.995313        23124       213.33
   25624.575     0.996094        23143       256.00
   25722.879     0.996484        23151       284.44
   25821.183     0.996875        23160       320.00
   25919.487     0.997266        23169       365.71
   26034.175     0.997656        23178       426.67
   26148.863     0.998047        23189       512.00
   26181.631     0.998242        23192       568.89
   26247.167     0.998437        23196       640.00
   26345.471     0.998633        23201       731.43
   26378.239     0.998828        23206       853.33
   26411.007     0.999023        23211      1024.00
   26427.391     0.999121        23215      1137.78
   26427.391     0.999219        23215      1280.00
   26460.159     0.999316        23217      1462.86
   26542.079     0.999414        23219      1706.67
   26623.999     0.999512        23224      2048.00
   26623.999     0.999561        23224      2275.56
   26623.999     0.999609        23224      2560.00
   26673.151     0.999658        23225      2925.71
   26689.535     0.999707        23226      3413.33
   26705.919     0.999756        23227      4096.00
   26705.919     0.999780        23227      4551.11
   26738.687     0.999805        23228      5120.00
   26755.071     0.999829        23229      5851.43
   26755.071     0.999854        23229      6826.67
   26771.455     0.999878        23230      8192.00
   26771.455     0.999890        23230      9102.22
   26771.455     0.999902        23230     10240.00
   26787.839     0.999915        23231     11702.86
   26787.839     0.999927        23231     13653.33
   26787.839     0.999939        23231     16384.00
   26787.839     0.999945        23231     18204.44
   26787.839     0.999951        23231     20480.00
   26869.759     0.999957        23232     23405.71
   26869.759     1.000000        23232          inf
#[Mean    =    14823.555, StdDeviation   =     5662.672]
#[Max     =    26853.376, Total count    =        23232]
#[Buckets =           27, SubBuckets     =         2048]
----------------------------------------------------------
  35948 requests in 30.02s, 322.09MB read
  Non-2xx or 3xx responses: 846
Requests/sec:   1197.56
Transfer/sec:     10.73MB
