Using argument nginx
using  args: threads=4 and connections=512 and duration=30 and requests=4000
Running 30s test @ http://10.10.1.5:8080
  4 threads and 512 connections
  Thread calibration: mean lat.: 2276.667ms, rate sampling interval: 8970ms
  Thread calibration: mean lat.: 2527.005ms, rate sampling interval: 9723ms
  Thread calibration: mean lat.: 2580.278ms, rate sampling interval: 10182ms
  Thread calibration: mean lat.: 2438.967ms, rate sampling interval: 9322ms
  Thread Stats   Avg      Stdev     99%   +/- Stdev
    Latency    11.85s     6.18s   22.69s    58.95%
    Req/Sec   302.14     12.96   325.00     85.71%
  Latency Distribution (HdrHistogram - Recorded Latency)
 50.000%   11.60s 
 75.000%   17.40s 
 90.000%   19.66s 
 99.000%   22.69s 
 99.900%   24.36s 
 99.990%   25.49s 
 99.999%   25.59s 
100.000%   25.59s 

  Detailed Percentile spectrum:
       Value   Percentile   TotalCount 1/(1-Percentile)

       1.239     0.000000            1         1.00
    3172.351     0.100000         2402         1.11
    5533.695     0.200000         4805         1.25
    7897.087     0.300000         7203         1.43
    9863.167     0.400000         9601         1.67
   11599.871     0.500000        12004         2.00
   12574.719     0.550000        13204         2.22
   14630.911     0.600000        14401         2.50
   15884.287     0.650000        15606         2.86
   16695.295     0.700000        16814         3.33
   17399.807     0.750000        18017         4.00
   17776.639     0.775000        18617         4.44
   18104.319     0.800000        19213         5.00
   18530.303     0.825000        19825         5.71
   18907.135     0.850000        20416         6.67
   19283.967     0.875000        21023         8.00
   19464.191     0.887500        21326         8.89
   19660.799     0.900000        21624        10.00
   19890.175     0.912500        21912        11.43
   20135.935     0.925000        22219        13.33
   20414.463     0.937500        22502        16.00
   20611.071     0.943750        22662        17.78
   20856.831     0.950000        22807        20.00
   21102.591     0.956250        22953        22.86
   21381.119     0.962500        23106        26.67
   21659.647     0.968750        23259        32.00
   21790.719     0.971875        23332        35.56
   21905.407     0.975000        23408        40.00
   22052.863     0.978125        23480        45.71
   22216.703     0.981250        23563        53.33
   22380.543     0.984375        23628        64.00
   22462.463     0.985938        23664        71.11
   22527.999     0.987500        23706        80.00
   22609.919     0.989062        23741        91.43
   22740.991     0.990625        23776       106.67
   22855.679     0.992188        23814       128.00
   22921.215     0.992969        23835       142.22
   22986.751     0.993750        23853       160.00
   23068.671     0.994531        23874       182.86
   23134.207     0.995313        23891       213.33
   23248.895     0.996094        23911       256.00
   23314.431     0.996484        23917       284.44
   23363.583     0.996875        23926       320.00
   23445.503     0.997266        23937       365.71
   23527.423     0.997656        23945       426.67
   23674.879     0.998047        23955       512.00
   23822.335     0.998242        23959       568.89
   24051.711     0.998437        23964       640.00
   24133.631     0.998633        23969       731.43
   24281.087     0.998828        23973       853.33
   24592.383     0.999023        23978      1024.00
   24756.223     0.999121        23980      1137.78
   24969.215     0.999219        23983      1280.00
   25001.983     0.999316        23985      1462.86
   25067.519     0.999414        23988      1706.67
   25100.287     0.999512        23990      2048.00
   25133.055     0.999561        23991      2275.56
   25149.439     0.999609        23992      2560.00
   25214.975     0.999658        23993      2925.71
   25231.359     0.999707        23994      3413.33
   25411.583     0.999756        23996      4096.00
   25411.583     0.999780        23996      4551.11
   25444.351     0.999805        23997      5120.00
   25444.351     0.999829        23997      5851.43
   25477.119     0.999854        23998      6826.67
   25493.503     0.999878        23999      8192.00
   25493.503     0.999890        23999      9102.22
   25493.503     0.999902        23999     10240.00
   25493.503     0.999915        23999     11702.86
   25542.655     0.999927        24000     13653.33
   25542.655     0.999939        24000     16384.00
   25542.655     0.999945        24000     18204.44
   25542.655     0.999951        24000     20480.00
   25542.655     0.999957        24000     23405.71
   25591.807     0.999963        24001     27306.67
   25591.807     1.000000        24001          inf
#[Mean    =    11848.728, StdDeviation   =     6175.074]
#[Max     =    25575.424, Total count    =        24001]
#[Buckets =           27, SubBuckets     =         2048]
----------------------------------------------------------
  37359 requests in 30.02s, 318.91MB read
  Non-2xx or 3xx responses: 952
Requests/sec:   1244.35
Transfer/sec:     10.62MB
