No argument supplied nginx
using  args: threads=4 and connections=512 and duration=30 and requests=2000
Running 30s test @ http://localhost:8080
  4 threads and 512 connections
  Thread calibration: mean lat.: 3.800ms, rate sampling interval: 10ms
  Thread calibration: mean lat.: 3.821ms, rate sampling interval: 10ms
  Thread calibration: mean lat.: 3.811ms, rate sampling interval: 10ms
  Thread calibration: mean lat.: 3.797ms, rate sampling interval: 10ms
  Thread Stats   Avg      Stdev     99%   +/- Stdev
    Latency   193.75ms  471.81ms   2.12s    88.96%
    Req/Sec   520.51    395.56     2.20k    77.19%
  Latency Distribution (HdrHistogram - Recorded Latency)
 50.000%    4.75ms
 75.000%   47.49ms
 90.000%  743.42ms
 99.000%    2.12s 
 99.900%    3.56s 
 99.990%    4.33s 
 99.999%    5.23s 
100.000%    5.23s 

  Detailed Percentile spectrum:
       Value   Percentile   TotalCount 1/(1-Percentile)

       1.128     0.000000            1         1.00
       1.906     0.100000         3930         1.11
       2.829     0.200000         7853         1.25
       4.015     0.300000        11780         1.43
       4.431     0.400000        15701         1.67
       4.747     0.500000        19639         2.00
       4.931     0.550000        21600         2.22
       5.159     0.600000        23567         2.50
       5.519     0.650000        25515         2.86
       6.403     0.700000        27477         3.33
      47.487     0.750000        29439         4.00
      96.575     0.775000        30421         4.44
     179.967     0.800000        31402         5.00
     276.735     0.825000        32385         5.71
     395.007     0.850000        33368         6.67
     549.375     0.875000        34350         8.00
     648.703     0.887500        34841         8.89
     743.423     0.900000        35328        10.00
     864.767     0.912500        35819        11.43
    1004.543     0.925000        36309        13.33
    1159.167     0.937500        36799        16.00
    1239.039     0.943750        37045        17.78
    1324.031     0.950000        37290        20.00
    1400.831     0.956250        37535        22.86
    1471.487     0.962500        37783        26.67
    1564.671     0.968750        38028        32.00
    1616.895     0.971875        38149        35.56
    1668.095     0.975000        38273        40.00
    1732.607     0.978125        38395        45.71
    1796.095     0.981250        38518        53.33
    1866.751     0.984375        38640        64.00
    1926.143     0.985938        38701        71.11
    1984.511     0.987500        38762        80.00
    2069.503     0.989062        38823        91.43
    2160.639     0.990625        38885       106.67
    2271.231     0.992188        38946       128.00
    2359.295     0.992969        38977       142.22
    2439.167     0.993750        39007       160.00
    2555.903     0.994531        39038       182.86
    2660.351     0.995313        39070       213.33
    2840.575     0.996094        39100       256.00
    2889.727     0.996484        39115       284.44
    2973.695     0.996875        39130       320.00
    3043.327     0.997266        39145       365.71
    3141.631     0.997656        39161       426.67
    3270.655     0.998047        39176       512.00
    3330.047     0.998242        39185       568.89
    3393.535     0.998437        39191       640.00
    3442.687     0.998633        39199       731.43
    3497.983     0.998828        39207       853.33
    3569.663     0.999023        39214      1024.00
    3618.815     0.999121        39218      1137.78
    3684.351     0.999219        39222      1280.00
    3725.311     0.999316        39226      1462.86
    3782.655     0.999414        39230      1706.67
    3852.287     0.999512        39233      2048.00
    3876.863     0.999561        39235      2275.56
    3995.647     0.999609        39237      2560.00
    4005.887     0.999658        39239      2925.71
    4073.471     0.999707        39241      3413.33
    4106.239     0.999756        39243      4096.00
    4116.479     0.999780        39244      4551.11
    4145.151     0.999805        39245      5120.00
    4151.295     0.999829        39246      5851.43
    4153.343     0.999854        39247      6826.67
    4333.567     0.999878        39248      8192.00
    4333.567     0.999890        39248      9102.22
    4403.199     0.999902        39249     10240.00
    4403.199     0.999915        39249     11702.86
    4706.303     0.999927        39250     13653.33
    4706.303     0.999939        39250     16384.00
    4706.303     0.999945        39250     18204.44
    5165.055     0.999951        39251     20480.00
    5165.055     0.999957        39251     23405.71
    5165.055     0.999963        39251     27306.67
    5165.055     0.999969        39251     32768.00
    5165.055     0.999973        39251     36408.89
    5230.591     0.999976        39252     40960.00
    5230.591     1.000000        39252          inf
#[Mean    =      193.748, StdDeviation   =      471.808]
#[Max     =     5226.496, Total count    =        39252]
#[Buckets =           27, SubBuckets     =         2048]
----------------------------------------------------------
  58750 requests in 30.01s, 473.77MB read
  Socket errors: connect 0, read 0, write 0, timeout 9
  Non-2xx or 3xx responses: 183
Requests/sec:   1957.90
Transfer/sec:     15.79MB
