Using argument nginx
using  args: threads=4 and connections=8 and duration=30 and requests=2500
Running 30s test @ http://10.10.1.5:5000
  4 threads and 8 connections
  Thread calibration: mean lat.: 4.928ms, rate sampling interval: 19ms
  Thread calibration: mean lat.: 4.829ms, rate sampling interval: 20ms
  Thread calibration: mean lat.: 4.663ms, rate sampling interval: 18ms
  Thread calibration: mean lat.: 4.996ms, rate sampling interval: 20ms
  Thread Stats   Avg      Stdev     99%   +/- Stdev
    Latency     4.80ms    3.75ms  17.93ms   79.73%
    Req/Sec   644.72    165.93     1.05k    67.32%
  Latency Distribution (HdrHistogram - Recorded Latency)
 50.000%    3.75ms
 75.000%    6.43ms
 90.000%    9.75ms
 99.000%   17.93ms
 99.900%   24.66ms
 99.990%   29.45ms
 99.999%   31.36ms
100.000%   34.78ms

  Detailed Percentile spectrum:
       Value   Percentile   TotalCount 1/(1-Percentile)

       0.343     0.000000            1         1.00
       1.336     0.100000         5034         1.11
       1.718     0.200000        10050         1.25
       2.295     0.300000        15071         1.43
       3.027     0.400000        20111         1.67
       3.747     0.500000        25120         2.00
       4.171     0.550000        27634         2.22
       4.655     0.600000        30154         2.50
       5.175     0.650000        32660         2.86
       5.759     0.700000        35174         3.33
       6.431     0.750000        37680         4.00
       6.839     0.775000        38931         4.44
       7.275     0.800000        40187         5.00
       7.759     0.825000        41446         5.71
       8.311     0.850000        42699         6.67
       8.967     0.875000        43969         8.00
       9.311     0.887500        44594         8.89
       9.751     0.900000        45220        10.00
      10.239     0.912500        45838        11.43
      10.767     0.925000        46466        13.33
      11.479     0.937500        47096        16.00
      11.879     0.943750        47411        17.78
      12.343     0.950000        47726        20.00
      12.831     0.956250        48036        22.86
      13.359     0.962500        48353        26.67
      13.983     0.968750        48665        32.00
      14.391     0.971875        48821        35.56
      14.823     0.975000        48979        40.00
      15.295     0.978125        49136        45.71
      15.783     0.981250        49293        53.33
      16.367     0.984375        49450        64.00
      16.799     0.985938        49530        71.11
      17.247     0.987500        49607        80.00
      17.647     0.989062        49684        91.43
      18.159     0.990625        49763       106.67
      18.751     0.992188        49844       128.00
      19.071     0.992969        49881       142.22
      19.439     0.993750        49923       160.00
      19.807     0.994531        49959       182.86
      20.255     0.995313        49998       213.33
      20.911     0.996094        50037       256.00
      21.279     0.996484        50057       284.44
      21.599     0.996875        50077       320.00
      22.047     0.997266        50096       365.71
      22.591     0.997656        50116       426.67
      22.927     0.998047        50135       512.00
      23.119     0.998242        50145       568.89
      23.455     0.998437        50155       640.00
      24.063     0.998633        50165       731.43
      24.335     0.998828        50175       853.33
      24.703     0.999023        50185      1024.00
      25.055     0.999121        50190      1137.78
      25.135     0.999219        50194      1280.00
      25.327     0.999316        50199      1462.86
      25.615     0.999414        50204      1706.67
      25.727     0.999512        50209      2048.00
      25.903     0.999561        50211      2275.56
      26.335     0.999609        50214      2560.00
      26.511     0.999658        50217      2925.71
      26.847     0.999707        50219      3413.33
      27.999     0.999756        50221      4096.00
      28.479     0.999780        50222      4551.11
      28.719     0.999805        50224      5120.00
      28.799     0.999829        50225      5851.43
      29.055     0.999854        50226      6826.67
      29.295     0.999878        50227      8192.00
      29.455     0.999890        50228      9102.22
      29.519     0.999902        50229     10240.00
      29.519     0.999915        50229     11702.86
      29.759     0.999927        50230     13653.33
      29.759     0.999939        50230     16384.00
      29.903     0.999945        50231     18204.44
      29.903     0.999951        50231     20480.00
      29.903     0.999957        50231     23405.71
      31.359     0.999963        50232     27306.67
      31.359     0.999969        50232     32768.00
      31.359     0.999973        50232     36408.89
      31.359     0.999976        50232     40960.00
      31.359     0.999979        50232     46811.43
      34.783     0.999982        50233     54613.33
      34.783     1.000000        50233          inf
#[Mean    =        4.804, StdDeviation   =        3.747]
#[Max     =       34.752, Total count    =        50233]
#[Buckets =           27, SubBuckets     =         2048]
----------------------------------------------------------
  75108 requests in 30.00s, 31.06MB read
Requests/sec:   2503.61
Transfer/sec:      1.04MB
