Using argument nginx
using  args: threads=4 and connections=512 and duration=150 and requests=14000
Running 2m test @ http://10.10.1.4:5000
  4 threads and 512 connections
  Thread calibration: mean lat.: 9.449ms, rate sampling interval: 33ms
  Thread calibration: mean lat.: 8.819ms, rate sampling interval: 31ms
  Thread calibration: mean lat.: 9.581ms, rate sampling interval: 33ms
  Thread calibration: mean lat.: 9.558ms, rate sampling interval: 33ms
  Thread Stats   Avg      Stdev     99%   +/- Stdev
    Latency    48.41ms   52.36ms 263.68ms   88.81%
    Req/Sec     3.56k     0.93k    5.64k    64.90%
  Latency Distribution (HdrHistogram - Recorded Latency)
 50.000%   31.77ms
 75.000%   58.46ms
 90.000%  107.58ms
 99.000%  263.68ms
 99.900%  423.68ms
 99.990%  578.56ms
 99.999%  745.47ms
100.000%  876.54ms

  Detailed Percentile spectrum:
       Value   Percentile   TotalCount 1/(1-Percentile)

       0.340     0.000000            1         1.00
       9.191     0.100000       195869         1.11
      14.319     0.200000       391679         1.25
      19.711     0.300000       588057         1.43
      25.503     0.400000       783750         1.67
      31.775     0.500000       979343         2.00
      35.391     0.550000      1077624         2.22
      39.551     0.600000      1175601         2.50
      44.543     0.650000      1273106         2.86
      50.623     0.700000      1370918         3.33
      58.463     0.750000      1468990         4.00
      63.263     0.775000      1517871         4.44
      68.927     0.800000      1566921         5.00
      75.647     0.825000      1615815         5.71
      83.903     0.850000      1664848         6.67
      94.207     0.875000      1713588         8.00
     100.479     0.887500      1738098         8.89
     107.583     0.900000      1762706        10.00
     115.903     0.912500      1787163        11.43
     125.631     0.925000      1811612        13.33
     137.215     0.937500      1836033        16.00
     144.127     0.943750      1848272        17.78
     151.935     0.950000      1860514        20.00
     160.767     0.956250      1872748        22.86
     171.391     0.962500      1885073        26.67
     183.679     0.968750      1897249        32.00
     190.719     0.971875      1903413        35.56
     198.655     0.975000      1909440        40.00
     207.871     0.978125      1915577        45.71
     218.879     0.981250      1921662        53.33
     231.807     0.984375      1927797        64.00
     239.359     0.985938      1930884        71.11
     247.423     0.987500      1933906        80.00
     257.279     0.989062      1936970        91.43
     268.287     0.990625      1940023       106.67
     280.831     0.992188      1943117       128.00
     288.255     0.992969      1944610       142.22
     296.959     0.993750      1946177       160.00
     306.175     0.994531      1947695       182.86
     316.671     0.995313      1949223       213.33
     328.959     0.996094      1950739       256.00
     335.871     0.996484      1951490       284.44
     344.575     0.996875      1952266       320.00
     353.279     0.997266      1953020       365.71
     364.543     0.997656      1953800       426.67
     376.831     0.998047      1954557       512.00
     383.743     0.998242      1954938       568.89
     391.679     0.998437      1955317       640.00
     401.407     0.998633      1955702       731.43
     412.671     0.998828      1956083       853.33
     425.471     0.999023      1956462      1024.00
     432.383     0.999121      1956654      1137.78
     440.319     0.999219      1956844      1280.00
     449.535     0.999316      1957036      1462.86
     460.543     0.999414      1957228      1706.67
     473.343     0.999512      1957420      2048.00
     478.975     0.999561      1957512      2275.56
     488.191     0.999609      1957611      2560.00
     494.591     0.999658      1957704      2925.71
     502.783     0.999707      1957800      3413.33
     516.607     0.999756      1957895      4096.00
     523.007     0.999780      1957945      4551.11
     530.431     0.999805      1957993      5120.00
     539.135     0.999829      1958039      5851.43
     551.935     0.999854      1958086      6826.67
     565.759     0.999878      1958134      8192.00
     570.879     0.999890      1958157      9102.22
     581.631     0.999902      1958181     10240.00
     590.335     0.999915      1958207     11702.86
     601.087     0.999927      1958229     13653.33
     611.327     0.999939      1958254     16384.00
     621.567     0.999945      1958265     18204.44
     626.687     0.999951      1958277     20480.00
     634.367     0.999957      1958290     23405.71
     650.239     0.999963      1958301     27306.67
     659.967     0.999969      1958313     32768.00
     669.183     0.999973      1958321     36408.89
     682.495     0.999976      1958326     40960.00
     694.783     0.999979      1958331     46811.43
     710.655     0.999982      1958337     54613.33
     733.695     0.999985      1958343     65536.00
     738.815     0.999986      1958347     72817.78
     740.351     0.999988      1958349     81920.00
     745.471     0.999989      1958352     93622.86
     749.055     0.999991      1958355    109226.67
     763.391     0.999992      1958358    131072.00
     766.463     0.999993      1958360    145635.56
     777.215     0.999994      1958361    163840.00
     777.727     0.999995      1958362    187245.71
     786.943     0.999995      1958364    218453.33
     804.351     0.999996      1958366    262144.00
     804.351     0.999997      1958366    291271.11
     807.935     0.999997      1958367    327680.00
     807.935     0.999997      1958367    374491.43
     812.031     0.999998      1958368    436906.67
     815.103     0.999998      1958369    524288.00
     815.103     0.999998      1958369    582542.22
     819.711     0.999998      1958370    655360.00
     819.711     0.999999      1958370    748982.86
     819.711     0.999999      1958370    873813.33
     828.415     0.999999      1958371   1048576.00
     828.415     0.999999      1958371   1165084.44
     828.415     0.999999      1958371   1310720.00
     828.415     0.999999      1958371   1497965.71
     828.415     0.999999      1958371   1747626.67
     876.543     1.000000      1958372   2097152.00
     876.543     1.000000      1958372          inf
#[Mean    =       48.412, StdDeviation   =       52.356]
#[Max     =      876.032, Total count    =      1958372]
#[Buckets =           27, SubBuckets     =         2048]
----------------------------------------------------------
  2095945 requests in 2.50m, 866.98MB read
Requests/sec:  13972.72
Transfer/sec:      5.78MB
