No argument supplied nginx
using  args: threads=4 and connections=512 and duration=30 and requests=3000
Running 30s test @ http://localhost:8080
  4 threads and 512 connections
  Thread calibration: mean lat.: 4.305ms, rate sampling interval: 12ms
  Thread calibration: mean lat.: 4.233ms, rate sampling interval: 12ms
  Thread calibration: mean lat.: 4.196ms, rate sampling interval: 12ms
  Thread calibration: mean lat.: 4.312ms, rate sampling interval: 12ms
  Thread Stats   Avg      Stdev     99%   +/- Stdev
    Latency     4.39ms    1.66ms   8.68ms   66.50%
    Req/Sec   784.14    260.67     1.45k    68.96%
  Latency Distribution (HdrHistogram - Recorded Latency)
 50.000%    4.65ms
 75.000%    5.35ms
 90.000%    6.24ms
 99.000%    8.68ms
 99.900%   11.34ms
 99.990%   15.42ms
 99.999%   19.98ms
100.000%   20.16ms

  Detailed Percentile spectrum:
       Value   Percentile   TotalCount 1/(1-Percentile)

       1.136     0.000000            1         1.00
       1.899     0.100000         5996         1.11
       2.417     0.200000        11945         1.25
       3.629     0.300000        17924         1.43
       4.359     0.400000        23917         1.67
       4.651     0.500000        29863         2.00
       4.779     0.550000        32878         2.22
       4.903     0.600000        35856         2.50
       5.039     0.650000        38908         2.86
       5.179     0.700000        41825         3.33
       5.347     0.750000        44804         4.00
       5.447     0.775000        46297         4.44
       5.559     0.800000        47826         5.00
       5.679     0.825000        49277         5.71
       5.831     0.850000        50766         6.67
       6.015     0.875000        52289         8.00
       6.115     0.887500        53007         8.89
       6.235     0.900000        53757        10.00
       6.383     0.912500        54499        11.43
       6.547     0.925000        55257        13.33
       6.751     0.937500        55994        16.00
       6.867     0.943750        56376        17.78
       6.991     0.950000        56742        20.00
       7.123     0.956250        57114        22.86
       7.291     0.962500        57490        26.67
       7.479     0.968750        57857        32.00
       7.603     0.971875        58043        35.56
       7.735     0.975000        58229        40.00
       7.891     0.978125        58417        45.71
       8.067     0.981250        58608        53.33
       8.247     0.984375        58791        64.00
       8.367     0.985938        58887        71.11
       8.463     0.987500        58981        80.00
       8.599     0.989062        59072        91.43
       8.735     0.990625        59163       106.67
       8.911     0.992188        59259       128.00
       9.015     0.992969        59303       142.22
       9.151     0.993750        59349       160.00
       9.303     0.994531        59396       182.86
       9.463     0.995313        59444       213.33
       9.671     0.996094        59489       256.00
       9.823     0.996484        59515       284.44
       9.967     0.996875        59538       320.00
      10.119     0.997266        59560       365.71
      10.311     0.997656        59583       426.67
      10.503     0.998047        59606       512.00
      10.695     0.998242        59618       568.89
      10.871     0.998437        59629       640.00
      10.975     0.998633        59641       731.43
      11.127     0.998828        59653       853.33
      11.407     0.999023        59664      1024.00
      11.599     0.999121        59670      1137.78
      11.783     0.999219        59676      1280.00
      11.871     0.999316        59682      1462.86
      12.127     0.999414        59688      1706.67
      12.695     0.999512        59693      2048.00
      12.807     0.999561        59696      2275.56
      12.951     0.999609        59699      2560.00
      13.191     0.999658        59702      2925.71
      13.799     0.999707        59705      3413.33
      14.111     0.999756        59708      4096.00
      14.247     0.999780        59709      4551.11
      14.495     0.999805        59711      5120.00
      14.895     0.999829        59712      5851.43
      14.999     0.999854        59714      6826.67
      15.207     0.999878        59715      8192.00
      15.423     0.999890        59716      9102.22
      15.855     0.999902        59717     10240.00
      15.855     0.999915        59717     11702.86
      16.415     0.999927        59718     13653.33
      16.911     0.999939        59719     16384.00
      16.911     0.999945        59719     18204.44
      18.831     0.999951        59720     20480.00
      18.831     0.999957        59720     23405.71
      18.831     0.999963        59720     27306.67
      19.983     0.999969        59721     32768.00
      19.983     0.999973        59721     36408.89
      19.983     0.999976        59721     40960.00
      19.983     0.999979        59721     46811.43
      19.983     0.999982        59721     54613.33
      20.159     0.999985        59722     65536.00
      20.159     1.000000        59722          inf
#[Mean    =        4.393, StdDeviation   =        1.664]
#[Max     =       20.144, Total count    =        59722]
#[Buckets =           27, SubBuckets     =         2048]
----------------------------------------------------------
  88422 requests in 30.00s, 777.66MB read
Requests/sec:   2947.30
Transfer/sec:     25.92MB
