Using argument nginx
using  args: threads=4 and connections=512 and duration=30 and requests=6000
Running 30s test @ http://10.10.1.7:8080/wrk2-api/user-timeline/read
  4 threads and 512 connections
  Thread calibration: mean lat.: 2473.696ms, rate sampling interval: 9175ms
  Thread calibration: mean lat.: 2508.304ms, rate sampling interval: 9314ms
  Thread calibration: mean lat.: 2483.135ms, rate sampling interval: 9330ms
  Thread calibration: mean lat.: 2485.455ms, rate sampling interval: 9322ms
  Thread Stats   Avg      Stdev     99%   +/- Stdev
    Latency    10.89s     3.48s   17.66s    59.99%
    Req/Sec   608.12     17.79   639.00     62.50%
  Latency Distribution (HdrHistogram - Recorded Latency)
 50.000%   10.77s 
 75.000%   13.75s 
 90.000%   15.75s 
 99.000%   17.66s 
 99.900%   18.64s 
 99.990%   19.12s 
 99.999%   19.55s 
100.000%   19.55s 

  Detailed Percentile spectrum:
       Value   Percentile   TotalCount 1/(1-Percentile)

    3356.671     0.000000            1         1.00
    6184.959     0.100000         4843         1.11
    7421.951     0.200000         9682         1.25
    8626.175     0.300000        14547         1.43
    9715.711     0.400000        19377         1.67
   10772.479     0.500000        24218         2.00
   11296.767     0.550000        26661         2.22
   11837.439     0.600000        29060         2.50
   12443.647     0.650000        31482         2.86
   13099.007     0.700000        33883         3.33
   13746.175     0.750000        36320         4.00
   14073.855     0.775000        37527         4.44
   14401.535     0.800000        38731         5.00
   14721.023     0.825000        39934         5.71
   15056.895     0.850000        41135         6.67
   15400.959     0.875000        42345         8.00
   15572.991     0.887500        42955         8.89
   15745.023     0.900000        43565        10.00
   15941.631     0.912500        44184        11.43
   16130.047     0.925000        44763        13.33
   16334.847     0.937500        45384        16.00
   16449.535     0.943750        45667        17.78
   16564.223     0.950000        45981        20.00
   16678.911     0.956250        46276        22.86
   16809.983     0.962500        46590        26.67
   16957.439     0.968750        46891        32.00
   17039.359     0.971875        47042        35.56
   17121.279     0.975000        47202        40.00
   17219.583     0.978125        47358        45.71
   17301.503     0.981250        47485        53.33
   17416.191     0.984375        47641        64.00
   17465.343     0.985938        47715        71.11
   17530.879     0.987500        47789        80.00
   17612.799     0.989062        47868        91.43
   17694.719     0.990625        47941       106.67
   17776.639     0.992188        48011       128.00
   17825.791     0.992969        48047       142.22
   17907.711     0.993750        48089       160.00
   17973.247     0.994531        48131       182.86
   18055.167     0.995313        48162       213.33
   18120.703     0.996094        48198       256.00
   18186.239     0.996484        48222       284.44
   18251.775     0.996875        48242       320.00
   18300.927     0.997266        48255       365.71
   18350.079     0.997656        48275       426.67
   18431.999     0.998047        48296       512.00
   18464.767     0.998242        48306       568.89
   18497.535     0.998437        48314       640.00
   18563.071     0.998633        48322       731.43
   18612.223     0.998828        48331       853.33
   18644.991     0.999023        48340      1024.00
   18677.759     0.999121        48345      1137.78
   18710.527     0.999219        48350      1280.00
   18726.911     0.999316        48354      1462.86
   18759.679     0.999414        48359      1706.67
   18857.983     0.999512        48364      2048.00
   18874.367     0.999561        48367      2275.56
   18907.135     0.999609        48370      2560.00
   18923.519     0.999658        48371      2925.71
   18956.287     0.999707        48374      3413.33
   18989.055     0.999756        48376      4096.00
   19005.439     0.999780        48377      4551.11
   19021.823     0.999805        48378      5120.00
   19070.975     0.999829        48380      5851.43
   19070.975     0.999854        48380      6826.67
   19120.127     0.999878        48382      8192.00
   19120.127     0.999890        48382      9102.22
   19169.279     0.999902        48383     10240.00
   19169.279     0.999915        48383     11702.86
   19251.199     0.999927        48384     13653.33
   19349.503     0.999939        48385     16384.00
   19349.503     0.999945        48385     18204.44
   19349.503     0.999951        48385     20480.00
   19349.503     0.999957        48385     23405.71
   19398.655     0.999963        48386     27306.67
   19398.655     0.999969        48386     32768.00
   19398.655     0.999973        48386     36408.89
   19398.655     0.999976        48386     40960.00
   19398.655     0.999979        48386     46811.43
   19546.111     0.999982        48387     54613.33
   19546.111     1.000000        48387          inf
#[Mean    =    10890.726, StdDeviation   =     3482.575]
#[Max     =    19529.728, Total count    =        48387]
#[Buckets =           27, SubBuckets     =         2048]
----------------------------------------------------------
  77654 requests in 30.01s, 26.44MB read
  Non-2xx or 3xx responses: 77654
Requests/sec:   2587.78
Transfer/sec:      0.88MB
