Using argument nginx
using  args: threads=4 and connections=512 and duration=30 and requests=3000
Running 30s test @ http://10.10.1.4:8080
  4 threads and 512 connections
  Thread calibration: mean lat.: 2.359ms, rate sampling interval: 10ms
  Thread calibration: mean lat.: 2.427ms, rate sampling interval: 10ms
  Thread calibration: mean lat.: 2.414ms, rate sampling interval: 10ms
  Thread calibration: mean lat.: 2.435ms, rate sampling interval: 10ms
  Thread Stats   Avg      Stdev     99%   +/- Stdev
    Latency     2.69ms    1.52ms   6.58ms   63.98%
    Req/Sec   791.12    288.12     1.55k    64.06%
  Latency Distribution (HdrHistogram - Recorded Latency)
 50.000%    2.51ms
 75.000%    3.85ms
 90.000%    4.48ms
 99.000%    6.58ms
 99.900%    8.07ms
 99.990%   11.78ms
 99.999%   15.97ms
100.000%   17.69ms

  Detailed Percentile spectrum:
       Value   Percentile   TotalCount 1/(1-Percentile)

       0.397     0.000000            1         1.00
       0.842     0.100000         5972         1.11
       1.131     0.200000        11940         1.25
       1.425     0.300000        17903         1.43
       2.027     0.400000        23872         1.67
       2.507     0.500000        29833         2.00
       3.003     0.550000        32814         2.22
       3.331     0.600000        35813         2.50
       3.531     0.650000        38778         2.86
       3.695     0.700000        41794         3.33
       3.847     0.750000        44748         4.00
       3.935     0.775000        46252         4.44
       4.019     0.800000        47746         5.00
       4.111     0.825000        49254         5.71
       4.211     0.850000        50735         6.67
       4.327     0.875000        52211         8.00
       4.399     0.887500        52950         8.89
       4.479     0.900000        53692        10.00
       4.583     0.912500        54444        11.43
       4.711     0.925000        55201        13.33
       4.871     0.937500        55931        16.00
       4.979     0.943750        56306        17.78
       5.119     0.950000        56679        20.00
       5.283     0.956250        57046        22.86
       5.475     0.962500        57417        26.67
       5.691     0.968750        57791        32.00
       5.787     0.971875        57977        35.56
       5.903     0.975000        58165        40.00
       6.019     0.978125        58355        45.71
       6.147     0.981250        58538        53.33
       6.259     0.984375        58722        64.00
       6.343     0.985938        58818        71.11
       6.431     0.987500        58912        80.00
       6.519     0.989062        59002        91.43
       6.631     0.990625        59099       106.67
       6.747     0.992188        59189       128.00
       6.823     0.992969        59237       142.22
       6.899     0.993750        59282       160.00
       6.979     0.994531        59328       182.86
       7.083     0.995313        59375       213.33
       7.207     0.996094        59421       256.00
       7.267     0.996484        59445       284.44
       7.327     0.996875        59469       320.00
       7.403     0.997266        59491       365.71
       7.511     0.997656        59516       426.67
       7.647     0.998047        59540       512.00
       7.699     0.998242        59550       568.89
       7.759     0.998437        59561       640.00
       7.887     0.998633        59575       731.43
       8.019     0.998828        59585       853.33
       8.087     0.999023        59596      1024.00
       8.255     0.999121        59602      1137.78
       8.415     0.999219        59608      1280.00
       8.623     0.999316        59615      1462.86
       8.799     0.999414        59621      1706.67
       8.983     0.999512        59625      2048.00
       9.007     0.999561        59628      2275.56
       9.255     0.999609        59631      2560.00
       9.511     0.999658        59634      2925.71
       9.695     0.999707        59637      3413.33
      10.207     0.999756        59640      4096.00
      10.399     0.999780        59641      4551.11
      10.567     0.999805        59643      5120.00
      10.799     0.999829        59644      5851.43
      11.295     0.999854        59646      6826.67
      11.359     0.999878        59647      8192.00
      11.783     0.999890        59648      9102.22
      12.535     0.999902        59649     10240.00
      12.535     0.999915        59649     11702.86
      12.687     0.999927        59650     13653.33
      12.735     0.999939        59651     16384.00
      12.735     0.999945        59651     18204.44
      14.807     0.999951        59652     20480.00
      14.807     0.999957        59652     23405.71
      14.807     0.999963        59652     27306.67
      15.967     0.999969        59653     32768.00
      15.967     0.999973        59653     36408.89
      15.967     0.999976        59653     40960.00
      15.967     0.999979        59653     46811.43
      15.967     0.999982        59653     54613.33
      17.695     0.999985        59654     65536.00
      17.695     1.000000        59654          inf
#[Mean    =        2.686, StdDeviation   =        1.517]
#[Max     =       17.680, Total count    =        59654]
#[Buckets =           27, SubBuckets     =         2048]
----------------------------------------------------------
  89833 requests in 30.00s, 456.70MB read
  Non-2xx or 3xx responses: 14732
Requests/sec:   2994.19
Transfer/sec:     15.22MB
