Using argument nginx
using  args: threads=4 and connections=512 and duration=30 and requests=1500
Running 30s test @ http://10.10.1.4:8080
  4 threads and 512 connections
  Thread calibration: mean lat.: 1.452ms, rate sampling interval: 10ms
  Thread calibration: mean lat.: 1.383ms, rate sampling interval: 10ms
  Thread calibration: mean lat.: 1.356ms, rate sampling interval: 10ms
  Thread calibration: mean lat.: 1.449ms, rate sampling interval: 10ms
  Thread Stats   Avg      Stdev     99%   +/- Stdev
    Latency     1.68ms    1.24ms   5.68ms   83.88%
    Req/Sec   393.14    206.07     1.00k    75.59%
  Latency Distribution (HdrHistogram - Recorded Latency)
 50.000%    1.16ms
 75.000%    2.12ms
 90.000%    3.56ms
 99.000%    5.68ms
 99.900%    7.02ms
 99.990%    8.71ms
 99.999%   31.66ms
100.000%   31.66ms

  Detailed Percentile spectrum:
       Value   Percentile   TotalCount 1/(1-Percentile)

       0.426     0.000000            1         1.00
       0.703     0.100000         2975         1.11
       0.823     0.200000         5946         1.25
       0.940     0.300000         8915         1.43
       1.045     0.400000        11895         1.67
       1.158     0.500000        14841         2.00
       1.226     0.550000        16322         2.22
       1.306     0.600000        17795         2.50
       1.427     0.650000        19278         2.86
       1.662     0.700000        20762         3.33
       2.121     0.750000        22247         4.00
       2.379     0.775000        22990         4.44
       2.593     0.800000        23738         5.00
       2.799     0.825000        24469         5.71
       3.017     0.850000        25212         6.67
       3.235     0.875000        25952         8.00
       3.385     0.887500        26325         8.89
       3.559     0.900000        26694        10.00
       3.755     0.912500        27067        11.43
       3.961     0.925000        27435        13.33
       4.191     0.937500        27809        16.00
       4.303     0.943750        27991        17.78
       4.423     0.950000        28178        20.00
       4.551     0.956250        28362        22.86
       4.695     0.962500        28548        26.67
       4.867     0.968750        28736        32.00
       4.959     0.971875        28826        35.56
       5.047     0.975000        28916        40.00
       5.151     0.978125        29011        45.71
       5.247     0.981250        29101        53.33
       5.375     0.984375        29197        64.00
       5.455     0.985938        29244        71.11
       5.535     0.987500        29290        80.00
       5.607     0.989062        29333        91.43
       5.707     0.990625        29379       106.67
       5.815     0.992188        29426       128.00
       5.867     0.992969        29451       142.22
       5.939     0.993750        29473       160.00
       6.023     0.994531        29495       182.86
       6.115     0.995313        29518       213.33
       6.219     0.996094        29542       256.00
       6.291     0.996484        29554       284.44
       6.375     0.996875        29565       320.00
       6.439     0.997266        29576       365.71
       6.515     0.997656        29589       426.67
       6.691     0.998047        29600       512.00
       6.731     0.998242        29605       568.89
       6.771     0.998437        29611       640.00
       6.839     0.998633        29617       731.43
       6.923     0.998828        29623       853.33
       7.047     0.999023        29629      1024.00
       7.055     0.999121        29631      1137.78
       7.083     0.999219        29634      1280.00
       7.135     0.999316        29637      1462.86
       7.283     0.999414        29640      1706.67
       7.407     0.999512        29643      2048.00
       7.467     0.999561        29644      2275.56
       7.631     0.999609        29646      2560.00
       7.639     0.999658        29647      2925.71
       7.659     0.999707        29649      3413.33
       7.863     0.999756        29650      4096.00
       7.923     0.999780        29651      4551.11
       7.943     0.999805        29652      5120.00
       7.943     0.999829        29652      5851.43
       8.159     0.999854        29653      6826.67
       8.711     0.999878        29654      8192.00
       8.711     0.999890        29654      9102.22
      10.823     0.999902        29655     10240.00
      10.823     0.999915        29655     11702.86
      10.823     0.999927        29655     13653.33
      17.743     0.999939        29656     16384.00
      17.743     0.999945        29656     18204.44
      17.743     0.999951        29656     20480.00
      17.743     0.999957        29656     23405.71
      17.743     0.999963        29656     27306.67
      31.663     0.999969        29657     32768.00
      31.663     1.000000        29657          inf
#[Mean    =        1.679, StdDeviation   =        1.236]
#[Max     =       31.648, Total count    =        29657]
#[Buckets =           27, SubBuckets     =         2048]
----------------------------------------------------------
  43993 requests in 30.00s, 49.19MB read
  Socket errors: connect 0, read 0, write 0, timeout 33
  Non-2xx or 3xx responses: 2749
Requests/sec:   1466.37
Transfer/sec:      1.64MB
