Using argument nginx
using  args: threads=4 and connections=512 and duration=30 and requests=4000
Running 30s test @ http://10.10.1.6:8080/wrk2-api/user-timeline/read
  4 threads and 512 connections
  Thread calibration: mean lat.: 1151.235ms, rate sampling interval: 5296ms
  Thread calibration: mean lat.: 1395.412ms, rate sampling interval: 5627ms
  Thread calibration: mean lat.: 1157.846ms, rate sampling interval: 5185ms
  Thread calibration: mean lat.: 1111.996ms, rate sampling interval: 5054ms
  Thread Stats   Avg      Stdev     99%   +/- Stdev
    Latency     6.54s     4.34s   17.71s    79.32%
    Req/Sec   280.17    215.89   598.00     66.67%
  Latency Distribution (HdrHistogram - Recorded Latency)
 50.000%    4.72s 
 75.000%    7.39s 
 90.000%   14.73s 
 99.000%   17.71s 
 99.900%   19.05s 
 99.990%   19.82s 
 99.999%   19.96s 
100.000%   19.96s 

  Detailed Percentile spectrum:
       Value   Percentile   TotalCount 1/(1-Percentile)

    1056.767     0.000000            1         1.00
    2985.983     0.100000         2031         1.11
    3481.599     0.200000         4064         1.25
    3889.151     0.300000         6089         1.43
    4308.991     0.400000         8128         1.67
    4722.687     0.500000        10144         2.00
    4968.447     0.550000        11157         2.22
    5242.879     0.600000        12172         2.50
    5570.559     0.650000        13187         2.86
    6098.943     0.700000        14204         3.33
    7393.279     0.750000        15213         4.00
    8724.479     0.775000        15719         4.44
   10239.999     0.800000        16228         5.00
   11649.023     0.825000        16733         5.71
   13017.087     0.850000        17242         6.67
   13967.359     0.875000        17753         8.00
   14319.615     0.887500        18008         8.89
   14729.215     0.900000        18262        10.00
   15048.703     0.912500        18509        11.43
   15392.767     0.925000        18762        13.33
   15753.215     0.937500        19019        16.00
   15966.207     0.943750        19142        17.78
   16138.239     0.950000        19275        20.00
   16334.847     0.956250        19401        22.86
   16556.031     0.962500        19522        26.67
   16793.599     0.968750        19652        32.00
   16891.903     0.971875        19713        35.56
   17006.591     0.975000        19781        40.00
   17121.279     0.978125        19848        45.71
   17235.967     0.981250        19916        53.33
   17350.655     0.984375        19974        64.00
   17448.959     0.985938        19998        71.11
   17563.647     0.987500        20033        80.00
   17645.567     0.989062        20062        91.43
   17727.487     0.990625        20092       106.67
   17858.559     0.992188        20127       128.00
   17924.095     0.992969        20140       142.22
   18022.399     0.993750        20157       160.00
   18104.319     0.994531        20172       182.86
   18169.855     0.995313        20187       213.33
   18284.543     0.996094        20204       256.00
   18366.463     0.996484        20213       284.44
   18448.383     0.996875        20222       320.00
   18497.535     0.997266        20227       365.71
   18563.071     0.997656        20235       426.67
   18726.911     0.998047        20244       512.00
   18792.447     0.998242        20247       568.89
   18841.599     0.998437        20251       640.00
   18907.135     0.998633        20255       731.43
   19038.207     0.998828        20260       853.33
   19054.591     0.999023        20263      1024.00
   19120.127     0.999121        20265      1137.78
   19169.279     0.999219        20267      1280.00
   19218.431     0.999316        20269      1462.86
   19234.815     0.999414        20271      1706.67
   19398.655     0.999512        20273      2048.00
   19431.423     0.999561        20274      2275.56
   19447.807     0.999609        20275      2560.00
   19464.191     0.999658        20276      2925.71
   19496.959     0.999707        20277      3413.33
   19513.343     0.999756        20278      4096.00
   19513.343     0.999780        20278      4551.11
   19759.103     0.999805        20279      5120.00
   19759.103     0.999829        20279      5851.43
   19824.639     0.999854        20280      6826.67
   19824.639     0.999878        20280      8192.00
   19824.639     0.999890        20280      9102.22
   19939.327     0.999902        20281     10240.00
   19939.327     0.999915        20281     11702.86
   19939.327     0.999927        20281     13653.33
   19939.327     0.999939        20281     16384.00
   19939.327     0.999945        20281     18204.44
   19955.711     0.999951        20282     20480.00
   19955.711     1.000000        20282          inf
#[Mean    =     6539.469, StdDeviation   =     4336.667]
#[Max     =    19939.328, Total count    =        20282]
#[Buckets =           27, SubBuckets     =         2048]
----------------------------------------------------------
  47900 requests in 30.00s, 16.31MB read
  Non-2xx or 3xx responses: 47900
Requests/sec:   1596.63
Transfer/sec:    556.64KB
