Using argument nginx
using  args: threads=4 and connections=512 and duration=30 and requests=20000
Running 30s test @ http://10.10.1.8:5000
  4 threads and 512 connections
  Thread calibration: mean lat.: 4456.889ms, rate sampling interval: 16031ms
  Thread calibration: mean lat.: 4435.411ms, rate sampling interval: 16015ms
  Thread calibration: mean lat.: 4393.178ms, rate sampling interval: 15941ms
  Thread calibration: mean lat.: 4321.769ms, rate sampling interval: 15843ms
  Thread Stats   Avg      Stdev     99%   +/- Stdev
    Latency    17.75s     5.06s   26.54s    58.22%
    Req/Sec   569.50      5.55   575.00    100.00%
  Latency Distribution (HdrHistogram - Recorded Latency)
 50.000%   17.73s 
 75.000%   22.13s 
 90.000%   24.81s 
 99.000%   26.54s 
 99.900%   27.13s 
 99.990%   27.44s 
 99.999%   27.71s 
100.000%   27.71s 

  Detailed Percentile spectrum:
       Value   Percentile   TotalCount 1/(1-Percentile)

    8073.215     0.000000            1         1.00
   10764.287     0.100000         4541         1.11
   12550.143     0.200000         9100         1.25
   14311.423     0.300000        13626         1.43
   16007.167     0.400000        18159         1.67
   17727.487     0.500000        22729         2.00
   18563.071     0.550000        24986         2.22
   19398.655     0.600000        27234         2.50
   20299.775     0.650000        29519         2.86
   21184.511     0.700000        31805         3.33
   22134.783     0.750000        34073         4.00
   22577.151     0.775000        35181         4.44
   22986.751     0.800000        36335         5.00
   23429.119     0.825000        37481         5.71
   23871.487     0.850000        38577         6.67
   24346.623     0.875000        39737         8.00
   24592.383     0.887500        40320         8.89
   24805.375     0.900000        40846        10.00
   25051.135     0.912500        41450        11.43
   25280.511     0.925000        42021        13.33
   25477.119     0.937500        42571        16.00
   25591.807     0.943750        42855        17.78
   25690.111     0.950000        43137        20.00
   25804.799     0.956250        43443        22.86
   25919.487     0.962500        43723        26.67
   26034.175     0.968750        43988        32.00
   26099.711     0.971875        44138        35.56
   26165.247     0.975000        44282        40.00
   26230.783     0.978125        44402        45.71
   26312.703     0.981250        44551        53.33
   26378.239     0.984375        44676        64.00
   26427.391     0.985938        44761        71.11
   26460.159     0.987500        44816        80.00
   26509.311     0.989062        44894        91.43
   26558.463     0.990625        44964       106.67
   26623.999     0.992188        45040       128.00
   26656.767     0.992969        45069       142.22
   26705.919     0.993750        45115       160.00
   26738.687     0.994531        45143       182.86
   26787.839     0.995313        45184       213.33
   26820.607     0.996094        45210       256.00
   26836.991     0.996484        45223       284.44
   26886.143     0.996875        45245       320.00
   26918.911     0.997266        45262       365.71
   26951.679     0.997656        45278       426.67
   26984.447     0.998047        45300       512.00
   27000.831     0.998242        45304       568.89
   27033.599     0.998437        45315       640.00
   27066.367     0.998633        45323       731.43
   27099.135     0.998828        45329       853.33
   27131.903     0.999023        45341      1024.00
   27148.287     0.999121        45343      1137.78
   27164.671     0.999219        45347      1280.00
   27213.823     0.999316        45351      1462.86
   27262.975     0.999414        45359      1706.67
   27279.359     0.999512        45360      2048.00
   27312.127     0.999561        45364      2275.56
   27328.511     0.999609        45367      2560.00
   27328.511     0.999658        45367      2925.71
   27344.895     0.999707        45369      3413.33
   27377.663     0.999756        45372      4096.00
   27410.431     0.999780        45373      4551.11
   27426.815     0.999805        45376      5120.00
   27426.815     0.999829        45376      5851.43
   27426.815     0.999854        45376      6826.67
   27443.199     0.999878        45377      8192.00
   27459.583     0.999890        45378      9102.22
   27459.583     0.999902        45378     10240.00
   27475.967     0.999915        45379     11702.86
   27475.967     0.999927        45379     13653.33
   27557.887     0.999939        45380     16384.00
   27557.887     0.999945        45380     18204.44
   27557.887     0.999951        45380     20480.00
   27656.191     0.999957        45381     23405.71
   27656.191     0.999963        45381     27306.67
   27656.191     0.999969        45381     32768.00
   27656.191     0.999973        45381     36408.89
   27656.191     0.999976        45381     40960.00
   27705.343     0.999979        45382     46811.43
   27705.343     1.000000        45382          inf
#[Mean    =    17747.200, StdDeviation   =     5061.354]
#[Max     =    27688.960, Total count    =        45382]
#[Buckets =           27, SubBuckets     =         2048]
----------------------------------------------------------
  68004 requests in 30.05s, 17.32MB read
  Socket errors: connect 0, read 0, write 0, timeout 71
  Non-2xx or 3xx responses: 67281
Requests/sec:   2263.36
Transfer/sec:    590.39KB
