Using argument nginx
using  args: threads=4 and connections=512 and duration=30 and requests=4000
Running 30s test @ http://10.10.1.4:8080
  4 threads and 512 connections
  Thread calibration: mean lat.: 357.432ms, rate sampling interval: 2557ms
  Thread calibration: mean lat.: 348.620ms, rate sampling interval: 2453ms
  Thread calibration: mean lat.: 402.360ms, rate sampling interval: 2699ms
  Thread calibration: mean lat.: 354.700ms, rate sampling interval: 2502ms
  Thread Stats   Avg      Stdev     99%   +/- Stdev
    Latency     5.01s     2.84s   12.06s    66.03%
    Req/Sec   648.72     25.62   703.00     68.97%
  Latency Distribution (HdrHistogram - Recorded Latency)
 50.000%    4.64s 
 75.000%    6.91s 
 90.000%    9.12s 
 99.000%   12.06s 
 99.900%   13.74s 
 99.990%   14.73s 
 99.999%   15.83s 
100.000%   15.95s 

  Detailed Percentile spectrum:
       Value   Percentile   TotalCount 1/(1-Percentile)

       0.771     0.000000            1         1.00
    1558.527     0.100000         5159         1.11
    2418.687     0.200000        10310         1.25
    3145.727     0.300000        15470         1.43
    3870.719     0.400000        20608         1.67
    4644.863     0.500000        25773         2.00
    5038.079     0.550000        28365         2.22
    5464.063     0.600000        30926         2.50
    5906.431     0.650000        33485         2.86
    6369.279     0.700000        36071         3.33
    6905.855     0.750000        38652         4.00
    7184.383     0.775000        39931         4.44
    7479.295     0.800000        41220         5.00
    7798.783     0.825000        42504         5.71
    8171.519     0.850000        43791         6.67
    8617.983     0.875000        45076         8.00
    8863.743     0.887500        45722         8.89
    9117.695     0.900000        46369        10.00
    9388.031     0.912500        47005        11.43
    9682.943     0.925000        47655        13.33
    9953.279     0.937500        48314        16.00
   10117.119     0.943750        48619        17.78
   10305.535     0.950000        48940        20.00
   10510.335     0.956250        49259        22.86
   10715.135     0.962500        49596        26.67
   10903.551     0.968750        49906        32.00
   11018.239     0.971875        50067        35.56
   11149.311     0.975000        50224        40.00
   11280.383     0.978125        50387        45.71
   11419.647     0.981250        50550        53.33
   11616.255     0.984375        50713        64.00
   11706.367     0.985938        50797        71.11
   11821.055     0.987500        50871        80.00
   11976.703     0.989062        50954        91.43
   12107.775     0.990625        51029       106.67
   12353.535     0.992188        51110       128.00
   12451.839     0.992969        51152       142.22
   12574.719     0.993750        51193       160.00
   12722.175     0.994531        51232       182.86
   12853.247     0.995313        51270       213.33
   12959.743     0.996094        51311       256.00
   13033.471     0.996484        51332       284.44
   13107.199     0.996875        51352       320.00
   13164.543     0.997266        51371       365.71
   13221.887     0.997656        51392       426.67
   13369.343     0.998047        51411       512.00
   13475.839     0.998242        51421       568.89
   13541.375     0.998437        51434       640.00
   13590.527     0.998633        51441       731.43
   13672.447     0.998828        51451       853.33
   13754.367     0.999023        51461      1024.00
   13795.327     0.999121        51466      1137.78
   13860.863     0.999219        51471      1280.00
   14008.319     0.999316        51477      1462.86
   14139.391     0.999414        51481      1706.67
   14237.695     0.999512        51486      2048.00
   14352.383     0.999561        51489      2275.56
   14401.535     0.999609        51491      2560.00
   14458.879     0.999658        51495      2925.71
   14475.263     0.999707        51496      3413.33
   14516.223     0.999756        51499      4096.00
   14524.415     0.999780        51500      4551.11
   14565.375     0.999805        51501      5120.00
   14606.335     0.999829        51503      5851.43
   14614.527     0.999854        51504      6826.67
   14639.103     0.999878        51505      8192.00
   14729.215     0.999890        51506      9102.22
   14729.215     0.999902        51506     10240.00
   14901.247     0.999915        51507     11702.86
   15581.183     0.999927        51508     13653.33
   15581.183     0.999939        51508     16384.00
   15695.871     0.999945        51509     18204.44
   15695.871     0.999951        51509     20480.00
   15695.871     0.999957        51509     23405.71
   15826.943     0.999963        51510     27306.67
   15826.943     0.999969        51510     32768.00
   15826.943     0.999973        51510     36408.89
   15826.943     0.999976        51510     40960.00
   15826.943     0.999979        51510     46811.43
   15949.823     0.999982        51511     54613.33
   15949.823     1.000000        51511          inf
#[Mean    =     5007.262, StdDeviation   =     2841.651]
#[Max     =    15941.632, Total count    =        51511]
#[Buckets =           27, SubBuckets     =         2048]
----------------------------------------------------------
  83500 requests in 30.04s, 475.26MB read
  Non-2xx or 3xx responses: 15556
Requests/sec:   2779.30
Transfer/sec:     15.82MB
