Using argument nginx
using  args: threads=4 and connections=512 and duration=30 and requests=4000
Running 30s test @ http://10.10.1.6:8080
  4 threads and 512 connections
  Thread calibration: mean lat.: 5.569ms, rate sampling interval: 16ms
  Thread calibration: mean lat.: 5.598ms, rate sampling interval: 16ms
  Thread calibration: mean lat.: 5.608ms, rate sampling interval: 16ms
  Thread calibration: mean lat.: 5.568ms, rate sampling interval: 16ms
  Thread Stats   Avg      Stdev     99%   +/- Stdev
    Latency     5.64ms    2.17ms  12.92ms   77.89%
    Req/Sec     1.04k   254.72     1.67k    68.26%
  Latency Distribution (HdrHistogram - Recorded Latency)
 50.000%    5.22ms
 75.000%    6.64ms
 90.000%    8.32ms
 99.000%   12.92ms
 99.900%   18.38ms
 99.990%   25.63ms
 99.999%   36.03ms
100.000%   38.11ms

  Detailed Percentile spectrum:
       Value   Percentile   TotalCount 1/(1-Percentile)

       0.482     0.000000            1         1.00
       3.521     0.100000         7985         1.11
       3.979     0.200000        15982         1.25
       4.363     0.300000        24026         1.43
       4.767     0.400000        31985         1.67
       5.219     0.500000        39919         2.00
       5.471     0.550000        43949         2.22
       5.731     0.600000        47943         2.50
       6.007     0.650000        51902         2.86
       6.311     0.700000        55928         3.33
       6.639     0.750000        59896         4.00
       6.819     0.775000        61867         4.44
       7.035     0.800000        63874         5.00
       7.275     0.825000        65855         5.71
       7.559     0.850000        67873         6.67
       7.891     0.875000        69846         8.00
       8.095     0.887500        70859         8.89
       8.319     0.900000        71866        10.00
       8.567     0.912500        72851        11.43
       8.879     0.925000        73869        13.33
       9.223     0.937500        74852        16.00
       9.423     0.943750        75345        17.78
       9.647     0.950000        75855        20.00
       9.895     0.956250        76337        22.86
      10.199     0.962500        76831        26.67
      10.567     0.968750        77335        32.00
      10.759     0.971875        77580        35.56
      11.023     0.975000        77833        40.00
      11.295     0.978125        78077        45.71
      11.623     0.981250        78333        53.33
      12.039     0.984375        78578        64.00
      12.231     0.985938        78704        71.11
      12.439     0.987500        78826        80.00
      12.719     0.989062        78951        91.43
      13.039     0.990625        79077       106.67
      13.447     0.992188        79201       128.00
      13.679     0.992969        79265       142.22
      13.887     0.993750        79326       160.00
      14.183     0.994531        79387       182.86
      14.535     0.995313        79449       213.33
      14.927     0.996094        79513       256.00
      15.183     0.996484        79543       284.44
      15.479     0.996875        79574       320.00
      15.743     0.997266        79605       365.71
      16.095     0.997656        79636       426.67
      16.735     0.998047        79669       512.00
      17.023     0.998242        79683       568.89
      17.375     0.998437        79700       640.00
      17.695     0.998633        79715       731.43
      17.983     0.998828        79730       853.33
      18.463     0.999023        79746      1024.00
      18.847     0.999121        79753      1137.78
      19.151     0.999219        79761      1280.00
      19.391     0.999316        79770      1462.86
      19.823     0.999414        79777      1706.67
      20.271     0.999512        79785      2048.00
      20.431     0.999561        79788      2275.56
      21.135     0.999609        79792      2560.00
      21.391     0.999658        79796      2925.71
      21.999     0.999707        79800      3413.33
      22.559     0.999756        79804      4096.00
      23.167     0.999780        79806      4551.11
      23.615     0.999805        79808      5120.00
      24.175     0.999829        79810      5851.43
      25.183     0.999854        79812      6826.67
      25.615     0.999878        79814      8192.00
      25.631     0.999890        79815      9102.22
      25.679     0.999902        79816     10240.00
      26.783     0.999915        79817     11702.86
      26.815     0.999927        79818     13653.33
      27.103     0.999939        79819     16384.00
      27.103     0.999945        79819     18204.44
      28.815     0.999951        79820     20480.00
      28.815     0.999957        79820     23405.71
      30.063     0.999963        79821     27306.67
      30.063     0.999969        79821     32768.00
      30.063     0.999973        79821     36408.89
      36.031     0.999976        79822     40960.00
      36.031     0.999979        79822     46811.43
      36.031     0.999982        79822     54613.33
      36.031     0.999985        79822     65536.00
      36.031     0.999986        79822     72817.78
      38.111     0.999988        79823     81920.00
      38.111     1.000000        79823          inf
#[Mean    =        5.636, StdDeviation   =        2.172]
#[Max     =       38.080, Total count    =        79823]
#[Buckets =           27, SubBuckets     =         2048]
----------------------------------------------------------
  118932 requests in 30.00s, 1.45GB read
Requests/sec:   3964.41
Transfer/sec:     49.66MB
