Using argument nginx
using  args: threads=4 and connections=512 and duration=30 and requests=6000
Running 30s test @ http://10.10.1.6:8080
  4 threads and 512 connections
  Thread calibration: mean lat.: 7.490ms, rate sampling interval: 24ms
  Thread calibration: mean lat.: 7.516ms, rate sampling interval: 24ms
  Thread calibration: mean lat.: 7.558ms, rate sampling interval: 24ms
  Thread calibration: mean lat.: 7.887ms, rate sampling interval: 25ms
  Thread Stats   Avg      Stdev     99%   +/- Stdev
    Latency     7.81ms    4.25ms  23.23ms   83.51%
    Req/Sec     1.54k   246.41     2.12k    67.85%
  Latency Distribution (HdrHistogram - Recorded Latency)
 50.000%    6.80ms
 75.000%    9.32ms
 90.000%   12.71ms
 99.000%   23.23ms
 99.900%   39.55ms
 99.990%   60.38ms
 99.999%   85.69ms
100.000%   90.43ms

  Detailed Percentile spectrum:
       Value   Percentile   TotalCount 1/(1-Percentile)

       0.506     0.000000            1         1.00
       4.111     0.100000        12036         1.11
       4.747     0.200000        24014         1.25
       5.363     0.300000        35984         1.43
       6.063     0.400000        47981         1.67
       6.803     0.500000        59947         2.00
       7.183     0.550000        65943         2.22
       7.599     0.600000        71912         2.50
       8.079     0.650000        77894         2.86
       8.647     0.700000        83906         3.33
       9.319     0.750000        89894         4.00
       9.703     0.775000        92874         4.44
      10.119     0.800000        95892         5.00
      10.575     0.825000        98862         5.71
      11.151     0.850000       101862         6.67
      11.839     0.875000       104831         8.00
      12.247     0.887500       106347         8.89
      12.711     0.900000       107821        10.00
      13.223     0.912500       109323        11.43
      13.863     0.925000       110825        13.33
      14.567     0.937500       112321        16.00
      14.999     0.943750       113064        17.78
      15.455     0.950000       113811        20.00
      16.023     0.956250       114559        22.86
      16.703     0.962500       115309        26.67
      17.535     0.968750       116057        32.00
      18.047     0.971875       116427        35.56
      18.623     0.975000       116802        40.00
      19.215     0.978125       117178        45.71
      19.999     0.981250       117555        53.33
      20.991     0.984375       117930        64.00
      21.487     0.985938       118114        71.11
      21.999     0.987500       118303        80.00
      22.767     0.989062       118490        91.43
      23.615     0.990625       118675       106.67
      24.607     0.992188       118861       128.00
      25.215     0.992969       118955       142.22
      26.079     0.993750       119048       160.00
      26.863     0.994531       119141       182.86
      27.871     0.995313       119236       213.33
      29.327     0.996094       119329       256.00
      29.919     0.996484       119377       284.44
      30.783     0.996875       119424       320.00
      31.695     0.997266       119469       365.71
      32.831     0.997656       119516       426.67
      34.015     0.998047       119564       512.00
      34.751     0.998242       119586       568.89
      35.711     0.998437       119609       640.00
      36.735     0.998633       119635       731.43
      38.143     0.998828       119656       853.33
      39.903     0.999023       119680      1024.00
      40.767     0.999121       119691      1137.78
      41.759     0.999219       119704      1280.00
      42.175     0.999316       119716      1462.86
      44.127     0.999414       119726      1706.67
      45.439     0.999512       119738      2048.00
      46.239     0.999561       119744      2275.56
      47.679     0.999609       119750      2560.00
      49.407     0.999658       119756      2925.71
      50.015     0.999707       119761      3413.33
      52.063     0.999756       119767      4096.00
      52.831     0.999780       119770      4551.11
      53.087     0.999805       119773      5120.00
      54.047     0.999829       119776      5851.43
      56.991     0.999854       119779      6826.67
      58.911     0.999878       119782      8192.00
      59.551     0.999890       119783      9102.22
      61.023     0.999902       119785     10240.00
      66.943     0.999915       119786     11702.86
      67.647     0.999927       119788     13653.33
      67.775     0.999939       119789     16384.00
      68.159     0.999945       119790     18204.44
      71.103     0.999951       119791     20480.00
      71.103     0.999957       119791     23405.71
      72.639     0.999963       119792     27306.67
      76.799     0.999969       119793     32768.00
      76.799     0.999973       119793     36408.89
      83.007     0.999976       119794     40960.00
      83.007     0.999979       119794     46811.43
      83.007     0.999982       119794     54613.33
      85.695     0.999985       119795     65536.00
      85.695     0.999986       119795     72817.78
      85.695     0.999988       119795     81920.00
      85.695     0.999989       119795     93622.86
      85.695     0.999991       119795    109226.67
      90.431     0.999992       119796    131072.00
      90.431     1.000000       119796          inf
#[Mean    =        7.809, StdDeviation   =        4.253]
#[Max     =       90.368, Total count    =       119796]
#[Buckets =           27, SubBuckets     =         2048]
----------------------------------------------------------
  178506 requests in 30.00s, 2.17GB read
Requests/sec:   5950.27
Transfer/sec:     74.19MB
