Using argument nginx
using  args: threads=4 and connections=512 and duration=30 and requests=3000
Running 30s test @ http://10.10.1.4:5000
  4 threads and 512 connections
  Thread calibration: mean lat.: 3.392ms, rate sampling interval: 15ms
  Thread calibration: mean lat.: 3.285ms, rate sampling interval: 14ms
  Thread calibration: mean lat.: 3.353ms, rate sampling interval: 14ms
  Thread calibration: mean lat.: 3.409ms, rate sampling interval: 15ms
  Thread Stats   Avg      Stdev     99%   +/- Stdev
    Latency     3.67ms    4.41ms  22.11ms   88.89%
    Req/Sec   777.67    251.55     1.46k    70.59%
  Latency Distribution (HdrHistogram - Recorded Latency)
 50.000%    2.04ms
 75.000%    4.45ms
 90.000%    8.60ms
 99.000%   22.11ms
 99.900%   36.48ms
 99.990%   47.97ms
 99.999%   56.93ms
100.000%   60.00ms

  Detailed Percentile spectrum:
       Value   Percentile   TotalCount 1/(1-Percentile)

       0.307     0.000000            1         1.00
       0.721     0.100000         6019         1.11
       0.918     0.200000        11956         1.25
       1.201     0.300000        17924         1.43
       1.545     0.400000        23887         1.67
       2.041     0.500000        29854         2.00
       2.359     0.550000        32845         2.22
       2.725     0.600000        35823         2.50
       3.181     0.650000        38815         2.86
       3.725     0.700000        41797         3.33
       4.451     0.750000        44778         4.00
       4.867     0.775000        46280         4.44
       5.375     0.800000        47767         5.00
       5.967     0.825000        49256         5.71
       6.659     0.850000        50754         6.67
       7.531     0.875000        52243         8.00
       8.031     0.887500        52990         8.89
       8.599     0.900000        53734        10.00
       9.255     0.912500        54480        11.43
      10.055     0.925000        55227        13.33
      10.999     0.937500        55974        16.00
      11.527     0.943750        56347        17.78
      12.175     0.950000        56720        20.00
      12.959     0.956250        57092        22.86
      13.855     0.962500        57470        26.67
      14.895     0.968750        57839        32.00
      15.559     0.971875        58025        35.56
      16.255     0.975000        58213        40.00
      17.039     0.978125        58399        45.71
      18.047     0.981250        58585        53.33
      19.135     0.984375        58778        64.00
      19.823     0.985938        58865        71.11
      20.591     0.987500        58958        80.00
      21.391     0.989062        59052        91.43
      22.639     0.990625        59146       106.67
      23.919     0.992188        59239       128.00
      24.591     0.992969        59285       142.22
      25.471     0.993750        59331       160.00
      26.175     0.994531        59378       182.86
      27.423     0.995313        59428       213.33
      28.351     0.996094        59471       256.00
      29.087     0.996484        59496       284.44
      29.631     0.996875        59518       320.00
      30.463     0.997266        59541       365.71
      31.279     0.997656        59565       426.67
      32.463     0.998047        59588       512.00
      33.215     0.998242        59600       568.89
      33.823     0.998437        59611       640.00
      34.655     0.998633        59624       731.43
      35.615     0.998828        59635       853.33
      36.671     0.999023        59646      1024.00
      37.727     0.999121        59652      1137.78
      38.367     0.999219        59658      1280.00
      39.039     0.999316        59664      1462.86
      40.255     0.999414        59670      1706.67
      41.631     0.999512        59675      2048.00
      41.855     0.999561        59678      2275.56
      43.199     0.999609        59681      2560.00
      43.551     0.999658        59684      2925.71
      43.967     0.999707        59687      3413.33
      45.183     0.999756        59690      4096.00
      45.343     0.999780        59691      4551.11
      45.823     0.999805        59693      5120.00
      46.111     0.999829        59694      5851.43
      47.103     0.999854        59696      6826.67
      47.199     0.999878        59697      8192.00
      47.967     0.999890        59698      9102.22
      48.031     0.999902        59699     10240.00
      48.031     0.999915        59699     11702.86
      50.975     0.999927        59700     13653.33
      54.623     0.999939        59701     16384.00
      54.623     0.999945        59701     18204.44
      55.455     0.999951        59702     20480.00
      55.455     0.999957        59702     23405.71
      55.455     0.999963        59702     27306.67
      56.927     0.999969        59703     32768.00
      56.927     0.999973        59703     36408.89
      56.927     0.999976        59703     40960.00
      56.927     0.999979        59703     46811.43
      56.927     0.999982        59703     54613.33
      59.999     0.999985        59704     65536.00
      59.999     1.000000        59704          inf
#[Mean    =        3.668, StdDeviation   =        4.411]
#[Max     =       59.968, Total count    =        59704]
#[Buckets =           27, SubBuckets     =         2048]
----------------------------------------------------------
  89125 requests in 30.00s, 36.83MB read
  Socket errors: connect 0, read 0, write 0, timeout 1
Requests/sec:   2970.83
Transfer/sec:      1.23MB
