Using argument nginx
using  args: threads=4 and connections=512 and duration=30 and requests=4000
Running 30s test @ http://10.10.1.2:5000
  4 threads and 512 connections
  Thread calibration: mean lat.: 1855.703ms, rate sampling interval: 7573ms
  Thread calibration: mean lat.: 1819.155ms, rate sampling interval: 7323ms
  Thread calibration: mean lat.: 1946.743ms, rate sampling interval: 7184ms
  Thread calibration: mean lat.: 1800.955ms, rate sampling interval: 7340ms
  Thread Stats   Avg      Stdev     99%   +/- Stdev
    Latency     7.53s     2.69s   13.78s    64.99%
    Req/Sec   619.88     10.20   637.00     62.50%
  Latency Distribution (HdrHistogram - Recorded Latency)
 50.000%    7.38s 
 75.000%    9.44s 
 90.000%   11.23s 
 99.000%   13.78s 
 99.900%   15.54s 
 99.990%   16.23s 
 99.999%   16.62s 
100.000%   16.62s 

  Detailed Percentile spectrum:
       Value   Percentile   TotalCount 1/(1-Percentile)

     489.983     0.000000            1         1.00
    4153.343     0.100000         4968         1.11
    5050.367     0.200000         9924         1.25
    5799.935     0.300000        14880         1.43
    6610.943     0.400000        19854         1.67
    7380.991     0.500000        24795         2.00
    7766.015     0.550000        27271         2.22
    8171.519     0.600000        29753         2.50
    8585.215     0.650000        32264         2.86
    9003.007     0.700000        34729         3.33
    9437.183     0.750000        37186         4.00
    9682.943     0.775000        38434         4.44
    9961.471     0.800000        39708         5.00
   10239.999     0.825000        40911         5.71
   10534.911     0.850000        42150         6.67
   10878.975     0.875000        43400         8.00
   11051.007     0.887500        44003         8.89
   11231.231     0.900000        44648        10.00
   11436.031     0.912500        45242        11.43
   11681.791     0.925000        45869        13.33
   11911.167     0.937500        46492        16.00
   12025.855     0.943750        46797        17.78
   12173.311     0.950000        47115        20.00
   12328.959     0.956250        47418        22.86
   12500.991     0.962500        47722        26.67
   12697.599     0.968750        48033        32.00
   12820.479     0.971875        48191        35.56
   12943.359     0.975000        48340        40.00
   13066.239     0.978125        48495        45.71
   13230.079     0.981250        48653        53.33
   13385.727     0.984375        48805        64.00
   13492.223     0.985938        48886        71.11
   13598.719     0.987500        48961        80.00
   13705.215     0.989062        49038        91.43
   13828.095     0.990625        49120       106.67
   13967.359     0.992188        49193       128.00
   14041.087     0.992969        49232       142.22
   14139.391     0.993750        49270       160.00
   14245.887     0.994531        49312       182.86
   14352.383     0.995313        49347       213.33
   14516.223     0.996094        49386       256.00
   14639.103     0.996484        49407       284.44
   14712.831     0.996875        49427       320.00
   14802.943     0.997266        49444       365.71
   14909.439     0.997656        49464       426.67
   15048.703     0.998047        49483       512.00
   15155.199     0.998242        49493       568.89
   15204.351     0.998437        49503       640.00
   15335.423     0.998633        49512       731.43
   15425.535     0.998828        49521       853.33
   15556.607     0.999023        49533      1024.00
   15613.951     0.999121        49536      1137.78
   15687.679     0.999219        49541      1280.00
   15745.023     0.999316        49546      1462.86
   15777.791     0.999414        49551      1706.67
   15802.367     0.999512        49555      2048.00
   15810.559     0.999561        49559      2275.56
   15826.943     0.999609        49560      2560.00
   15900.671     0.999658        49563      2925.71
   15917.055     0.999707        49565      3413.33
   15933.439     0.999756        49568      4096.00
   16007.167     0.999780        49569      4551.11
   16121.855     0.999805        49570      5120.00
   16146.431     0.999829        49571      5851.43
   16154.623     0.999854        49572      6826.67
   16187.391     0.999878        49573      8192.00
   16228.351     0.999890        49574      9102.22
   16465.919     0.999902        49575     10240.00
   16465.919     0.999915        49575     11702.86
   16515.071     0.999927        49576     13653.33
   16515.071     0.999939        49576     16384.00
   16580.607     0.999945        49577     18204.44
   16580.607     0.999951        49577     20480.00
   16580.607     0.999957        49577     23405.71
   16596.991     0.999963        49578     27306.67
   16596.991     0.999969        49578     32768.00
   16596.991     0.999973        49578     36408.89
   16596.991     0.999976        49578     40960.00
   16596.991     0.999979        49578     46811.43
   16621.567     0.999982        49579     54613.33
   16621.567     1.000000        49579          inf
#[Mean    =     7533.629, StdDeviation   =     2691.346]
#[Max     =    16613.376, Total count    =        49579]
#[Buckets =           27, SubBuckets     =         2048]
----------------------------------------------------------
  73102 requests in 30.04s, 30.29MB read
Requests/sec:   2433.83
Transfer/sec:      1.01MB
