Using argument nginx
using  args: threads=4 and connections=512 and duration=30 and requests=4000
Running 30s test @ http://10.10.1.4:5000
  4 threads and 512 connections
  Thread calibration: mean lat.: 21.992ms, rate sampling interval: 95ms
  Thread calibration: mean lat.: 19.824ms, rate sampling interval: 91ms
  Thread calibration: mean lat.: 20.318ms, rate sampling interval: 93ms
  Thread calibration: mean lat.: 21.889ms, rate sampling interval: 96ms
  Thread Stats   Avg      Stdev     99%   +/- Stdev
    Latency    18.62ms   16.66ms  79.04ms   81.89%
    Req/Sec     1.01k   145.36     1.37k    68.68%
  Latency Distribution (HdrHistogram - Recorded Latency)
 50.000%   13.98ms
 75.000%   25.22ms
 90.000%   39.78ms
 99.000%   79.04ms
 99.900%  119.81ms
 99.990%  150.53ms
 99.999%  174.72ms
100.000%  193.79ms

  Detailed Percentile spectrum:
       Value   Percentile   TotalCount 1/(1-Percentile)

       0.380     0.000000            1         1.00
       3.203     0.100000         7990         1.11
       5.595     0.200000        15976         1.25
       8.143     0.300000        23962         1.43
      10.847     0.400000        31961         1.67
      13.975     0.500000        39942         2.00
      15.767     0.550000        43942         2.22
      17.663     0.600000        47947         2.50
      19.807     0.650000        51932         2.86
      22.287     0.700000        55926         3.33
      25.215     0.750000        59920         4.00
      26.879     0.775000        61915         4.44
      28.687     0.800000        63901         5.00
      30.847     0.825000        65896         5.71
      33.279     0.850000        67895         6.67
      36.287     0.875000        69907         8.00
      37.887     0.887500        70889         8.89
      39.775     0.900000        71890        10.00
      41.887     0.912500        72887        11.43
      44.575     0.925000        73883        13.33
      47.519     0.937500        74886        16.00
      49.215     0.943750        75376        17.78
      51.135     0.950000        75874        20.00
      53.279     0.956250        76376        22.86
      55.903     0.962500        76875        26.67
      59.103     0.968750        77375        32.00
      60.895     0.971875        77623        35.56
      62.879     0.975000        77871        40.00
      65.119     0.978125        78124        45.71
      67.903     0.981250        78371        53.33
      71.167     0.984375        78621        64.00
      73.151     0.985938        78745        71.11
      75.007     0.987500        78870        80.00
      77.439     0.989062        78995        91.43
      80.319     0.990625        79120       106.67
      83.775     0.992188        79244       128.00
      86.079     0.992969        79311       142.22
      88.063     0.993750        79368       160.00
      90.303     0.994531        79431       182.86
      92.799     0.995313        79493       213.33
      95.679     0.996094        79556       256.00
      97.407     0.996484        79588       284.44
      99.839     0.996875        79619       320.00
     102.271     0.997266        79651       365.71
     104.703     0.997656        79680       426.67
     107.711     0.998047        79712       512.00
     109.887     0.998242        79727       568.89
     112.703     0.998437        79743       640.00
     114.815     0.998633        79758       731.43
     117.823     0.998828        79774       853.33
     121.663     0.999023        79790      1024.00
     122.751     0.999121        79797      1137.78
     124.415     0.999219        79805      1280.00
     125.567     0.999316        79813      1462.86
     128.703     0.999414        79821      1706.67
     132.607     0.999512        79829      2048.00
     134.143     0.999561        79832      2275.56
     135.167     0.999609        79836      2560.00
     136.959     0.999658        79840      2925.71
     140.159     0.999707        79844      3413.33
     141.951     0.999756        79848      4096.00
     142.847     0.999780        79850      4551.11
     143.487     0.999805        79852      5120.00
     144.639     0.999829        79854      5851.43
     146.175     0.999854        79856      6826.67
     148.095     0.999878        79858      8192.00
     150.527     0.999890        79859      9102.22
     151.935     0.999902        79860     10240.00
     153.471     0.999915        79861     11702.86
     155.135     0.999927        79862     13653.33
     158.079     0.999939        79863     16384.00
     158.079     0.999945        79863     18204.44
     159.743     0.999951        79864     20480.00
     159.743     0.999957        79864     23405.71
     160.895     0.999963        79865     27306.67
     160.895     0.999969        79865     32768.00
     160.895     0.999973        79865     36408.89
     174.719     0.999976        79866     40960.00
     174.719     0.999979        79866     46811.43
     174.719     0.999982        79866     54613.33
     174.719     0.999985        79866     65536.00
     174.719     0.999986        79866     72817.78
     193.791     0.999988        79867     81920.00
     193.791     1.000000        79867          inf
#[Mean    =       18.619, StdDeviation   =       16.661]
#[Max     =      193.664, Total count    =        79867]
#[Buckets =           27, SubBuckets     =         2048]
----------------------------------------------------------
  117988 requests in 30.00s, 48.77MB read
Requests/sec:   3932.62
Transfer/sec:      1.63MB
