Using argument nginx
using  args: threads=4 and connections=512 and duration=30 and requests=20000
Running 30s test @ http://10.10.1.4:5000
  4 threads and 512 connections
  Thread calibration: mean lat.: 3921.201ms, rate sampling interval: 14737ms
  Thread calibration: mean lat.: 3942.876ms, rate sampling interval: 14819ms
  Thread calibration: mean lat.: 3737.465ms, rate sampling interval: 13533ms
  Thread calibration: mean lat.: 3901.780ms, rate sampling interval: 14729ms
  Thread Stats   Avg      Stdev     99%   +/- Stdev
    Latency    16.14s     4.72s   24.51s    58.53%
    Req/Sec     0.90k     2.95     0.90k    75.00%
  Latency Distribution (HdrHistogram - Recorded Latency)
 50.000%   16.11s 
 75.000%   20.15s 
 90.000%   22.76s 
 99.000%   24.51s 
 99.900%   25.17s 
 99.990%   25.49s 
 99.999%   25.90s 
100.000%   25.97s 

  Detailed Percentile spectrum:
       Value   Percentile   TotalCount 1/(1-Percentile)

    6774.783     0.000000            1         1.00
    9674.751     0.100000         7036         1.11
   11321.343     0.200000        14071         1.25
   12902.399     0.300000        21087         1.43
   14524.415     0.400000        28119         1.67
   16113.663     0.500000        35138         2.00
   16891.903     0.550000        38673         2.22
   17678.335     0.600000        42208         2.50
   18431.999     0.650000        45700         2.86
   19267.583     0.700000        49222         3.33
   20152.319     0.750000        52696         4.00
   20594.687     0.775000        54488         4.44
   21020.671     0.800000        56253         5.00
   21430.271     0.825000        57947         5.71
   21872.639     0.850000        59698         6.67
   22331.391     0.875000        61492         8.00
   22544.383     0.887500        62364         8.89
   22757.375     0.900000        63244        10.00
   22970.367     0.912500        64128        11.43
   23166.975     0.925000        64980        13.33
   23396.351     0.937500        65920        16.00
   23494.655     0.943750        66309        17.78
   23609.343     0.950000        66788        20.00
   23707.647     0.956250        67179        22.86
   23822.335     0.962500        67635        26.67
   23953.407     0.968750        68042        32.00
   24035.327     0.971875        68305        35.56
   24100.863     0.975000        68510        40.00
   24166.399     0.978125        68703        45.71
   24248.319     0.981250        68930        53.33
   24330.239     0.984375        69147        64.00
   24379.391     0.985938        69255        71.11
   24428.543     0.987500        69355        80.00
   24477.695     0.989062        69470        91.43
   24526.847     0.990625        69577       106.67
   24608.767     0.992188        69699       128.00
   24657.919     0.992969        69757       142.22
   24690.687     0.993750        69797       160.00
   24739.839     0.994531        69851       182.86
   24805.375     0.995313        69926       213.33
   24854.527     0.996094        69965       256.00
   24887.295     0.996484        69996       284.44
   24903.679     0.996875        70016       320.00
   24936.447     0.997266        70039       365.71
   24969.215     0.997656        70067       426.67
   25018.367     0.998047        70104       512.00
   25034.751     0.998242        70111       568.89
   25067.519     0.998437        70124       640.00
   25100.287     0.998633        70137       731.43
   25149.439     0.998828        70154       853.33
   25165.823     0.999023        70165      1024.00
   25182.207     0.999121        70180      1137.78
   25182.207     0.999219        70180      1280.00
   25198.591     0.999316        70185      1462.86
   25214.975     0.999414        70193      1706.67
   25247.743     0.999512        70197      2048.00
   25280.511     0.999561        70202      2275.56
   25296.895     0.999609        70205      2560.00
   25313.279     0.999658        70210      2925.71
   25346.047     0.999707        70213      3413.33
   25362.431     0.999756        70214      4096.00
   25378.815     0.999780        70217      4551.11
   25395.199     0.999805        70219      5120.00
   25395.199     0.999829        70219      5851.43
   25427.967     0.999854        70221      6826.67
   25493.503     0.999878        70224      8192.00
   25493.503     0.999890        70224      9102.22
   25509.887     0.999902        70226     10240.00
   25509.887     0.999915        70226     11702.86
   25509.887     0.999927        70226     13653.33
   25526.271     0.999939        70227     16384.00
   25624.575     0.999945        70228     18204.44
   25624.575     0.999951        70228     20480.00
   25624.575     0.999957        70228     23405.71
   25706.495     0.999963        70229     27306.67
   25706.495     0.999969        70229     32768.00
   25903.103     0.999973        70230     36408.89
   25903.103     0.999976        70230     40960.00
   25903.103     0.999979        70230     46811.43
   25903.103     0.999982        70230     54613.33
   25903.103     0.999985        70230     65536.00
   25968.639     0.999986        70231     72817.78
   25968.639     1.000000        70231          inf
#[Mean    =    16138.681, StdDeviation   =     4718.987]
#[Max     =    25952.256, Total count    =        70231]
#[Buckets =           27, SubBuckets     =         2048]
----------------------------------------------------------
  105577 requests in 30.00s, 43.61MB read
Requests/sec:   3519.32
Transfer/sec:      1.45MB
