Using argument nginx
using  args: threads=4 and connections=512 and duration=30 and requests=1500
Running 30s test @ http://10.10.1.4:8080
  4 threads and 512 connections
  Thread calibration: mean lat.: 1.170ms, rate sampling interval: 10ms
  Thread calibration: mean lat.: 1.125ms, rate sampling interval: 10ms
  Thread calibration: mean lat.: 1.165ms, rate sampling interval: 10ms
  Thread calibration: mean lat.: 1.201ms, rate sampling interval: 10ms
  Thread Stats   Avg      Stdev     99%   +/- Stdev
    Latency     0.98ms  743.30us   2.91ms   89.64%
    Req/Sec   393.73    204.24     0.90k    70.81%
  Latency Distribution (HdrHistogram - Recorded Latency)
 50.000%  786.00us
 75.000%    0.96ms
 90.000%    2.08ms
 99.000%    2.91ms
 99.900%    8.85ms
 99.990%   16.62ms
 99.999%   21.53ms
100.000%   21.53ms

  Detailed Percentile spectrum:
       Value   Percentile   TotalCount 1/(1-Percentile)

       0.407     0.000000            1         1.00
       0.587     0.100000         2976         1.11
       0.630     0.200000         5952         1.25
       0.672     0.300000         8927         1.43
       0.722     0.400000        11910         1.67
       0.786     0.500000        14853         2.00
       0.818     0.550000        16334         2.22
       0.851     0.600000        17829         2.50
       0.883     0.650000        19306         2.86
       0.918     0.700000        20771         3.33
       0.958     0.750000        22282         4.00
       0.982     0.775000        22996         4.44
       1.008     0.800000        23739         5.00
       1.045     0.825000        24482         5.71
       1.097     0.850000        25217         6.67
       1.191     0.875000        25964         8.00
       1.299     0.887500        26329         8.89
       2.077     0.900000        26701        10.00
       2.243     0.912500        27074        11.43
       2.333     0.925000        27445        13.33
       2.411     0.937500        27813        16.00
       2.451     0.943750        28010        17.78
       2.485     0.950000        28183        20.00
       2.529     0.956250        28380        22.86
       2.571     0.962500        28561        26.67
       2.619     0.968750        28742        32.00
       2.655     0.971875        28834        35.56
       2.683     0.975000        28926        40.00
       2.715     0.978125        29022        45.71
       2.753     0.981250        29115        53.33
       2.799     0.984375        29204        64.00
       2.825     0.985938        29251        71.11
       2.853     0.987500        29299        80.00
       2.883     0.989062        29344        91.43
       2.923     0.990625        29390       106.67
       2.967     0.992188        29436       128.00
       2.993     0.992969        29458       142.22
       3.027     0.993750        29482       160.00
       3.059     0.994531        29504       182.86
       3.107     0.995313        29527       213.33
       3.153     0.996094        29551       256.00
       3.181     0.996484        29562       284.44
       3.221     0.996875        29574       320.00
       3.259     0.997266        29585       365.71
       3.319     0.997656        29597       426.67
       3.435     0.998047        29610       512.00
       3.469     0.998242        29614       568.89
       3.575     0.998437        29620       640.00
       3.733     0.998633        29626       731.43
       4.351     0.998828        29632       853.33
      15.831     0.999023        29638      1024.00
      15.943     0.999121        29640      1137.78
      15.983     0.999219        29643      1280.00
      16.087     0.999316        29646      1462.86
      16.167     0.999414        29649      1706.67
      16.247     0.999512        29652      2048.00
      16.271     0.999561        29653      2275.56
      16.311     0.999609        29655      2560.00
      16.319     0.999658        29656      2925.71
      16.399     0.999707        29658      3413.33
      16.415     0.999756        29659      4096.00
      16.543     0.999780        29660      4551.11
      16.591     0.999805        29662      5120.00
      16.591     0.999829        29662      5851.43
      16.591     0.999854        29662      6826.67
      16.623     0.999878        29663      8192.00
      16.623     0.999890        29663      9102.22
      16.703     0.999902        29664     10240.00
      16.703     0.999915        29664     11702.86
      16.703     0.999927        29664     13653.33
      16.799     0.999939        29665     16384.00
      16.799     0.999945        29665     18204.44
      16.799     0.999951        29665     20480.00
      16.799     0.999957        29665     23405.71
      16.799     0.999963        29665     27306.67
      21.535     0.999969        29666     32768.00
      21.535     1.000000        29666          inf
#[Mean    =        0.975, StdDeviation   =        0.743]
#[Max     =       21.520, Total count    =        29666]
#[Buckets =           27, SubBuckets     =         2048]
----------------------------------------------------------
  44706 requests in 30.01s, 8.55MB read
  Socket errors: connect 0, read 0, write 0, timeout 22
Requests/sec:   1489.80
Transfer/sec:    291.86KB
