Using argument nginx
using  args: threads=4 and connections=512 and duration=30 and requests=3000
Running 30s test @ http://10.10.1.4:8080
  4 threads and 512 connections
  Thread calibration: mean lat.: 1.011ms, rate sampling interval: 10ms
  Thread calibration: mean lat.: 1.041ms, rate sampling interval: 10ms
  Thread calibration: mean lat.: 1.039ms, rate sampling interval: 10ms
  Thread calibration: mean lat.: 0.921ms, rate sampling interval: 10ms
  Thread Stats   Avg      Stdev     99%   +/- Stdev
    Latency     0.86ms  687.14us   2.73ms   90.03%
    Req/Sec   791.20    287.99     1.55k    64.54%
  Latency Distribution (HdrHistogram - Recorded Latency)
 50.000%  660.00us
 75.000%  837.00us
 90.000%    1.47ms
 99.000%    2.73ms
 99.900%    4.40ms
 99.990%   16.48ms
 99.999%   16.67ms
100.000%   16.99ms

  Detailed Percentile spectrum:
       Value   Percentile   TotalCount 1/(1-Percentile)

       0.357     0.000000            1         1.00
       0.522     0.100000         5980         1.11
       0.554     0.200000        12120         1.25
       0.582     0.300000        18110         1.43
       0.613     0.400000        24056         1.67
       0.660     0.500000        29915         2.00
       0.704     0.550000        32890         2.22
       0.747     0.600000        35847         2.50
       0.779     0.650000        38813         2.86
       0.808     0.700000        41888         3.33
       0.837     0.750000        44838         4.00
       0.854     0.775000        46333         4.44
       0.874     0.800000        47788         5.00
       0.900     0.825000        49298         5.71
       0.935     0.850000        50764         6.67
       1.002     0.875000        52241         8.00
       1.077     0.887500        52985         8.89
       1.474     0.900000        53732        10.00
       2.057     0.912500        54484        11.43
       2.155     0.925000        55226        13.33
       2.237     0.937500        55970        16.00
       2.277     0.943750        56354        17.78
       2.315     0.950000        56727        20.00
       2.351     0.956250        57112        22.86
       2.397     0.962500        57479        26.67
       2.445     0.968750        57850        32.00
       2.469     0.971875        58029        35.56
       2.497     0.975000        58219        40.00
       2.531     0.978125        58401        45.71
       2.569     0.981250        58584        53.33
       2.613     0.984375        58773        64.00
       2.641     0.985938        58866        71.11
       2.671     0.987500        58959        80.00
       2.703     0.989062        59052        91.43
       2.751     0.990625        59144       106.67
       2.791     0.992188        59237       128.00
       2.819     0.992969        59283       142.22
       2.851     0.993750        59330       160.00
       2.893     0.994531        59375       182.86
       2.937     0.995313        59423       213.33
       3.001     0.996094        59469       256.00
       3.049     0.996484        59493       284.44
       3.093     0.996875        59517       320.00
       3.141     0.997266        59538       365.71
       3.211     0.997656        59562       426.67
       3.327     0.998047        59585       512.00
       3.383     0.998242        59597       568.89
       3.477     0.998437        59608       640.00
       3.601     0.998633        59620       731.43
       3.905     0.998828        59632       853.33
       4.475     0.999023        59643      1024.00
       7.059     0.999121        59649      1137.78
      15.687     0.999219        59655      1280.00
      15.759     0.999316        59661      1462.86
      15.895     0.999414        59668      1706.67
      16.007     0.999512        59672      2048.00
      16.047     0.999561        59676      2275.56
      16.079     0.999609        59678      2560.00
      16.095     0.999658        59681      2925.71
      16.111     0.999707        59684      3413.33
      16.183     0.999756        59687      4096.00
      16.199     0.999780        59688      4551.11
      16.223     0.999805        59690      5120.00
      16.295     0.999829        59691      5851.43
      16.327     0.999854        59693      6826.67
      16.359     0.999878        59694      8192.00
      16.479     0.999890        59695      9102.22
      16.527     0.999902        59696     10240.00
      16.527     0.999915        59696     11702.86
      16.559     0.999927        59697     13653.33
      16.591     0.999939        59698     16384.00
      16.591     0.999945        59698     18204.44
      16.655     0.999951        59699     20480.00
      16.655     0.999957        59699     23405.71
      16.655     0.999963        59699     27306.67
      16.671     0.999969        59700     32768.00
      16.671     0.999973        59700     36408.89
      16.671     0.999976        59700     40960.00
      16.671     0.999979        59700     46811.43
      16.671     0.999982        59700     54613.33
      16.991     0.999985        59701     65536.00
      16.991     1.000000        59701          inf
#[Mean    =        0.859, StdDeviation   =        0.687]
#[Max     =       16.976, Total count    =        59701]
#[Buckets =           27, SubBuckets     =         2048]
----------------------------------------------------------
  89128 requests in 30.00s, 17.05MB read
  Socket errors: connect 0, read 0, write 0, timeout 1
Requests/sec:   2970.87
Transfer/sec:    581.91KB
