Using argument nginx
using  args: threads=4 and connections=512 and duration=30 and requests=16000
Running 30s test @ http://10.10.1.4:5000
  4 threads and 512 connections
  Thread calibration: mean lat.: 26.313ms, rate sampling interval: 89ms
  Thread calibration: mean lat.: 26.543ms, rate sampling interval: 89ms
  Thread calibration: mean lat.: 25.893ms, rate sampling interval: 87ms
  Thread calibration: mean lat.: 26.238ms, rate sampling interval: 89ms
  Thread Stats   Avg      Stdev     99%   +/- Stdev
    Latency    22.56ms   57.34ms 342.27ms   94.94%
    Req/Sec     4.02k   529.63     5.44k    89.97%
  Latency Distribution (HdrHistogram - Recorded Latency)
 50.000%    9.53ms
 75.000%   14.94ms
 90.000%   24.61ms
 99.000%  342.27ms
 99.900%  480.00ms
 99.990%  559.61ms
 99.999%  599.55ms
100.000%  637.95ms

  Detailed Percentile spectrum:
       Value   Percentile   TotalCount 1/(1-Percentile)

       0.339     0.000000            1         1.00
       2.781     0.100000        31813         1.11
       4.343     0.200000        63646         1.25
       6.011     0.300000        95477         1.43
       7.811     0.400000       127285         1.67
       9.527     0.500000       159089         2.00
      10.375     0.550000       175064         2.22
      11.271     0.600000       190962         2.50
      12.287     0.650000       206771         2.86
      13.471     0.700000       222740         3.33
      14.943     0.750000       238580         4.00
      15.839     0.775000       246524         4.44
      16.879     0.800000       254471         5.00
      18.127     0.825000       262470         5.71
      19.647     0.850000       270400         6.67
      21.663     0.875000       278387         8.00
      22.927     0.887500       282306         8.89
      24.607     0.900000       286290        10.00
      27.055     0.912500       290261        11.43
      30.879     0.925000       294237        13.33
      39.423     0.937500       298205        16.00
      52.703     0.943750       300194        17.78
      83.455     0.950000       302184        20.00
     121.215     0.956250       304171        22.86
     159.103     0.962500       306163        26.67
     197.119     0.968750       308148        32.00
     216.959     0.971875       309142        35.56
     236.415     0.975000       310136        40.00
     255.743     0.978125       311132        45.71
     276.223     0.981250       312127        53.33
     297.215     0.984375       313115        64.00
     308.991     0.985938       313622        71.11
     320.511     0.987500       314114        80.00
     333.823     0.989062       314607        91.43
     347.903     0.990625       315103       106.67
     364.031     0.992188       315605       128.00
     373.503     0.992969       315852       142.22
     382.975     0.993750       316099       160.00
     392.191     0.994531       316353       182.86
     402.431     0.995313       316598       213.33
     414.463     0.996094       316846       256.00
     419.839     0.996484       316967       284.44
     425.471     0.996875       317092       320.00
     431.871     0.997266       317216       365.71
     440.319     0.997656       317343       426.67
     448.255     0.998047       317466       512.00
     452.351     0.998242       317527       568.89
     458.751     0.998437       317591       640.00
     465.663     0.998633       317651       731.43
     472.575     0.998828       317714       853.33
     480.767     0.999023       317775      1024.00
     485.887     0.999121       317807      1137.78
     489.471     0.999219       317839      1280.00
     494.591     0.999316       317869      1462.86
     500.735     0.999414       317899      1706.67
     510.719     0.999512       317930      2048.00
     514.303     0.999561       317946      2275.56
     520.703     0.999609       317961      2560.00
     527.359     0.999658       317979      2925.71
     531.967     0.999707       317992      3413.33
     541.183     0.999756       318008      4096.00
     545.791     0.999780       318016      4551.11
     549.887     0.999805       318023      5120.00
     553.471     0.999829       318032      5851.43
     555.519     0.999854       318041      6826.67
     558.079     0.999878       318048      8192.00
     559.103     0.999890       318051      9102.22
     560.127     0.999902       318054     10240.00
     568.831     0.999915       318058     11702.86
     571.903     0.999927       318062     13653.33
     576.511     0.999939       318066     16384.00
     578.047     0.999945       318068     18204.44
     580.095     0.999951       318070     20480.00
     580.607     0.999957       318072     23405.71
     585.727     0.999963       318074     27306.67
     589.311     0.999969       318076     32768.00
     591.871     0.999973       318077     36408.89
     592.383     0.999976       318078     40960.00
     593.407     0.999979       318079     46811.43
     596.479     0.999982       318080     54613.33
     599.039     0.999985       318081     65536.00
     599.039     0.999986       318081     72817.78
     599.551     0.999988       318082     81920.00
     599.551     0.999989       318082     93622.86
     600.063     0.999991       318083    109226.67
     600.063     0.999992       318083    131072.00
     600.063     0.999993       318083    145635.56
     612.351     0.999994       318084    163840.00
     612.351     0.999995       318084    187245.71
     612.351     0.999995       318084    218453.33
     612.351     0.999996       318084    262144.00
     612.351     0.999997       318084    291271.11
     637.951     0.999997       318085    327680.00
     637.951     1.000000       318085          inf
#[Mean    =       22.556, StdDeviation   =       57.339]
#[Max     =      637.440, Total count    =       318085]
#[Buckets =           27, SubBuckets     =         2048]
----------------------------------------------------------
  479344 requests in 30.00s, 198.28MB read
Requests/sec:  15978.46
Transfer/sec:      6.61MB
