Using argument nginx
using  args: threads=4 and connections=512 and duration=30 and requests=14000
Running 30s test @ http://10.10.1.4:5000
  4 threads and 512 connections
  Thread calibration: mean lat.: 8.113ms, rate sampling interval: 26ms
  Thread calibration: mean lat.: 8.245ms, rate sampling interval: 26ms
  Thread calibration: mean lat.: 8.199ms, rate sampling interval: 26ms
  Thread calibration: mean lat.: 8.492ms, rate sampling interval: 27ms
  Thread Stats   Avg      Stdev     99%   +/- Stdev
    Latency    10.86ms   24.45ms 153.21ms   95.86%
    Req/Sec     3.58k   645.23     5.46k    79.89%
  Latency Distribution (HdrHistogram - Recorded Latency)
 50.000%    5.64ms
 75.000%    9.12ms
 90.000%   14.33ms
 99.000%  153.21ms
 99.900%  239.62ms
 99.990%  290.82ms
 99.999%  326.65ms
100.000%  357.38ms

  Detailed Percentile spectrum:
       Value   Percentile   TotalCount 1/(1-Percentile)

       0.325     0.000000            1         1.00
       1.779     0.100000        27895         1.11
       2.789     0.200000        55799         1.25
       3.713     0.300000        83707         1.43
       4.627     0.400000       111587         1.67
       5.635     0.500000       139463         2.00
       6.191     0.550000       153375         2.22
       6.791     0.600000       167375         2.50
       7.455     0.650000       181273         2.86
       8.231     0.700000       195237         3.33
       9.119     0.750000       209160         4.00
       9.647     0.775000       216120         4.44
      10.231     0.800000       223077         5.00
      10.919     0.825000       230099         5.71
      11.759     0.850000       237043         6.67
      12.815     0.875000       243985         8.00
      13.511     0.887500       247496         8.89
      14.327     0.900000       250954        10.00
      15.415     0.912500       254450        11.43
      16.863     0.925000       257938        13.33
      19.151     0.937500       261428        16.00
      20.959     0.943750       263152        17.78
      24.015     0.950000       264890        20.00
      30.735     0.956250       266632        22.86
      44.863     0.962500       268375        26.67
      63.935     0.968750       270117        32.00
      74.495     0.971875       270995        35.56
      86.591     0.975000       271860        40.00
      98.303     0.978125       272734        45.71
     111.807     0.981250       273604        53.33
     125.375     0.984375       274476        64.00
     132.863     0.985938       274918        71.11
     139.903     0.987500       275349        80.00
     147.839     0.989062       275784        91.43
     156.927     0.990625       276216       106.67
     165.887     0.992188       276658       128.00
     170.239     0.992969       276870       142.22
     175.359     0.993750       277092       160.00
     180.735     0.994531       277308       182.86
     186.495     0.995313       277523       213.33
     194.047     0.996094       277741       256.00
     198.143     0.996484       277853       284.44
     201.983     0.996875       277961       320.00
     206.847     0.997266       278071       365.71
     211.711     0.997656       278178       426.67
     217.471     0.998047       278288       512.00
     221.439     0.998242       278341       568.89
     225.535     0.998437       278395       640.00
     230.271     0.998633       278449       731.43
     234.495     0.998828       278505       853.33
     240.255     0.999023       278560      1024.00
     242.559     0.999121       278586      1137.78
     246.527     0.999219       278613      1280.00
     250.623     0.999316       278640      1462.86
     254.335     0.999414       278671      1706.67
     257.023     0.999512       278694      2048.00
     259.839     0.999561       278708      2275.56
     261.631     0.999609       278722      2560.00
     263.679     0.999658       278735      2925.71
     267.263     0.999707       278749      3413.33
     270.847     0.999756       278762      4096.00
     275.199     0.999780       278769      4551.11
     277.247     0.999805       278776      5120.00
     279.807     0.999829       278783      5851.43
     282.111     0.999854       278790      6826.67
     286.975     0.999878       278796      8192.00
     289.023     0.999890       278800      9102.22
     290.815     0.999902       278804     10240.00
     293.119     0.999915       278807     11702.86
     294.655     0.999927       278811     13653.33
     296.959     0.999939       278813     16384.00
     297.727     0.999945       278815     18204.44
     299.263     0.999951       278817     20480.00
     300.799     0.999957       278819     23405.71
     303.615     0.999963       278820     27306.67
     309.503     0.999969       278822     32768.00
     314.367     0.999973       278823     36408.89
     317.183     0.999976       278824     40960.00
     319.487     0.999979       278825     46811.43
     319.487     0.999982       278825     54613.33
     324.351     0.999985       278826     65536.00
     326.655     0.999986       278827     72817.78
     326.655     0.999988       278827     81920.00
     329.215     0.999989       278828     93622.86
     329.215     0.999991       278828    109226.67
     329.215     0.999992       278828    131072.00
     336.127     0.999993       278829    145635.56
     336.127     0.999994       278829    163840.00
     336.127     0.999995       278829    187245.71
     336.127     0.999995       278829    218453.33
     336.127     0.999996       278829    262144.00
     357.375     0.999997       278830    291271.11
     357.375     1.000000       278830          inf
#[Mean    =       10.863, StdDeviation   =       24.448]
#[Max     =      357.120, Total count    =       278830]
#[Buckets =           27, SubBuckets     =         2048]
----------------------------------------------------------
  416448 requests in 30.00s, 172.16MB read
Requests/sec:  13881.47
Transfer/sec:      5.74MB
