Using argument nginx
using  args: threads=4 and connections=512 and duration=30 and requests=2500
Running 30s test @ http://10.10.1.6:8080
  4 threads and 512 connections
  Thread calibration: mean lat.: 1654.260ms, rate sampling interval: 8085ms
  Thread calibration: mean lat.: 1777.057ms, rate sampling interval: 8077ms
  Thread calibration: mean lat.: 1615.690ms, rate sampling interval: 7970ms
  Thread calibration: mean lat.: 1754.916ms, rate sampling interval: 8163ms
  Thread Stats   Avg      Stdev     99%   +/- Stdev
    Latency     8.56s     6.00s   21.30s    58.36%
    Req/Sec   279.50     17.86   305.00     50.00%
  Latency Distribution (HdrHistogram - Recorded Latency)
 50.000%    7.70s 
 75.000%   13.91s 
 90.000%   17.02s 
 99.000%   21.30s 
 99.900%   23.02s 
 99.990%   24.07s 
 99.999%   24.20s 
100.000%   24.20s 

  Detailed Percentile spectrum:
       Value   Percentile   TotalCount 1/(1-Percentile)

       0.961     0.000000            1         1.00
     852.479     0.100000         2195         1.11
    2557.951     0.200000         4388         1.25
    4222.975     0.300000         6583         1.43
    5824.511     0.400000         8782         1.67
    7696.383     0.500000        10968         2.00
    8667.135     0.550000        12077         2.22
    9846.783     0.600000        13162         2.50
   11091.967     0.650000        14259         2.86
   12632.063     0.700000        15354         3.33
   13910.015     0.750000        16458         4.00
   14426.111     0.775000        17002         4.44
   14827.519     0.800000        17548         5.00
   15302.655     0.825000        18099         5.71
   15761.407     0.850000        18650         6.67
   16343.039     0.875000        19201         8.00
   16678.911     0.887500        19467         8.89
   17022.975     0.900000        19754        10.00
   17367.039     0.912500        20024        11.43
   17727.487     0.925000        20299        13.33
   18087.935     0.937500        20566        16.00
   18333.695     0.943750        20703        17.78
   18579.455     0.950000        20838        20.00
   18841.599     0.956250        20983        22.86
   19136.511     0.962500        21113        26.67
   19562.495     0.968750        21250        32.00
   19890.175     0.971875        21323        35.56
   20054.015     0.975000        21389        40.00
   20250.623     0.978125        21455        45.71
   20447.231     0.981250        21522        53.33
   20692.991     0.984375        21591        64.00
   20840.447     0.985938        21628        71.11
   21069.823     0.987500        21661        80.00
   21184.511     0.989062        21697        91.43
   21331.967     0.990625        21728       106.67
   21626.879     0.992188        21763       128.00
   21708.799     0.992969        21780       142.22
   21790.719     0.993750        21796       160.00
   21856.255     0.994531        21815       182.86
   21938.175     0.995313        21834       213.33
   22020.095     0.996094        21848       256.00
   22102.015     0.996484        21858       284.44
   22216.703     0.996875        21865       320.00
   22413.311     0.997266        21875       365.71
   22446.079     0.997656        21882       426.67
   22527.999     0.998047        21891       512.00
   22593.535     0.998242        21897       568.89
   22757.375     0.998437        21899       640.00
   22937.599     0.998633        21904       731.43
   22970.367     0.998828        21908       853.33
   23035.903     0.999023        21912      1024.00
   23068.671     0.999121        21914      1137.78
   23101.439     0.999219        21916      1280.00
   23150.591     0.999316        21919      1462.86
   23232.511     0.999414        21922      1706.67
   23281.663     0.999512        21923      2048.00
   23625.727     0.999561        21924      2275.56
   23674.879     0.999609        21925      2560.00
   23805.951     0.999658        21926      2925.71
   23855.103     0.999707        21927      3413.33
   23871.487     0.999756        21928      4096.00
   23920.639     0.999780        21929      4551.11
   23920.639     0.999805        21929      5120.00
   23969.791     0.999829        21930      5851.43
   23969.791     0.999854        21930      6826.67
   24068.095     0.999878        21931      8192.00
   24068.095     0.999890        21931      9102.22
   24068.095     0.999902        21931     10240.00
   24150.015     0.999915        21932     11702.86
   24150.015     0.999927        21932     13653.33
   24150.015     0.999939        21932     16384.00
   24150.015     0.999945        21932     18204.44
   24150.015     0.999951        21932     20480.00
   24199.167     0.999957        21933     23405.71
   24199.167     1.000000        21933          inf
#[Mean    =     8560.933, StdDeviation   =     5996.897]
#[Max     =    24182.784, Total count    =        21933]
#[Buckets =           27, SubBuckets     =         2048]
----------------------------------------------------------
  33942 requests in 30.04s, 320.73MB read
  Socket errors: connect 0, read 0, write 0, timeout 2
  Non-2xx or 3xx responses: 826
Requests/sec:   1129.85
Transfer/sec:     10.68MB
