Using argument nginx
using  args: threads=4 and connections=1024 and duration=30 and requests=5000
Running 30s test @ http://10.10.1.4:8080/wrk2-api/user-timeline/read
  4 threads and 1024 connections
  Thread calibration: mean lat.: 10.783ms, rate sampling interval: 39ms
  Thread calibration: mean lat.: 11.453ms, rate sampling interval: 40ms
  Thread calibration: mean lat.: 11.358ms, rate sampling interval: 40ms
  Thread calibration: mean lat.: 11.559ms, rate sampling interval: 40ms
  Thread Stats   Avg      Stdev     99%   +/- Stdev
    Latency    15.09ms   12.03ms  62.78ms   88.42%
    Req/Sec     1.26k   211.76     1.79k    70.26%
  Latency Distribution (HdrHistogram - Recorded Latency)
 50.000%   10.98ms
 75.000%   18.00ms
 90.000%   29.01ms
 99.000%   62.78ms
 99.900%   99.33ms
 99.990%  147.71ms
 99.999%  191.36ms
100.000%  198.01ms

  Detailed Percentile spectrum:
       Value   Percentile   TotalCount 1/(1-Percentile)

       3.537     0.000000            1         1.00
       6.139     0.100000         9857         1.11
       7.147     0.200000        19720         1.25
       8.199     0.300000        29574         1.43
       9.423     0.400000        39398         1.67
      10.975     0.500000        49265         2.00
      11.943     0.550000        54175         2.22
      13.063     0.600000        59114         2.50
      14.383     0.650000        64014         2.86
      16.015     0.700000        68936         3.33
      17.999     0.750000        73875         4.00
      19.199     0.775000        76318         4.44
      20.559     0.800000        78801         5.00
      22.111     0.825000        81257         5.71
      23.919     0.850000        83711         6.67
      26.111     0.875000        86160         8.00
      27.535     0.887500        87401         8.89
      29.007     0.900000        88622        10.00
      30.815     0.912500        89858        11.43
      32.927     0.925000        91094        13.33
      35.487     0.937500        92319        16.00
      37.055     0.943750        92938        17.78
      38.687     0.950000        93543        20.00
      40.511     0.956250        94159        22.86
      42.687     0.962500        94774        26.67
      45.375     0.968750        95392        32.00
      47.167     0.971875        95703        35.56
      48.767     0.975000        96011        40.00
      50.879     0.978125        96314        45.71
      53.151     0.981250        96623        53.33
      55.839     0.984375        96928        64.00
      57.599     0.985938        97082        71.11
      59.551     0.987500        97238        80.00
      61.599     0.989062        97392        91.43
      63.871     0.990625        97545       106.67
      67.007     0.992188        97700       128.00
      68.735     0.992969        97775       142.22
      70.527     0.993750        97852       160.00
      72.511     0.994531        97930       182.86
      75.071     0.995313        98007       213.33
      77.631     0.996094        98082       256.00
      79.807     0.996484        98120       284.44
      81.279     0.996875        98159       320.00
      83.647     0.997266        98197       365.71
      86.271     0.997656        98236       426.67
      89.663     0.998047        98274       512.00
      91.583     0.998242        98293       568.89
      93.503     0.998437        98313       640.00
      95.423     0.998633        98332       731.43
      96.831     0.998828        98351       853.33
      99.647     0.999023        98370      1024.00
     101.247     0.999121        98380      1137.78
     104.639     0.999219        98390      1280.00
     107.647     0.999316        98399      1462.86
     110.143     0.999414        98409      1706.67
     116.735     0.999512        98418      2048.00
     119.999     0.999561        98423      2275.56
     121.919     0.999609        98428      2560.00
     123.967     0.999658        98433      2925.71
     125.759     0.999707        98438      3413.33
     127.807     0.999756        98442      4096.00
     133.759     0.999780        98445      4551.11
     137.471     0.999805        98447      5120.00
     140.927     0.999829        98450      5851.43
     142.463     0.999854        98452      6826.67
     145.279     0.999878        98455      8192.00
     147.711     0.999890        98456      9102.22
     148.223     0.999902        98457     10240.00
     155.135     0.999915        98458     11702.86
     163.071     0.999927        98459     13653.33
     163.327     0.999939        98460     16384.00
     173.183     0.999945        98461     18204.44
     174.847     0.999951        98462     20480.00
     174.847     0.999957        98462     23405.71
     184.575     0.999963        98463     27306.67
     184.575     0.999969        98463     32768.00
     189.695     0.999973        98464     36408.89
     189.695     0.999976        98464     40960.00
     189.695     0.999979        98464     46811.43
     191.359     0.999982        98465     54613.33
     191.359     0.999985        98465     65536.00
     191.359     0.999986        98465     72817.78
     191.359     0.999988        98465     81920.00
     191.359     0.999989        98465     93622.86
     198.015     0.999991        98466    109226.67
     198.015     1.000000        98466          inf
#[Mean    =       15.092, StdDeviation   =       12.031]
#[Max     =      197.888, Total count    =        98466]
#[Buckets =           27, SubBuckets     =         2048]
----------------------------------------------------------
  145171 requests in 30.00s, 25.47MB read
  Socket errors: connect 7, read 0, write 0, timeout 100
Requests/sec:   4839.33
Transfer/sec:    869.57KB
