Using argument nginx
using  args: threads=4 and connections=512 and duration=30 and requests=5000
Running 30s test @ http://10.10.1.4:8080/wrk2-api/user-timeline/read
  4 threads and 512 connections
  Thread calibration: mean lat.: 7.838ms, rate sampling interval: 25ms
  Thread calibration: mean lat.: 7.834ms, rate sampling interval: 24ms
  Thread calibration: mean lat.: 7.944ms, rate sampling interval: 25ms
  Thread calibration: mean lat.: 8.167ms, rate sampling interval: 25ms
  Thread Stats   Avg      Stdev     99%   +/- Stdev
    Latency     9.36ms    5.32ms  30.24ms   87.41%
    Req/Sec     1.28k   243.50     1.88k    70.96%
  Latency Distribution (HdrHistogram - Recorded Latency)
 50.000%    7.72ms
 75.000%   10.90ms
 90.000%   15.64ms
 99.000%   30.24ms
 99.900%   46.53ms
 99.990%   62.14ms
 99.999%   75.26ms
100.000%   83.20ms

  Detailed Percentile spectrum:
       Value   Percentile   TotalCount 1/(1-Percentile)

       3.145     0.000000            1         1.00
       5.059     0.100000         9992         1.11
       5.675     0.200000        19993         1.25
       6.255     0.300000        29914         1.43
       6.919     0.400000        39936         1.67
       7.715     0.500000        49894         2.00
       8.179     0.550000        54867         2.22
       8.719     0.600000        59860         2.50
       9.319     0.650000        64849         2.86
      10.039     0.700000        69818         3.33
      10.895     0.750000        74805         4.00
      11.407     0.775000        77300         4.44
      11.975     0.800000        79795         5.00
      12.639     0.825000        82261         5.71
      13.439     0.850000        84754         6.67
      14.415     0.875000        87268         8.00
      14.975     0.887500        88501         8.89
      15.639     0.900000        89746        10.00
      16.399     0.912500        91000        11.43
      17.279     0.925000        92233        13.33
      18.367     0.937500        93480        16.00
      18.959     0.943750        94105        17.78
      19.615     0.950000        94742        20.00
      20.399     0.956250        95353        22.86
      21.375     0.962500        95977        26.67
      22.463     0.968750        96600        32.00
      23.055     0.971875        96910        35.56
      23.791     0.975000        97222        40.00
      24.687     0.978125        97537        45.71
      25.647     0.981250        97842        53.33
      26.879     0.984375        98154        64.00
      27.647     0.985938        98308        71.11
      28.495     0.987500        98463        80.00
      29.599     0.989062        98619        91.43
      30.719     0.990625        98778       106.67
      31.951     0.992188        98931       128.00
      32.863     0.992969        99009       142.22
      33.727     0.993750        99089       160.00
      34.687     0.994531        99164       182.86
      35.743     0.995313        99243       213.33
      36.991     0.996094        99324       256.00
      37.631     0.996484        99362       284.44
      38.527     0.996875        99398       320.00
      39.711     0.997266        99438       365.71
      40.575     0.997656        99476       426.67
      41.695     0.998047        99515       512.00
      42.399     0.998242        99535       568.89
      43.263     0.998437        99555       640.00
      44.511     0.998633        99573       731.43
      45.727     0.998828        99593       853.33
      46.815     0.999023        99612      1024.00
      47.327     0.999121        99622      1137.78
      48.799     0.999219        99632      1280.00
      49.727     0.999316        99641      1462.86
      51.583     0.999414        99651      1706.67
      52.799     0.999512        99661      2048.00
      53.439     0.999561        99666      2275.56
      54.399     0.999609        99671      2560.00
      54.623     0.999658        99675      2925.71
      55.487     0.999707        99680      3413.33
      56.671     0.999756        99685      4096.00
      57.535     0.999780        99688      4551.11
      58.975     0.999805        99690      5120.00
      59.519     0.999829        99692      5851.43
      60.159     0.999854        99695      6826.67
      61.791     0.999878        99697      8192.00
      62.143     0.999890        99699      9102.22
      64.255     0.999902        99700     10240.00
      64.607     0.999915        99701     11702.86
      65.663     0.999927        99702     13653.33
      66.111     0.999939        99703     16384.00
      68.543     0.999945        99704     18204.44
      69.951     0.999951        99705     20480.00
      69.951     0.999957        99705     23405.71
      70.143     0.999963        99706     27306.67
      70.143     0.999969        99706     32768.00
      71.231     0.999973        99707     36408.89
      71.231     0.999976        99707     40960.00
      71.231     0.999979        99707     46811.43
      75.263     0.999982        99708     54613.33
      75.263     0.999985        99708     65536.00
      75.263     0.999986        99708     72817.78
      75.263     0.999988        99708     81920.00
      75.263     0.999989        99708     93622.86
      83.199     0.999991        99709    109226.67
      83.199     1.000000        99709          inf
#[Mean    =        9.360, StdDeviation   =        5.321]
#[Max     =       83.136, Total count    =        99709]
#[Buckets =           27, SubBuckets     =         2048]
----------------------------------------------------------
  148577 requests in 30.00s, 26.07MB read
Requests/sec:   4952.85
Transfer/sec:      0.87MB
