Using argument nginx
using  args: threads=4 and connections=512 and duration=30 and requests=6000
Running 30s test @ http://10.10.1.4:8080/wrk2-api/user-timeline/read
  4 threads and 512 connections
  Thread calibration: mean lat.: 856.771ms, rate sampling interval: 3837ms
  Thread calibration: mean lat.: 884.145ms, rate sampling interval: 3905ms
  Thread calibration: mean lat.: 806.207ms, rate sampling interval: 3622ms
  Thread calibration: mean lat.: 962.158ms, rate sampling interval: 3915ms
  Thread Stats   Avg      Stdev     99%   +/- Stdev
    Latency     4.92s     1.99s    9.33s    63.91%
    Req/Sec     1.06k    26.83     1.10k    60.00%
  Latency Distribution (HdrHistogram - Recorded Latency)
 50.000%    4.82s 
 75.000%    6.40s 
 90.000%    7.63s 
 99.000%    9.33s 
 99.900%   10.75s 
 99.990%   11.48s 
 99.999%   11.74s 
100.000%   11.81s 

  Detailed Percentile spectrum:
       Value   Percentile   TotalCount 1/(1-Percentile)

     195.711     0.000000            1         1.00
    2357.247     0.100000         8492         1.11
    3041.279     0.200000        16992         1.25
    3620.863     0.300000        25464         1.43
    4222.975     0.400000        33988         1.67
    4816.895     0.500000        42459         2.00
    5111.807     0.550000        46684         2.22
    5427.199     0.600000        50910         2.50
    5754.879     0.650000        55179         2.86
    6070.271     0.700000        59403         3.33
    6397.951     0.750000        63679         4.00
    6561.791     0.775000        65782         4.44
    6746.111     0.800000        67901         5.00
    6938.623     0.825000        70018         5.71
    7155.711     0.850000        72139         6.67
    7385.087     0.875000        74253         8.00
    7507.967     0.887500        75317         8.89
    7634.943     0.900000        76367        10.00
    7786.495     0.912500        77440        11.43
    7938.047     0.925000        78502        13.33
    8101.887     0.937500        79557        16.00
    8200.191     0.943750        80085        17.78
    8294.399     0.950000        80604        20.00
    8413.183     0.956250        81148        22.86
    8527.871     0.962500        81667        26.67
    8658.943     0.968750        82199        32.00
    8732.671     0.971875        82476        35.56
    8806.399     0.975000        82737        40.00
    8896.511     0.978125        83006        45.71
    8986.623     0.981250        83262        53.33
    9101.311     0.984375        83534        64.00
    9158.655     0.985938        83676        71.11
    9215.999     0.987500        83799        80.00
    9289.727     0.989062        83928        91.43
    9371.647     0.990625        84054       106.67
    9478.143     0.992188        84183       128.00
    9527.295     0.992969        84249       142.22
    9592.831     0.993750        84320       160.00
    9658.367     0.994531        84383       182.86
    9740.287     0.995313        84456       213.33
    9871.359     0.996094        84514       256.00
    9961.471     0.996484        84546       284.44
   10043.391     0.996875        84578       320.00
   10166.271     0.997266        84613       365.71
   10280.959     0.997656        84646       426.67
   10412.031     0.998047        84680       512.00
   10452.991     0.998242        84695       568.89
   10518.527     0.998437        84711       640.00
   10584.063     0.998633        84728       731.43
   10665.983     0.998828        84744       853.33
   10756.095     0.999023        84763      1024.00
   10797.055     0.999121        84769      1137.78
   10846.207     0.999219        84778      1280.00
   10903.551     0.999316        84786      1462.86
   11042.815     0.999414        84794      1706.67
   11124.735     0.999512        84802      2048.00
   11165.695     0.999561        84806      2275.56
   11190.271     0.999609        84810      2560.00
   11239.423     0.999658        84815      2925.71
   11263.999     0.999707        84819      3413.33
   11329.535     0.999756        84823      4096.00
   11354.111     0.999780        84825      4551.11
   11378.687     0.999805        84828      5120.00
   11427.839     0.999829        84829      5851.43
   11436.031     0.999854        84831      6826.67
   11452.415     0.999878        84833      8192.00
   11468.799     0.999890        84834      9102.22
   11476.991     0.999902        84835     10240.00
   11509.759     0.999915        84836     11702.86
   11558.911     0.999927        84837     13653.33
   11575.295     0.999939        84838     16384.00
   11591.679     0.999945        84839     18204.44
   11591.679     0.999951        84839     20480.00
   11657.215     0.999957        84840     23405.71
   11657.215     0.999963        84840     27306.67
   11730.943     0.999969        84841     32768.00
   11730.943     0.999973        84841     36408.89
   11730.943     0.999976        84841     40960.00
   11739.135     0.999979        84842     46811.43
   11739.135     0.999982        84842     54613.33
   11739.135     0.999985        84842     65536.00
   11739.135     0.999986        84842     72817.78
   11739.135     0.999988        84842     81920.00
   11812.863     0.999989        84843     93622.86
   11812.863     1.000000        84843          inf
#[Mean    =     4917.625, StdDeviation   =     1989.637]
#[Max     =    11804.672, Total count    =        84843]
#[Buckets =           27, SubBuckets     =         2048]
----------------------------------------------------------
  131093 requests in 30.00s, 23.00MB read
Requests/sec:   4370.00
Transfer/sec:    785.23KB
