Using argument nginx
using  args: threads=8 and connections=512 and duration=30 and requests=20000
Running 30s test @ http://10.10.1.4:8080
  8 threads and 512 connections
  Thread calibration: mean lat.: 0.870ms, rate sampling interval: 10ms
  Thread calibration: mean lat.: 0.897ms, rate sampling interval: 10ms
  Thread calibration: mean lat.: 0.907ms, rate sampling interval: 10ms
  Thread calibration: mean lat.: 0.934ms, rate sampling interval: 10ms
  Thread calibration: mean lat.: 0.905ms, rate sampling interval: 10ms
  Thread calibration: mean lat.: 0.896ms, rate sampling interval: 10ms
  Thread calibration: mean lat.: 0.926ms, rate sampling interval: 10ms
  Thread calibration: mean lat.: 0.977ms, rate sampling interval: 10ms
  Thread Stats   Avg      Stdev     99%   +/- Stdev
    Latency     0.88ms    1.44ms   3.46ms   92.71%
    Req/Sec     2.64k   549.40     4.00k    68.99%
  Latency Distribution (HdrHistogram - Recorded Latency)
 50.000%  604.00us
 75.000%  772.00us
 90.000%    2.09ms
 99.000%    3.46ms
 99.900%   31.79ms
 99.990%   33.92ms
 99.999%   36.13ms
100.000%   39.17ms

  Detailed Percentile spectrum:
       Value   Percentile   TotalCount 1/(1-Percentile)

       0.248     0.000000            1         1.00
       0.404     0.100000        40245         1.11
       0.439     0.200000        80206         1.25
       0.476     0.300000       119869         1.43
       0.527     0.400000       159670         1.67
       0.604     0.500000       199811         2.00
       0.639     0.550000       219913         2.22
       0.668     0.600000       239466         2.50
       0.698     0.650000       259755         2.86
       0.731     0.700000       279565         3.33
       0.772     0.750000       299157         4.00
       0.800     0.775000       309235         4.44
       0.836     0.800000       319185         5.00
       0.890     0.825000       329104         5.71
       0.986     0.850000       339073         6.67
       1.201     0.875000       349001         8.00
       1.559     0.887500       353988         8.89
       2.089     0.900000       359026        10.00
       2.203     0.912500       364041        11.43
       2.299     0.925000       368960        13.33
       2.407     0.937500       373968        16.00
       2.467     0.943750       376503        17.78
       2.529     0.950000       378940        20.00
       2.599     0.956250       381411        22.86
       2.679     0.962500       383914        26.67
       2.773     0.968750       386436        32.00
       2.827     0.971875       387637        35.56
       2.891     0.975000       388883        40.00
       2.965     0.978125       390156        45.71
       3.047     0.981250       391377        53.33
       3.155     0.984375       392623        64.00
       3.217     0.985938       393254        71.11
       3.293     0.987500       393883        80.00
       3.385     0.989062       394495        91.43
       3.511     0.990625       395115       106.67
       3.673     0.992188       395745       128.00
       3.789     0.992969       396055       142.22
       3.925     0.993750       396364       160.00
       4.119     0.994531       396679       182.86
       4.399     0.995313       396989       213.33
       4.895     0.996094       397296       256.00
       5.279     0.996484       397453       284.44
       5.899     0.996875       397608       320.00
       7.023     0.997266       397764       365.71
       9.527     0.997656       397920       426.67
      13.079     0.998047       398075       512.00
      16.799     0.998242       398153       568.89
      20.975     0.998437       398231       640.00
      26.143     0.998633       398309       731.43
      31.119     0.998828       398387       853.33
      31.855     0.999023       398467      1024.00
      32.111     0.999121       398508      1137.78
      32.271     0.999219       398545      1280.00
      32.447     0.999316       398585      1462.86
      32.623     0.999414       398623      1706.67
      32.831     0.999512       398664      2048.00
      32.927     0.999561       398682      2275.56
      33.055     0.999609       398702      2560.00
      33.151     0.999658       398718      2925.71
      33.279     0.999707       398745      3413.33
      33.343     0.999756       398759      4096.00
      33.407     0.999780       398767      4551.11
      33.471     0.999805       398777      5120.00
      33.567     0.999829       398787      5851.43
      33.663     0.999854       398796      6826.67
      33.791     0.999878       398808      8192.00
      33.855     0.999890       398811      9102.22
      33.951     0.999902       398817     10240.00
      34.015     0.999915       398821     11702.86
      34.271     0.999927       398827     13653.33
      34.335     0.999939       398832     16384.00
      34.367     0.999945       398835     18204.44
      34.367     0.999951       398835     20480.00
      34.399     0.999957       398837     23405.71
      34.495     0.999963       398841     27306.67
      34.559     0.999969       398844     32768.00
      34.559     0.999973       398844     36408.89
      34.815     0.999976       398845     40960.00
      35.007     0.999979       398846     46811.43
      35.967     0.999982       398848     54613.33
      35.967     0.999985       398848     65536.00
      36.095     0.999986       398849     72817.78
      36.127     0.999988       398850     81920.00
      36.127     0.999989       398850     93622.86
      36.351     0.999991       398851    109226.67
      36.351     0.999992       398851    131072.00
      38.271     0.999993       398852    145635.56
      38.271     0.999994       398852    163840.00
      38.271     0.999995       398852    187245.71
      38.975     0.999995       398853    218453.33
      38.975     0.999996       398853    262144.00
      38.975     0.999997       398853    291271.11
      38.975     0.999997       398853    327680.00
      38.975     0.999997       398853    374491.43
      39.167     0.999998       398854    436906.67
      39.167     1.000000       398854          inf
#[Mean    =        0.878, StdDeviation   =        1.437]
#[Max     =       39.136, Total count    =       398854]
#[Buckets =           27, SubBuckets     =         2048]
----------------------------------------------------------
  599667 requests in 30.00s, 114.73MB read
Requests/sec:  19989.26
Transfer/sec:      3.82MB
