Using argument nginx
using  args: threads=8 and connections=512 and duration=30 and requests=15000
Running 30s test @ http://10.10.1.4:8080
  8 threads and 512 connections
  Thread calibration: mean lat.: 1.109ms, rate sampling interval: 10ms
  Thread calibration: mean lat.: 1.151ms, rate sampling interval: 10ms
  Thread calibration: mean lat.: 1.167ms, rate sampling interval: 10ms
  Thread calibration: mean lat.: 1.093ms, rate sampling interval: 10ms
  Thread calibration: mean lat.: 1.109ms, rate sampling interval: 10ms
  Thread calibration: mean lat.: 1.022ms, rate sampling interval: 10ms
  Thread calibration: mean lat.: 1.058ms, rate sampling interval: 10ms
  Thread calibration: mean lat.: 1.096ms, rate sampling interval: 10ms
  Thread Stats   Avg      Stdev     99%   +/- Stdev
    Latency   779.27us    1.26ms   2.85ms   91.36%
    Req/Sec     1.98k   465.53     3.11k    68.61%
  Latency Distribution (HdrHistogram - Recorded Latency)
 50.000%  538.00us
 75.000%  704.00us
 90.000%    1.94ms
 99.000%    2.85ms
 99.900%   30.77ms
 99.990%   33.22ms
 99.999%   33.82ms
100.000%   35.20ms

  Detailed Percentile spectrum:
       Value   Percentile   TotalCount 1/(1-Percentile)

       0.254     0.000000            1         1.00
       0.381     0.100000        30604         1.11
       0.408     0.200000        60042         1.25
       0.436     0.300000        90460         1.43
       0.472     0.400000       120114         1.67
       0.538     0.500000       149825         2.00
       0.586     0.550000       165065         2.22
       0.620     0.600000       180183         2.50
       0.647     0.650000       194925         2.86
       0.674     0.700000       210226         3.33
       0.704     0.750000       224728         4.00
       0.724     0.775000       232522         4.44
       0.748     0.800000       239866         5.00
       0.781     0.825000       247186         5.71
       0.839     0.850000       254722         6.67
       0.980     0.875000       262160         8.00
       1.176     0.887500       265902         8.89
       1.939     0.900000       269657        10.00
       2.039     0.912500       273420        11.43
       2.111     0.925000       277144        13.33
       2.183     0.937500       280918        16.00
       2.223     0.943750       282834        17.78
       2.263     0.950000       284682        20.00
       2.309     0.956250       286549        22.86
       2.363     0.962500       288375        26.67
       2.427     0.968750       290252        32.00
       2.465     0.971875       291214        35.56
       2.505     0.975000       292160        40.00
       2.553     0.978125       293083        45.71
       2.609     0.981250       294008        53.33
       2.677     0.984375       294945        64.00
       2.715     0.985938       295402        71.11
       2.759     0.987500       295878        80.00
       2.817     0.989062       296340        91.43
       2.883     0.990625       296810       106.67
       2.957     0.992188       297270       128.00
       3.005     0.992969       297504       142.22
       3.059     0.993750       297735       160.00
       3.135     0.994531       297972       182.86
       3.231     0.995313       298204       213.33
       3.369     0.996094       298437       256.00
       3.479     0.996484       298555       284.44
       3.635     0.996875       298670       320.00
       3.933     0.997266       298787       365.71
       4.447     0.997656       298904       426.67
       6.111     0.998047       299021       512.00
       8.215     0.998242       299080       568.89
      11.775     0.998437       299138       640.00
      18.335     0.998633       299197       731.43
      24.271     0.998828       299255       853.33
      30.959     0.999023       299314      1024.00
      31.391     0.999121       299345      1137.78
      31.567     0.999219       299373      1280.00
      31.711     0.999316       299403      1462.86
      31.951     0.999414       299433      1706.67
      32.127     0.999512       299462      2048.00
      32.207     0.999561       299479      2275.56
      32.319     0.999609       299489      2560.00
      32.463     0.999658       299505      2925.71
      32.591     0.999707       299520      3413.33
      32.655     0.999756       299533      4096.00
      32.831     0.999780       299542      4551.11
      32.895     0.999805       299550      5120.00
      32.959     0.999829       299555      5851.43
      33.055     0.999854       299563      6826.67
      33.183     0.999878       299570      8192.00
      33.215     0.999890       299576      9102.22
      33.247     0.999902       299578     10240.00
      33.279     0.999915       299584     11702.86
      33.311     0.999927       299588     13653.33
      33.311     0.999939       299588     16384.00
      33.343     0.999945       299590     18204.44
      33.375     0.999951       299592     20480.00
      33.471     0.999957       299595     23405.71
      33.567     0.999963       299596     27306.67
      33.631     0.999969       299597     32768.00
      33.663     0.999973       299598     36408.89
      33.695     0.999976       299599     40960.00
      33.759     0.999979       299601     46811.43
      33.759     0.999982       299601     54613.33
      33.791     0.999985       299602     65536.00
      33.791     0.999986       299602     72817.78
      33.823     0.999988       299603     81920.00
      33.823     0.999989       299603     93622.86
      34.047     0.999991       299604    109226.67
      34.047     0.999992       299604    131072.00
      34.047     0.999993       299604    145635.56
      34.207     0.999994       299605    163840.00
      34.207     0.999995       299605    187245.71
      34.207     0.999995       299605    218453.33
      34.207     0.999996       299605    262144.00
      34.207     0.999997       299605    291271.11
      35.199     0.999997       299606    327680.00
      35.199     1.000000       299606          inf
#[Mean    =        0.779, StdDeviation   =        1.265]
#[Max     =       35.168, Total count    =       299606]
#[Buckets =           27, SubBuckets     =         2048]
----------------------------------------------------------
  448224 requests in 30.00s, 85.75MB read
Requests/sec:  14941.48
Transfer/sec:      2.86MB
