Using argument nginx
using  args: threads=4 and connections=512 and duration=150 and requests=500
Running 2m test @ http://10.10.1.4:5000
  4 threads and 512 connections
  Thread calibration: mean lat.: 2.573ms, rate sampling interval: 10ms
  Thread calibration: mean lat.: 2.482ms, rate sampling interval: 10ms
  Thread calibration: mean lat.: 2.434ms, rate sampling interval: 10ms
  Thread calibration: mean lat.: 2.573ms, rate sampling interval: 10ms
  Thread Stats   Avg      Stdev     99%   +/- Stdev
    Latency     2.50ms    1.60ms   7.46ms   80.21%
    Req/Sec   131.99    118.00   444.00     58.12%
  Latency Distribution (HdrHistogram - Recorded Latency)
 50.000%    1.80ms
 75.000%    3.51ms
 90.000%    4.88ms
 99.000%    7.46ms
 99.900%    9.45ms
 99.990%   12.71ms
 99.999%   15.83ms
100.000%   17.33ms

  Detailed Percentile spectrum:
       Value   Percentile   TotalCount 1/(1-Percentile)

       0.408     0.000000            1         1.00
       1.093     0.100000         7013         1.11
       1.296     0.200000        14016         1.25
       1.500     0.300000        21013         1.43
       1.638     0.400000        28046         1.67
       1.797     0.500000        35063         2.00
       1.902     0.550000        38523         2.22
       2.049     0.600000        42052         2.50
       2.291     0.650000        45549         2.86
       2.941     0.700000        49039         3.33
       3.513     0.750000        52545         4.00
       3.725     0.775000        54281         4.44
       3.923     0.800000        56036         5.00
       4.131     0.825000        57790         5.71
       4.347     0.850000        59551         6.67
       4.599     0.875000        61296         8.00
       4.735     0.887500        62176         8.89
       4.883     0.900000        63054        10.00
       5.047     0.912500        63918        11.43
       5.243     0.925000        64795        13.33
       5.479     0.937500        65665        16.00
       5.623     0.943750        66105        17.78
       5.771     0.950000        66545        20.00
       5.939     0.956250        66975        22.86
       6.111     0.962500        67423        26.67
       6.323     0.968750        67868        32.00
       6.439     0.971875        68075        35.56
       6.571     0.975000        68291        40.00
       6.703     0.978125        68508        45.71
       6.867     0.981250        68729        53.33
       7.039     0.984375        68947        64.00
       7.159     0.985938        69059        71.11
       7.259     0.987500        69164        80.00
       7.391     0.989062        69273        91.43
       7.523     0.990625        69384       106.67
       7.663     0.992188        69492       128.00
       7.743     0.992969        69547       142.22
       7.855     0.993750        69602       160.00
       7.991     0.994531        69656       182.86
       8.139     0.995313        69711       213.33
       8.335     0.996094        69767       256.00
       8.415     0.996484        69793       284.44
       8.527     0.996875        69823       320.00
       8.647     0.997266        69850       365.71
       8.775     0.997656        69875       426.67
       8.935     0.998047        69903       512.00
       8.991     0.998242        69916       568.89
       9.119     0.998437        69930       640.00
       9.223     0.998633        69944       731.43
       9.327     0.998828        69958       853.33
       9.471     0.999023        69971      1024.00
       9.519     0.999121        69978      1137.78
       9.719     0.999219        69985      1280.00
       9.847     0.999316        69992      1462.86
       9.935     0.999414        69999      1706.67
      10.119     0.999512        70005      2048.00
      10.231     0.999561        70009      2275.56
      10.311     0.999609        70012      2560.00
      10.551     0.999658        70016      2925.71
      10.759     0.999707        70019      3413.33
      11.095     0.999756        70022      4096.00
      11.167     0.999780        70024      4551.11
      11.295     0.999805        70026      5120.00
      11.543     0.999829        70028      5851.43
      11.583     0.999854        70029      6826.67
      12.423     0.999878        70031      8192.00
      12.711     0.999890        70032      9102.22
      12.719     0.999902        70033     10240.00
      12.783     0.999915        70034     11702.86
      12.783     0.999927        70034     13653.33
      13.175     0.999939        70035     16384.00
      13.703     0.999945        70036     18204.44
      13.703     0.999951        70036     20480.00
      14.719     0.999957        70037     23405.71
      14.719     0.999963        70037     27306.67
      14.719     0.999969        70037     32768.00
      15.831     0.999973        70038     36408.89
      15.831     0.999976        70038     40960.00
      15.831     0.999979        70038     46811.43
      15.831     0.999982        70038     54613.33
      15.831     0.999985        70038     65536.00
      17.327     0.999986        70039     72817.78
      17.327     1.000000        70039          inf
#[Mean    =        2.502, StdDeviation   =        1.598]
#[Max     =       17.312, Total count    =        70039]
#[Buckets =           27, SubBuckets     =         2048]
----------------------------------------------------------
  75085 requests in 2.50m, 30.98MB read
  Socket errors: connect 0, read 0, write 0, timeout 5288
Requests/sec:    500.42
Transfer/sec:    211.46KB
