Using argument nginx
using  args: threads=4 and connections=512 and duration=30 and requests=6000
Running 30s test @ http://10.10.1.5:5000
  4 threads and 512 connections
  Thread calibration: mean lat.: 2.609ms, rate sampling interval: 10ms
  Thread calibration: mean lat.: 2.614ms, rate sampling interval: 10ms
  Thread calibration: mean lat.: 2.645ms, rate sampling interval: 10ms
  Thread calibration: mean lat.: 2.615ms, rate sampling interval: 10ms
  Thread Stats   Avg      Stdev     99%   +/- Stdev
    Latency     2.53ms    2.67ms   9.74ms   93.00%
    Req/Sec     1.59k   444.92     2.78k    69.92%
  Latency Distribution (HdrHistogram - Recorded Latency)
 50.000%    1.87ms
 75.000%    3.11ms
 90.000%    4.62ms
 99.000%    9.74ms
 99.900%   36.45ms
 99.990%   61.50ms
 99.999%   73.02ms
100.000%  112.38ms

  Detailed Percentile spectrum:
       Value   Percentile   TotalCount 1/(1-Percentile)

       0.288     0.000000            1         1.00
       0.860     0.100000        12054         1.11
       1.103     0.200000        23967         1.25
       1.380     0.300000        35951         1.43
       1.617     0.400000        47971         1.67
       1.871     0.500000        59918         2.00
       2.065     0.550000        65943         2.22
       2.295     0.600000        71935         2.50
       2.529     0.650000        77907         2.86
       2.795     0.700000        83903         3.33
       3.105     0.750000        89897         4.00
       3.287     0.775000        92900         4.44
       3.477     0.800000        95891         5.00
       3.699     0.825000        98867         5.71
       3.955     0.850000       101873         6.67
       4.251     0.875000       104859         8.00
       4.419     0.887500       106382         8.89
       4.619     0.900000       107865        10.00
       4.847     0.912500       109370        11.43
       5.091     0.925000       110861        13.33
       5.407     0.937500       112354        16.00
       5.583     0.943750       113103        17.78
       5.771     0.950000       113847        20.00
       5.991     0.956250       114598        22.86
       6.259     0.962500       115342        26.67
       6.567     0.968750       116092        32.00
       6.759     0.971875       116464        35.56
       6.979     0.975000       116842        40.00
       7.227     0.978125       117214        45.71
       7.551     0.981250       117586        53.33
       7.963     0.984375       117959        64.00
       8.271     0.985938       118148        71.11
       8.695     0.987500       118337        80.00
       9.239     0.989062       118521        91.43
      10.175     0.990625       118709       106.67
      11.735     0.992188       118896       128.00
      12.935     0.992969       118989       142.22
      14.311     0.993750       119083       160.00
      16.239     0.994531       119176       182.86
      18.287     0.995313       119270       213.33
      20.655     0.996094       119363       256.00
      22.175     0.996484       119411       284.44
      23.775     0.996875       119457       320.00
      25.151     0.997266       119505       365.71
      27.247     0.997656       119551       426.67
      29.135     0.998047       119597       512.00
      30.367     0.998242       119621       568.89
      31.695     0.998437       119645       640.00
      33.471     0.998633       119669       731.43
      34.815     0.998828       119691       853.33
      37.023     0.999023       119714      1024.00
      38.431     0.999121       119726      1137.78
      39.743     0.999219       119738      1280.00
      41.375     0.999316       119750      1462.86
      43.679     0.999414       119761      1706.67
      45.247     0.999512       119773      2048.00
      45.567     0.999561       119779      2275.56
      47.871     0.999609       119785      2560.00
      49.247     0.999658       119791      2925.71
      49.599     0.999707       119796      3413.33
      51.647     0.999756       119802      4096.00
      52.223     0.999780       119805      4551.11
      53.343     0.999805       119808      5120.00
      54.975     0.999829       119811      5851.43
      58.303     0.999854       119814      6826.67
      60.287     0.999878       119817      8192.00
      61.407     0.999890       119818      9102.22
      62.975     0.999902       119820     10240.00
      64.351     0.999915       119821     11702.86
      65.919     0.999927       119823     13653.33
      66.047     0.999939       119824     16384.00
      66.751     0.999945       119825     18204.44
      68.095     0.999951       119826     20480.00
      68.095     0.999957       119826     23405.71
      70.527     0.999963       119827     27306.67
      71.231     0.999969       119828     32768.00
      71.231     0.999973       119828     36408.89
      72.063     0.999976       119829     40960.00
      72.063     0.999979       119829     46811.43
      72.063     0.999982       119829     54613.33
      73.023     0.999985       119830     65536.00
      73.023     0.999986       119830     72817.78
      73.023     0.999988       119830     81920.00
      73.023     0.999989       119830     93622.86
      73.023     0.999991       119830    109226.67
     112.383     0.999992       119831    131072.00
     112.383     1.000000       119831          inf
#[Mean    =        2.534, StdDeviation   =        2.670]
#[Max     =      112.320, Total count    =       119831]
#[Buckets =           27, SubBuckets     =         2048]
----------------------------------------------------------
  179993 requests in 30.00s, 74.43MB read
Requests/sec:   5999.72
Transfer/sec:      2.48MB
