Using argument nginx
using  args: threads=4 and connections=512 and duration=30 and requests=20000
Running 30s test @ http://10.10.1.4:5000
  4 threads and 512 connections
  Thread calibration: mean lat.: 1712.283ms, rate sampling interval: 6184ms
  Thread calibration: mean lat.: 1754.719ms, rate sampling interval: 6369ms
  Thread calibration: mean lat.: 1688.739ms, rate sampling interval: 6156ms
  Thread calibration: mean lat.: 1638.328ms, rate sampling interval: 5943ms
  Thread Stats   Avg      Stdev     99%   +/- Stdev
    Latency     5.60s     1.13s    8.09s    66.46%
    Req/Sec     4.11k   346.48     4.47k    58.33%
  Latency Distribution (HdrHistogram - Recorded Latency)
 50.000%    5.63s 
 75.000%    6.41s 
 90.000%    7.05s 
 99.000%    8.09s 
 99.900%    8.90s 
 99.990%    9.32s 
 99.999%    9.57s 
100.000%    9.62s 

  Detailed Percentile spectrum:
       Value   Percentile   TotalCount 1/(1-Percentile)

    2150.399     0.000000            1         1.00
    4065.279     0.100000        32955         1.11
    4612.095     0.200000        66100         1.25
    5001.215     0.300000        98826         1.43
    5320.703     0.400000       132059         1.67
    5631.999     0.500000       164590         2.00
    5779.455     0.550000       181084         2.22
    5926.911     0.600000       197855         2.50
    6082.559     0.650000       214048         2.86
    6238.207     0.700000       230470         3.33
    6414.335     0.750000       246965         4.00
    6508.543     0.775000       255292         4.44
    6602.751     0.800000       263223         5.00
    6701.055     0.825000       271466         5.71
    6807.551     0.850000       279940         6.67
    6918.143     0.875000       287999         8.00
    6987.775     0.887500       292180         8.89
    7053.311     0.900000       296158        10.00
    7131.135     0.912500       300348        11.43
    7208.959     0.925000       304361        13.33
    7303.167     0.937500       308508        16.00
    7356.415     0.943750       310544        17.78
    7413.759     0.950000       312595        20.00
    7475.199     0.956250       314634        22.86
    7544.831     0.962500       316693        26.67
    7630.847     0.968750       318732        32.00
    7679.999     0.971875       319810        35.56
    7729.151     0.975000       320782        40.00
    7794.687     0.978125       321850        45.71
    7868.415     0.981250       322862        53.33
    7942.143     0.984375       323874        64.00
    7983.103     0.985938       324376        71.11
    8024.063     0.987500       324895        80.00
    8069.119     0.989062       325433        91.43
    8118.271     0.990625       325948       106.67
    8187.903     0.992188       326427       128.00
    8241.151     0.992969       326701       142.22
    8290.303     0.993750       326958       160.00
    8347.647     0.994531       327202       182.86
    8396.799     0.995313       327459       213.33
    8462.335     0.996094       327708       256.00
    8495.103     0.996484       327837       284.44
    8536.063     0.996875       327989       320.00
    8568.831     0.997266       328097       365.71
    8634.367     0.997656       328222       426.67
    8716.287     0.998047       328352       512.00
    8765.439     0.998242       328415       568.89
    8806.399     0.998437       328480       640.00
    8847.359     0.998633       328560       731.43
    8880.127     0.998828       328620       853.33
    8904.703     0.999023       328671      1024.00
    8921.087     0.999121       328707      1137.78
    8953.855     0.999219       328737      1280.00
    8978.431     0.999316       328777      1462.86
    8994.815     0.999414       328806      1706.67
    9019.391     0.999512       328836      2048.00
    9035.775     0.999561       328855      2275.56
    9043.967     0.999609       328871      2560.00
    9060.351     0.999658       328883      2925.71
    9068.543     0.999707       328896      3413.33
    9093.119     0.999756       328912      4096.00
    9101.311     0.999780       328924      4551.11
    9109.503     0.999805       328929      5120.00
    9134.079     0.999829       328936      5851.43
    9207.807     0.999854       328946      6826.67
    9265.151     0.999878       328953      8192.00
    9306.111     0.999890       328956      9102.22
    9322.495     0.999902       328961     10240.00
    9347.071     0.999915       328964     11702.86
    9371.647     0.999927       328968     13653.33
    9396.223     0.999939       328972     16384.00
    9404.415     0.999945       328976     18204.44
    9404.415     0.999951       328976     20480.00
    9412.607     0.999957       328978     23405.71
    9428.991     0.999963       328980     27306.67
    9478.143     0.999969       328982     32768.00
    9510.911     0.999973       328983     36408.89
    9527.295     0.999976       328984     40960.00
    9543.679     0.999979       328986     46811.43
    9543.679     0.999982       328986     54613.33
    9551.871     0.999985       328987     65536.00
    9560.063     0.999986       328988     72817.78
    9560.063     0.999988       328988     81920.00
    9568.255     0.999989       328989     93622.86
    9568.255     0.999991       328989    109226.67
    9576.447     0.999992       328991    131072.00
    9576.447     0.999993       328991    145635.56
    9576.447     0.999994       328991    163840.00
    9576.447     0.999995       328991    187245.71
    9576.447     0.999995       328991    218453.33
    9576.447     0.999996       328991    262144.00
    9576.447     0.999997       328991    291271.11
    9576.447     0.999997       328991    327680.00
    9617.407     0.999997       328992    374491.43
    9617.407     1.000000       328992          inf
#[Mean    =     5601.422, StdDeviation   =     1134.957]
#[Max     =     9609.216, Total count    =       328992]
#[Buckets =           27, SubBuckets     =         2048]
----------------------------------------------------------
  457995 requests in 30.00s, 189.27MB read
Requests/sec:  15265.33
Transfer/sec:      6.31MB
