Using argument nginx
using  args: threads=4 and connections=512 and duration=30 and requests=3000
Running 30s test @ http://10.10.1.6:8080
  4 threads and 512 connections
  Thread calibration: mean lat.: 1128.258ms, rate sampling interval: 6295ms
  Thread calibration: mean lat.: 1246.003ms, rate sampling interval: 6602ms
  Thread calibration: mean lat.: 1168.438ms, rate sampling interval: 6103ms
  Thread calibration: mean lat.: 1244.795ms, rate sampling interval: 6578ms
  Thread Stats   Avg      Stdev     99%   +/- Stdev
    Latency     7.51s     6.50s   22.76s    63.97%
    Req/Sec   374.42     30.97   435.00     66.67%
  Latency Distribution (HdrHistogram - Recorded Latency)
 50.000%    6.09s 
 75.000%   11.42s 
 90.000%   18.42s 
 99.000%   22.76s 
 99.900%   24.81s 
 99.990%   25.74s 
 99.999%   25.90s 
100.000%   25.90s 

  Detailed Percentile spectrum:
       Value   Percentile   TotalCount 1/(1-Percentile)

       0.577     0.000000            2         1.00
     258.303     0.100000         2988         1.11
    1360.895     0.200000         5977         1.25
    2535.423     0.300000         8967         1.43
    4001.791     0.400000        11952         1.67
    6090.751     0.500000        14943         2.00
    7077.887     0.550000        16441         2.22
    7880.703     0.600000        17927         2.50
    8953.855     0.650000        19431         2.86
   10174.463     0.700000        20918         3.33
   11419.647     0.750000        22415         4.00
   12386.303     0.775000        23156         4.44
   13484.031     0.800000        23904         5.00
   14663.679     0.825000        24651         5.71
   15884.287     0.850000        25399         6.67
   17367.039     0.875000        26147         8.00
   17940.479     0.887500        26525         8.89
   18415.615     0.900000        26903        10.00
   18874.367     0.912500        27267        11.43
   19365.887     0.925000        27640        13.33
   19759.103     0.937500        28011        16.00
   20004.863     0.943750        28198        17.78
   20250.623     0.950000        28390        20.00
   20463.615     0.956250        28582        22.86
   20709.375     0.962500        28764        26.67
   20971.519     0.968750        28948        32.00
   21102.591     0.971875        29039        35.56
   21250.047     0.975000        29136        40.00
   21446.655     0.978125        29229        45.71
   21725.183     0.981250        29320        53.33
   22020.095     0.984375        29414        64.00
   22216.703     0.985938        29461        71.11
   22429.695     0.987500        29510        80.00
   22642.687     0.989062        29555        91.43
   22839.295     0.990625        29599       106.67
   23035.903     0.992188        29649       128.00
   23117.823     0.992969        29670       142.22
   23248.895     0.993750        29695       160.00
   23347.199     0.994531        29716       182.86
   23576.575     0.995313        29740       213.33
   23756.799     0.996094        29763       256.00
   23920.639     0.996484        29774       284.44
   24100.863     0.996875        29786       320.00
   24215.551     0.997266        29798       365.71
   24281.087     0.997656        29808       426.67
   24494.079     0.998047        29820       512.00
   24592.383     0.998242        29826       568.89
   24657.919     0.998437        29832       640.00
   24739.839     0.998633        29838       731.43
   24788.991     0.998828        29845       853.33
   24805.375     0.999023        29849      1024.00
   24821.759     0.999121        29852      1137.78
   24854.527     0.999219        29856      1280.00
   24887.295     0.999316        29858      1462.86
   24920.063     0.999414        29861      1706.67
   24936.447     0.999512        29864      2048.00
   24969.215     0.999561        29867      2275.56
   24969.215     0.999609        29867      2560.00
   24985.599     0.999658        29868      2925.71
   25034.751     0.999707        29870      3413.33
   25198.591     0.999756        29871      4096.00
   25231.359     0.999780        29872      4551.11
   25280.511     0.999805        29873      5120.00
   25280.511     0.999829        29873      5851.43
   25673.727     0.999854        29874      6826.67
   25739.263     0.999878        29875      8192.00
   25739.263     0.999890        29875      9102.22
   25788.415     0.999902        29876     10240.00
   25788.415     0.999915        29876     11702.86
   25788.415     0.999927        29876     13653.33
   25804.799     0.999939        29877     16384.00
   25804.799     0.999945        29877     18204.44
   25804.799     0.999951        29877     20480.00
   25804.799     0.999957        29877     23405.71
   25804.799     0.999963        29877     27306.67
   25903.103     0.999969        29878     32768.00
   25903.103     1.000000        29878          inf
#[Mean    =     7506.700, StdDeviation   =     6496.943]
#[Max     =    25886.720, Total count    =        29878]
#[Buckets =           27, SubBuckets     =         2048]
----------------------------------------------------------
  46520 requests in 30.01s, 383.22MB read
  Non-2xx or 3xx responses: 807
Requests/sec:   1550.38
Transfer/sec:     12.77MB
