Using argument nginx
using  args: threads=4 and connections=512 and duration=30 and requests=26000
Running 30s test @ http://10.10.1.4:5000
  4 threads and 512 connections
  Thread calibration: mean lat.: 1405.679ms, rate sampling interval: 5193ms
  Thread calibration: mean lat.: 1459.540ms, rate sampling interval: 5386ms
  Thread calibration: mean lat.: 1395.344ms, rate sampling interval: 5189ms
  Thread calibration: mean lat.: 1412.828ms, rate sampling interval: 5259ms
  Thread Stats   Avg      Stdev     99%   +/- Stdev
    Latency     5.50s     1.69s    9.01s    61.47%
    Req/Sec     4.75k    36.67     4.79k    91.67%
  Latency Distribution (HdrHistogram - Recorded Latency)
 50.000%    5.43s 
 75.000%    6.82s 
 90.000%    7.82s 
 99.000%    9.01s 
 99.900%    9.66s 
 99.990%   10.35s 
 99.999%   10.44s 
100.000%   10.45s 

  Detailed Percentile spectrum:
       Value   Percentile   TotalCount 1/(1-Percentile)

    1293.311     0.000000            1         1.00
    3293.183     0.100000        37583         1.11
    3842.047     0.200000        75031         1.25
    4370.431     0.300000       112509         1.43
    4894.719     0.400000       150192         1.67
    5431.295     0.500000       187521         2.00
    5705.727     0.550000       206410         2.22
    5984.255     0.600000       225280         2.50
    6258.687     0.650000       243819         2.86
    6533.119     0.700000       262686         3.33
    6823.935     0.750000       281447         4.00
    6967.295     0.775000       290754         4.44
    7127.039     0.800000       300161         5.00
    7286.783     0.825000       309443         5.71
    7454.719     0.850000       318936         6.67
    7626.751     0.875000       328293         8.00
    7725.055     0.887500       332989         8.89
    7823.359     0.900000       337630        10.00
    7929.855     0.912500       342387        11.43
    8040.447     0.925000       347000        13.33
    8159.231     0.937500       351617        16.00
    8224.767     0.943750       354049        17.78
    8290.303     0.950000       356359        20.00
    8364.031     0.956250       358735        22.86
    8445.951     0.962500       361134        26.67
    8544.255     0.968750       363478        32.00
    8593.407     0.971875       364571        35.56
    8650.751     0.975000       365771        40.00
    8716.287     0.978125       366910        45.71
    8781.823     0.981250       368062        53.33
    8855.551     0.984375       369203        64.00
    8896.511     0.985938       369795        71.11
    8929.279     0.987500       370334        80.00
    8978.431     0.989062       371011        91.43
    9035.775     0.990625       371589       106.67
    9093.119     0.992188       372127       128.00
    9125.887     0.992969       372398       142.22
    9166.847     0.993750       372727       160.00
    9199.615     0.994531       372989       182.86
    9240.575     0.995313       373303       213.33
    9289.727     0.996094       373597       256.00
    9314.303     0.996484       373715       284.44
    9355.263     0.996875       373856       320.00
    9396.223     0.997266       373998       365.71
    9437.183     0.997656       374147       426.67
    9486.335     0.998047       374289       512.00
    9510.911     0.998242       374367       568.89
    9543.679     0.998437       374448       640.00
    9576.447     0.998633       374516       731.43
    9609.215     0.998828       374589       853.33
    9666.559     0.999023       374658      1024.00
    9707.519     0.999121       374699      1137.78
    9732.095     0.999219       374739      1280.00
    9773.055     0.999316       374772      1462.86
    9805.823     0.999414       374806      1706.67
    9854.975     0.999512       374843      2048.00
    9887.743     0.999561       374857      2275.56
    9936.895     0.999609       374876      2560.00
   10051.583     0.999658       374893      2925.71
   10182.655     0.999707       374913      3413.33
   10248.191     0.999756       374933      4096.00
   10264.575     0.999780       374943      4551.11
   10272.767     0.999805       374950      5120.00
   10289.151     0.999829       374962      5851.43
   10305.535     0.999854       374967      6826.67
   10338.303     0.999878       374978      8192.00
   10346.495     0.999890       374982      9102.22
   10354.687     0.999902       374985     10240.00
   10371.071     0.999915       374991     11702.86
   10379.263     0.999927       374996     13653.33
   10387.455     0.999939       374999     16384.00
   10395.647     0.999945       375004     18204.44
   10395.647     0.999951       375004     20480.00
   10403.839     0.999957       375006     23405.71
   10412.031     0.999963       375008     27306.67
   10420.223     0.999969       375015     32768.00
   10420.223     0.999973       375015     36408.89
   10420.223     0.999976       375015     40960.00
   10420.223     0.999979       375015     46811.43
   10420.223     0.999982       375015     54613.33
   10428.415     0.999985       375016     65536.00
   10428.415     0.999986       375016     72817.78
   10444.799     0.999988       375019     81920.00
   10444.799     0.999989       375019     93622.86
   10444.799     0.999991       375019    109226.67
   10444.799     0.999992       375019    131072.00
   10444.799     0.999993       375019    145635.56
   10444.799     0.999994       375019    163840.00
   10444.799     0.999995       375019    187245.71
   10452.991     0.999995       375021    218453.33
   10452.991     1.000000       375021          inf
#[Mean    =     5498.260, StdDeviation   =     1685.247]
#[Max     =    10444.800, Total count    =       375021]
#[Buckets =           27, SubBuckets     =         2048]
----------------------------------------------------------
  563469 requests in 30.00s, 232.87MB read
Requests/sec:  18782.56
Transfer/sec:      7.76MB
