Using argument nginx
using  args: threads=4 and connections=512 and duration=30 and requests=4000
Running 30s test @ http://10.10.1.5:5000
  4 threads and 512 connections
  Thread calibration: mean lat.: 2.210ms, rate sampling interval: 10ms
  Thread calibration: mean lat.: 2.207ms, rate sampling interval: 10ms
  Thread calibration: mean lat.: 2.183ms, rate sampling interval: 10ms
  Thread calibration: mean lat.: 2.157ms, rate sampling interval: 10ms
  Thread Stats   Avg      Stdev     99%   +/- Stdev
    Latency     2.04ms    1.36ms   6.59ms   84.03%
    Req/Sec     1.06k   334.03     1.89k    65.38%
  Latency Distribution (HdrHistogram - Recorded Latency)
 50.000%    1.58ms
 75.000%    2.63ms
 90.000%    3.88ms
 99.000%    6.59ms
 99.900%   10.02ms
 99.990%   13.98ms
 99.999%   16.66ms
100.000%   17.95ms

  Detailed Percentile spectrum:
       Value   Percentile   TotalCount 1/(1-Percentile)

       0.315     0.000000            1         1.00
       0.792     0.100000         8003         1.11
       0.945     0.200000        15966         1.25
       1.202     0.300000        23959         1.43
       1.421     0.400000        31947         1.67
       1.576     0.500000        39942         2.00
       1.682     0.550000        43922         2.22
       1.859     0.600000        47896         2.50
       2.129     0.650000        51893         2.86
       2.371     0.700000        55867         3.33
       2.627     0.750000        59860         4.00
       2.773     0.775000        61871         4.44
       2.939     0.800000        63858         5.00
       3.123     0.825000        65847         5.71
       3.335     0.850000        67847         6.67
       3.579     0.875000        69839         8.00
       3.729     0.887500        70838         8.89
       3.885     0.900000        71834        10.00
       4.055     0.912500        72835        11.43
       4.267     0.925000        73834        13.33
       4.499     0.937500        74823        16.00
       4.643     0.943750        75316        17.78
       4.807     0.950000        75822        20.00
       4.967     0.956250        76321        22.86
       5.163     0.962500        76813        26.67
       5.375     0.968750        77313        32.00
       5.499     0.971875        77561        35.56
       5.631     0.975000        77815        40.00
       5.787     0.978125        78064        45.71
       5.971     0.981250        78310        53.33
       6.147     0.984375        78562        64.00
       6.259     0.985938        78686        71.11
       6.375     0.987500        78811        80.00
       6.519     0.989062        78934        91.43
       6.651     0.990625        79059       106.67
       6.843     0.992188        79182       128.00
       6.935     0.992969        79245       142.22
       7.055     0.993750        79308       160.00
       7.171     0.994531        79369       182.86
       7.299     0.995313        79431       213.33
       7.511     0.996094        79494       256.00
       7.619     0.996484        79525       284.44
       7.775     0.996875        79557       320.00
       7.995     0.997266        79588       365.71
       8.239     0.997656        79618       426.67
       8.535     0.998047        79650       512.00
       8.783     0.998242        79665       568.89
       9.151     0.998437        79681       640.00
       9.367     0.998633        79696       731.43
       9.615     0.998828        79712       853.33
      10.095     0.999023        79728      1024.00
      10.439     0.999121        79735      1137.78
      10.823     0.999219        79743      1280.00
      11.031     0.999316        79751      1462.86
      11.271     0.999414        79759      1706.67
      11.679     0.999512        79767      2048.00
      11.767     0.999561        79770      2275.56
      11.951     0.999609        79774      2560.00
      12.287     0.999658        79778      2925.71
      12.407     0.999707        79782      3413.33
      12.663     0.999756        79786      4096.00
      12.775     0.999780        79788      4551.11
      13.047     0.999805        79790      5120.00
      13.535     0.999829        79792      5851.43
      13.647     0.999854        79794      6826.67
      13.879     0.999878        79796      8192.00
      13.975     0.999890        79797      9102.22
      14.111     0.999902        79798     10240.00
      14.119     0.999915        79799     11702.86
      14.199     0.999927        79800     13653.33
      14.575     0.999939        79801     16384.00
      14.575     0.999945        79801     18204.44
      15.599     0.999951        79802     20480.00
      15.599     0.999957        79802     23405.71
      16.183     0.999963        79803     27306.67
      16.183     0.999969        79803     32768.00
      16.183     0.999973        79803     36408.89
      16.655     0.999976        79804     40960.00
      16.655     0.999979        79804     46811.43
      16.655     0.999982        79804     54613.33
      16.655     0.999985        79804     65536.00
      16.655     0.999986        79804     72817.78
      17.951     0.999988        79805     81920.00
      17.951     1.000000        79805          inf
#[Mean    =        2.042, StdDeviation   =        1.356]
#[Max     =       17.936, Total count    =        79805]
#[Buckets =           27, SubBuckets     =         2048]
----------------------------------------------------------
  119877 requests in 30.00s, 49.58MB read
Requests/sec:   3995.86
Transfer/sec:      1.65MB
