Using argument nginx
using  args: threads=4 and connections=512 and duration=30 and requests=6000
Running 30s test @ http://10.10.1.8:8080/wrk2-api/user-timeline/read
  4 threads and 512 connections
  Thread calibration: mean lat.: 1278.981ms, rate sampling interval: 5079ms
  Thread calibration: mean lat.: 1270.644ms, rate sampling interval: 4993ms
  Thread calibration: mean lat.: 1286.758ms, rate sampling interval: 5038ms
  Thread calibration: mean lat.: 1278.975ms, rate sampling interval: 5103ms
  Thread Stats   Avg      Stdev     99%   +/- Stdev
    Latency     4.91s     1.84s    9.31s    65.41%
    Req/Sec     1.14k     7.26     1.15k    66.67%
  Latency Distribution (HdrHistogram - Recorded Latency)
 50.000%    4.77s 
 75.000%    6.24s 
 90.000%    7.41s 
 99.000%    9.31s 
 99.900%   10.57s 
 99.990%   11.22s 
 99.999%   11.42s 
100.000%   11.48s 

  Detailed Percentile spectrum:
       Value   Percentile   TotalCount 1/(1-Percentile)

      34.719     0.000000            1         1.00
    2603.007     0.100000         9029         1.11
    3248.127     0.200000        18039         1.25
    3768.319     0.300000        27048         1.43
    4268.031     0.400000        36101         1.67
    4771.839     0.500000        45082         2.00
    5046.271     0.550000        49584         2.22
    5324.799     0.600000        54090         2.50
    5615.615     0.650000        58655         2.86
    5918.719     0.700000        63118         3.33
    6242.303     0.750000        67596         4.00
    6418.431     0.775000        69880         4.44
    6586.367     0.800000        72124         5.00
    6758.399     0.825000        74391         5.71
    6950.911     0.850000        76612         6.67
    7167.999     0.875000        78865         8.00
    7286.783     0.887500        79997         8.89
    7413.759     0.900000        81120        10.00
    7557.119     0.912500        82280        11.43
    7716.863     0.925000        83403        13.33
    7872.511     0.937500        84496        16.00
    7962.623     0.943750        85066        17.78
    8069.119     0.950000        85634        20.00
    8179.711     0.956250        86187        22.86
    8302.591     0.962500        86753        26.67
    8445.951     0.968750        87326        32.00
    8527.871     0.971875        87607        35.56
    8617.983     0.975000        87888        40.00
    8724.479     0.978125        88163        45.71
    8839.167     0.981250        88438        53.33
    8986.623     0.984375        88732        64.00
    9052.159     0.985938        88860        71.11
    9142.271     0.987500        89008        80.00
    9256.959     0.989062        89155        91.43
    9347.071     0.990625        89289       106.67
    9453.567     0.992188        89432       128.00
    9494.527     0.992969        89494       142.22
    9551.871     0.993750        89568       160.00
    9609.215     0.994531        89637       182.86
    9682.943     0.995313        89713       213.33
    9764.863     0.996094        89775       256.00
    9822.207     0.996484        89814       284.44
    9879.551     0.996875        89850       320.00
    9953.279     0.997266        89882       365.71
   10035.199     0.997656        89919       426.67
   10158.079     0.998047        89952       512.00
   10223.615     0.998242        89970       568.89
   10280.959     0.998437        89988       640.00
   10387.455     0.998633        90007       731.43
   10461.183     0.998828        90022       853.33
   10592.255     0.999023        90040      1024.00
   10633.215     0.999121        90048      1137.78
   10665.983     0.999219        90057      1280.00
   10731.519     0.999316        90067      1462.86
   10797.055     0.999414        90075      1706.67
   10829.823     0.999512        90084      2048.00
   10862.591     0.999561        90090      2275.56
   10903.551     0.999609        90093      2560.00
   10936.319     0.999658        90097      2925.71
   10985.471     0.999707        90101      3413.33
   11018.239     0.999756        90107      4096.00
   11034.623     0.999780        90108      4551.11
   11083.775     0.999805        90111      5120.00
   11100.159     0.999829        90114      5851.43
   11100.159     0.999854        90114      6826.67
   11149.311     0.999878        90116      8192.00
   11223.039     0.999890        90118      9102.22
   11239.423     0.999902        90119     10240.00
   11272.191     0.999915        90120     11702.86
   11296.767     0.999927        90121     13653.33
   11329.535     0.999939        90122     16384.00
   11345.919     0.999945        90123     18204.44
   11345.919     0.999951        90123     20480.00
   11354.111     0.999957        90124     23405.71
   11354.111     0.999963        90124     27306.67
   11395.071     0.999969        90125     32768.00
   11395.071     0.999973        90125     36408.89
   11395.071     0.999976        90125     40960.00
   11419.647     0.999979        90126     46811.43
   11419.647     0.999982        90126     54613.33
   11419.647     0.999985        90126     65536.00
   11419.647     0.999986        90126     72817.78
   11419.647     0.999988        90126     81920.00
   11476.991     0.999989        90127     93622.86
   11476.991     1.000000        90127          inf
#[Mean    =     4914.079, StdDeviation   =     1838.683]
#[Max     =    11468.800, Total count    =        90127]
#[Buckets =           27, SubBuckets     =         2048]
----------------------------------------------------------
  135158 requests in 30.00s, 23.72MB read
Requests/sec:   4505.58
Transfer/sec:    809.60KB
