Using argument nginx
using  args: threads=4 and connections=512 and duration=30 and requests=1500
Running 30s test @ http://10.10.1.2:8080
  4 threads and 512 connections
  Thread calibration: mean lat.: 0.792ms, rate sampling interval: 10ms
  Thread calibration: mean lat.: 0.792ms, rate sampling interval: 10ms
  Thread calibration: mean lat.: 0.805ms, rate sampling interval: 10ms
  Thread calibration: mean lat.: 0.801ms, rate sampling interval: 10ms
  Thread Stats   Avg      Stdev     99%   +/- Stdev
    Latency   786.29us  628.54us   2.52ms   89.47%
    Req/Sec   393.18    203.26     0.90k    71.26%
  Latency Distribution (HdrHistogram - Recorded Latency)
 50.000%  587.00us
 75.000%  825.00us
 90.000%    1.78ms
 99.000%    2.52ms
 99.900%    3.34ms
 99.990%   16.40ms
 99.999%   16.90ms
100.000%   16.90ms

  Detailed Percentile spectrum:
       Value   Percentile   TotalCount 1/(1-Percentile)

       0.275     0.000000            1         1.00
       0.424     0.100000         3003         1.11
       0.453     0.200000         5957         1.25
       0.482     0.300000         8909         1.43
       0.521     0.400000        11900         1.67
       0.587     0.500000        14837         2.00
       0.638     0.550000        16319         2.22
       0.687     0.600000        17818         2.50
       0.729     0.650000        19289         2.86
       0.774     0.700000        20784         3.33
       0.825     0.750000        22269         4.00
       0.855     0.775000        23002         4.44
       0.891     0.800000        23744         5.00
       0.941     0.825000        24488         5.71
       1.002     0.850000        25228         6.67
       1.111     0.875000        25961         8.00
       1.234     0.887500        26333         8.89
       1.778     0.900000        26700        10.00
       1.920     0.912500        27071        11.43
       1.994     0.925000        27444        13.33
       2.057     0.937500        27812        16.00
       2.093     0.943750        28007        17.78
       2.121     0.950000        28184        20.00
       2.155     0.956250        28380        22.86
       2.193     0.962500        28556        26.67
       2.231     0.968750        28739        32.00
       2.257     0.971875        28832        35.56
       2.281     0.975000        28926        40.00
       2.313     0.978125        29021        45.71
       2.357     0.981250        29113        53.33
       2.401     0.984375        29205        64.00
       2.435     0.985938        29252        71.11
       2.467     0.987500        29297        80.00
       2.501     0.989062        29344        91.43
       2.533     0.990625        29388       106.67
       2.575     0.992188        29436       128.00
       2.601     0.992969        29459       142.22
       2.631     0.993750        29483       160.00
       2.661     0.994531        29506       182.86
       2.711     0.995313        29527       213.33
       2.789     0.996094        29553       256.00
       2.819     0.996484        29562       284.44
       2.855     0.996875        29574       320.00
       2.889     0.997266        29585       365.71
       2.941     0.997656        29597       426.67
       3.011     0.998047        29609       512.00
       3.025     0.998242        29614       568.89
       3.071     0.998437        29620       640.00
       3.163     0.998633        29627       731.43
       3.293     0.998828        29632       853.33
       3.439     0.999023        29638      1024.00
       3.489     0.999121        29640      1137.78
       3.707     0.999219        29643      1280.00
       4.291     0.999316        29646      1462.86
       4.687     0.999414        29649      1706.67
      15.751     0.999512        29652      2048.00
      15.839     0.999561        29653      2275.56
      15.967     0.999609        29655      2560.00
      15.983     0.999658        29656      2925.71
      16.039     0.999707        29658      3413.33
      16.103     0.999756        29659      4096.00
      16.127     0.999780        29660      4551.11
      16.135     0.999805        29661      5120.00
      16.135     0.999829        29661      5851.43
      16.247     0.999854        29662      6826.67
      16.399     0.999878        29663      8192.00
      16.399     0.999890        29663      9102.22
      16.415     0.999902        29664     10240.00
      16.415     0.999915        29664     11702.86
      16.415     0.999927        29664     13653.33
      16.559     0.999939        29665     16384.00
      16.559     0.999945        29665     18204.44
      16.559     0.999951        29665     20480.00
      16.559     0.999957        29665     23405.71
      16.559     0.999963        29665     27306.67
      16.895     0.999969        29666     32768.00
      16.895     1.000000        29666          inf
#[Mean    =        0.786, StdDeviation   =        0.629]
#[Max     =       16.880, Total count    =        29666]
#[Buckets =           27, SubBuckets     =         2048]
----------------------------------------------------------
  44706 requests in 30.00s, 8.55MB read
  Socket errors: connect 0, read 0, write 0, timeout 22
Requests/sec:   1490.12
Transfer/sec:    291.93KB
