Using argument nginx
using  args: threads=4 and connections=512 and duration=30 and requests=2000
Running 30s test @ http://10.10.1.2:8080/wrk2-api/user-timeline/read
  4 threads and 512 connections
  Thread calibration: mean lat.: 59.182ms, rate sampling interval: 428ms
  Thread calibration: mean lat.: 55.550ms, rate sampling interval: 367ms
  Thread calibration: mean lat.: 70.236ms, rate sampling interval: 587ms
  Thread calibration: mean lat.: 59.834ms, rate sampling interval: 451ms
  Thread Stats   Avg      Stdev     99%   +/- Stdev
    Latency   635.76ms  760.89ms   2.79s    81.68%
    Req/Sec   485.89    168.54   768.00     75.71%
  Latency Distribution (HdrHistogram - Recorded Latency)
 50.000%  306.94ms
 75.000%    1.14s 
 90.000%    1.78s 
 99.000%    2.79s 
 99.900%    3.88s 
 99.990%    4.65s 
 99.999%    5.43s 
100.000%    5.43s 

  Detailed Percentile spectrum:
       Value   Percentile   TotalCount 1/(1-Percentile)

       1.624     0.000000            1         1.00
       2.159     0.100000         3876         1.11
       2.453     0.200000         7728         1.25
       2.943     0.300000        11589         1.43
       4.763     0.400000        15454         1.67
     306.943     0.500000        19315         2.00
     495.359     0.550000        21248         2.22
     663.551     0.600000        23178         2.50
     827.903     0.650000        25113         2.86
     991.743     0.700000        27048         3.33
    1143.807     0.750000        28975         4.00
    1233.919     0.775000        29941         4.44
    1329.151     0.800000        30905         5.00
    1431.551     0.825000        31887         5.71
    1540.095     0.850000        32836         6.67
    1655.807     0.875000        33803         8.00
    1716.223     0.887500        34286         8.89
    1775.615     0.900000        34780        10.00
    1833.983     0.912500        35250        11.43
    1908.735     0.925000        35734        13.33
    1986.559     0.937500        36222        16.00
    2028.543     0.943750        36465        17.78
    2077.695     0.950000        36700        20.00
    2134.015     0.956250        36941        22.86
    2199.551     0.962500        37183        26.67
    2271.231     0.968750        37429        32.00
    2320.383     0.971875        37547        35.56
    2379.775     0.975000        37666        40.00
    2441.215     0.978125        37785        45.71
    2521.087     0.981250        37908        53.33
    2603.007     0.984375        38027        64.00
    2648.063     0.985938        38090        71.11
    2695.167     0.987500        38148        80.00
    2742.271     0.989062        38209        91.43
    2815.999     0.990625        38269       106.67
    2924.543     0.992188        38329       128.00
    2971.647     0.992969        38359       142.22
    3033.087     0.993750        38390       160.00
    3092.479     0.994531        38420       182.86
    3158.015     0.995313        38449       213.33
    3260.415     0.996094        38480       256.00
    3309.567     0.996484        38495       284.44
    3383.295     0.996875        38510       320.00
    3428.351     0.997266        38526       365.71
    3510.271     0.997656        38542       426.67
    3590.143     0.998047        38555       512.00
    3653.631     0.998242        38563       568.89
    3706.879     0.998437        38570       640.00
    3741.695     0.998633        38578       731.43
    3813.375     0.998828        38585       853.33
    3907.583     0.999023        38593      1024.00
    3948.543     0.999121        38597      1137.78
    4003.839     0.999219        38600      1280.00
    4100.095     0.999316        38604      1462.86
    4227.071     0.999414        38608      1706.67
    4354.047     0.999512        38612      2048.00
    4411.391     0.999561        38614      2275.56
    4419.583     0.999609        38615      2560.00
    4427.775     0.999658        38617      2925.71
    4489.215     0.999707        38619      3413.33
    4493.311     0.999756        38621      4096.00
    4501.503     0.999780        38622      4551.11
    4517.887     0.999805        38623      5120.00
    4599.807     0.999829        38624      5851.43
    4607.999     0.999854        38625      6826.67
    4648.959     0.999878        38626      8192.00
    4648.959     0.999890        38626      9102.22
    4673.535     0.999902        38627     10240.00
    4673.535     0.999915        38627     11702.86
    5140.479     0.999927        38628     13653.33
    5140.479     0.999939        38628     16384.00
    5140.479     0.999945        38628     18204.44
    5414.911     0.999951        38629     20480.00
    5414.911     0.999957        38629     23405.71
    5414.911     0.999963        38629     27306.67
    5414.911     0.999969        38629     32768.00
    5414.911     0.999973        38629     36408.89
    5427.199     0.999976        38630     40960.00
    5427.199     1.000000        38630          inf
#[Mean    =      635.760, StdDeviation   =      760.892]
#[Max     =     5423.104, Total count    =        38630]
#[Buckets =           27, SubBuckets     =         2048]
----------------------------------------------------------
  58130 requests in 30.00s, 10.24MB read
  Socket errors: connect 0, read 0, write 0, timeout 8
  Non-2xx or 3xx responses: 260
Requests/sec:   1937.64
Transfer/sec:    349.63KB
