Using argument nginx
using  args: threads=4 and connections=512 and duration=30 and requests=5000
Running 30s test @ http://10.10.1.2:8080/wrk2-api/user-timeline/read
  4 threads and 512 connections
  Thread calibration: mean lat.: 2472.389ms, rate sampling interval: 9568ms
  Thread calibration: mean lat.: 2464.752ms, rate sampling interval: 9691ms
  Thread calibration: mean lat.: 2469.414ms, rate sampling interval: 9682ms
  Thread calibration: mean lat.: 2632.581ms, rate sampling interval: 9568ms
  Thread Stats   Avg      Stdev     99%   +/- Stdev
    Latency    10.71s     3.47s   18.33s    63.24%
    Req/Sec   491.12     45.23   539.00     62.50%
  Latency Distribution (HdrHistogram - Recorded Latency)
 50.000%   10.48s 
 75.000%   13.19s 
 90.000%   15.75s 
 99.000%   18.33s 
 99.900%   19.55s 
 99.990%   20.20s 
 99.999%   20.48s 
100.000%   20.48s 

  Detailed Percentile spectrum:
       Value   Percentile   TotalCount 1/(1-Percentile)

    2750.463     0.000000            1         1.00
    6258.687     0.100000         3935         1.11
    7335.935     0.200000         7857         1.25
    8421.375     0.300000        11773         1.43
    9478.143     0.400000        15704         1.67
   10477.567     0.500000        19637         2.00
   11001.855     0.550000        21588         2.22
   11526.143     0.600000        23546         2.50
   12066.815     0.650000        25500         2.86
   12607.487     0.700000        27458         3.33
   13189.119     0.750000        29420         4.00
   13492.223     0.775000        30420         4.44
   13819.903     0.800000        31381         5.00
   14204.927     0.825000        32369         5.71
   14630.911     0.850000        33350         6.67
   15130.623     0.875000        34323         8.00
   15409.151     0.887500        34807         8.89
   15745.023     0.900000        35303        10.00
   16080.895     0.912500        35788        11.43
   16400.383     0.925000        36278        13.33
   16703.487     0.937500        36770        16.00
   16842.751     0.943750        37024        17.78
   16990.207     0.950000        37279        20.00
   17137.663     0.956250        37519        22.86
   17301.503     0.962500        37770        26.67
   17465.343     0.968750        38007        32.00
   17563.647     0.971875        38124        35.56
   17661.951     0.975000        38240        40.00
   17776.639     0.978125        38376        45.71
   17891.327     0.981250        38500        53.33
   18022.399     0.984375        38617        64.00
   18087.935     0.985938        38672        71.11
   18186.239     0.987500        38730        80.00
   18284.543     0.989062        38795        91.43
   18382.847     0.990625        38861       106.67
   18497.535     0.992188        38917       128.00
   18546.687     0.992969        38944       142.22
   18644.991     0.993750        38977       160.00
   18743.295     0.994531        39008       182.86
   18825.215     0.995313        39036       213.33
   18907.135     0.996094        39068       256.00
   18972.671     0.996484        39085       284.44
   19021.823     0.996875        39099       320.00
   19103.743     0.997266        39113       365.71
   19169.279     0.997656        39129       426.67
   19234.815     0.998047        39143       512.00
   19300.351     0.998242        39152       568.89
   19333.119     0.998437        39158       640.00
   19382.271     0.998633        39166       731.43
   19496.959     0.998828        39175       853.33
   19578.879     0.999023        39182      1024.00
   19644.415     0.999121        39185      1137.78
   19693.567     0.999219        39189      1280.00
   19775.487     0.999316        39194      1462.86
   19824.639     0.999414        39198      1706.67
   19873.791     0.999512        39202      2048.00
   19873.791     0.999561        39202      2275.56
   19922.943     0.999609        39204      2560.00
   19988.479     0.999658        39207      2925.71
   20004.863     0.999707        39209      3413.33
   20054.015     0.999756        39211      4096.00
   20054.015     0.999780        39211      4551.11
   20070.399     0.999805        39212      5120.00
   20086.783     0.999829        39213      5851.43
   20185.087     0.999854        39214      6826.67
   20201.471     0.999878        39215      8192.00
   20201.471     0.999890        39215      9102.22
   20250.623     0.999902        39216     10240.00
   20250.623     0.999915        39216     11702.86
   20316.159     0.999927        39217     13653.33
   20316.159     0.999939        39217     16384.00
   20316.159     0.999945        39217     18204.44
   20348.927     0.999951        39218     20480.00
   20348.927     0.999957        39218     23405.71
   20348.927     0.999963        39218     27306.67
   20348.927     0.999969        39218     32768.00
   20348.927     0.999973        39218     36408.89
   20479.999     0.999976        39219     40960.00
   20479.999     1.000000        39219          inf
#[Mean    =    10714.199, StdDeviation   =     3473.385]
#[Max     =    20463.616, Total count    =        39219]
#[Buckets =           27, SubBuckets     =         2048]
----------------------------------------------------------
  61489 requests in 30.03s, 10.86MB read
  Non-2xx or 3xx responses: 419
Requests/sec:   2047.78
Transfer/sec:    370.32KB
