Using argument nginx
using  args: threads=4 and connections=512 and duration=30 and requests=4000
Running 30s test @ http://10.10.1.4:8080/wrk2-api/user-timeline/read
  4 threads and 512 connections
  Thread calibration: mean lat.: 661.464ms, rate sampling interval: 3313ms
  Thread calibration: mean lat.: 711.457ms, rate sampling interval: 3581ms
  Thread calibration: mean lat.: 709.664ms, rate sampling interval: 3575ms
  Thread calibration: mean lat.: 811.458ms, rate sampling interval: 3692ms
  Thread Stats   Avg      Stdev     99%   +/- Stdev
    Latency     3.56s     1.66s    8.01s    67.43%
    Req/Sec   823.10     24.36   846.00     85.00%
  Latency Distribution (HdrHistogram - Recorded Latency)
 50.000%    3.39s 
 75.000%    4.63s 
 90.000%    5.83s 
 99.000%    8.01s 
 99.900%    9.48s 
 99.990%   11.08s 
 99.999%   11.35s 
100.000%   11.41s 

  Detailed Percentile spectrum:
       Value   Percentile   TotalCount 1/(1-Percentile)

       5.359     0.000000            1         1.00
    1582.079     0.100000         6441         1.11
    2079.743     0.200000        12890         1.25
    2523.135     0.300000        19332         1.43
    2957.311     0.400000        25777         1.67
    3387.391     0.500000        32205         2.00
    3600.383     0.550000        35415         2.22
    3835.903     0.600000        38644         2.50
    4079.615     0.650000        41861         2.86
    4345.855     0.700000        45078         3.33
    4632.575     0.750000        48297         4.00
    4792.319     0.775000        49905         4.44
    4968.447     0.800000        51539         5.00
    5152.767     0.825000        53117         5.71
    5353.471     0.850000        54729         6.67
    5570.559     0.875000        56352         8.00
    5697.535     0.887500        57158         8.89
    5832.703     0.900000        57953        10.00
    5980.159     0.912500        58764        11.43
    6139.903     0.925000        59557        13.33
    6324.223     0.937500        60365        16.00
    6434.815     0.943750        60780        17.78
    6545.407     0.950000        61164        20.00
    6672.383     0.956250        61577        22.86
    6811.647     0.962500        61975        26.67
    6971.391     0.968750        62372        32.00
    7065.599     0.971875        62578        35.56
    7176.191     0.975000        62773        40.00
    7315.455     0.978125        62983        45.71
    7446.527     0.981250        63178        53.33
    7606.271     0.984375        63379        64.00
    7692.287     0.985938        63477        71.11
    7811.071     0.987500        63580        80.00
    7929.855     0.989062        63681        91.43
    8065.023     0.990625        63780       106.67
    8220.671     0.992188        63881       128.00
    8294.399     0.992969        63934       142.22
    8372.223     0.993750        63980       160.00
    8462.335     0.994531        64041       182.86
    8560.639     0.995313        64081       213.33
    8683.519     0.996094        64132       256.00
    8757.247     0.996484        64157       284.44
    8822.783     0.996875        64181       320.00
    8937.471     0.997266        64207       365.71
    9043.967     0.997656        64233       426.67
    9166.847     0.998047        64258       512.00
    9240.575     0.998242        64269       568.89
    9306.111     0.998437        64283       640.00
    9338.879     0.998633        64294       731.43
    9412.607     0.998828        64307       853.33
    9486.335     0.999023        64321      1024.00
    9527.295     0.999121        64326      1137.78
    9609.215     0.999219        64333      1280.00
    9699.327     0.999316        64338      1462.86
    9854.975     0.999414        64345      1706.67
   10010.623     0.999512        64351      2048.00
   10125.311     0.999561        64354      2275.56
   10280.959     0.999609        64357      2560.00
   10444.799     0.999658        64360      2925.71
   10608.639     0.999707        64364      3413.33
   10797.055     0.999756        64367      4096.00
   10805.247     0.999780        64368      4551.11
   10870.783     0.999805        64370      5120.00
   10919.935     0.999829        64371      5851.43
   11026.431     0.999854        64373      6826.67
   11042.815     0.999878        64375      8192.00
   11042.815     0.999890        64375      9102.22
   11075.583     0.999902        64376     10240.00
   11173.887     0.999915        64377     11702.86
   11206.655     0.999927        64378     13653.33
   11296.767     0.999939        64379     16384.00
   11296.767     0.999945        64379     18204.44
   11296.767     0.999951        64379     20480.00
   11337.727     0.999957        64380     23405.71
   11337.727     0.999963        64380     27306.67
   11345.919     0.999969        64381     32768.00
   11345.919     0.999973        64381     36408.89
   11345.919     0.999976        64381     40960.00
   11345.919     0.999979        64381     46811.43
   11345.919     0.999982        64381     54613.33
   11411.455     0.999985        64382     65536.00
   11411.455     1.000000        64382          inf
#[Mean    =     3564.835, StdDeviation   =     1657.836]
#[Max     =    11403.264, Total count    =        64382]
#[Buckets =           27, SubBuckets     =         2048]
----------------------------------------------------------
  95602 requests in 30.00s, 16.78MB read
Requests/sec:   3186.60
Transfer/sec:    572.59KB
