Using argument nginx
using  args: threads=4 and connections=512 and duration=30 and requests=20000
Running 30s test @ http://10.10.1.6:5000
  4 threads and 512 connections
  Thread calibration: mean lat.: 888.253ms, rate sampling interval: 3489ms
  Thread calibration: mean lat.: 903.918ms, rate sampling interval: 3530ms
  Thread calibration: mean lat.: 982.976ms, rate sampling interval: 3565ms
  Thread calibration: mean lat.: 913.447ms, rate sampling interval: 3559ms
  Thread Stats   Avg      Stdev     99%   +/- Stdev
    Latency     3.41s     1.17s    6.20s    65.12%
    Req/Sec     4.20k    39.81     4.26k    65.00%
  Latency Distribution (HdrHistogram - Recorded Latency)
 50.000%    3.35s 
 75.000%    4.24s 
 90.000%    4.99s 
 99.000%    6.20s 
 99.900%    6.90s 
 99.990%    7.45s 
 99.999%    7.53s 
100.000%    7.58s 

  Detailed Percentile spectrum:
       Value   Percentile   TotalCount 1/(1-Percentile)

     111.423     0.000000            1         1.00
    1918.975     0.100000        32932         1.11
    2332.671     0.200000        65958         1.25
    2672.639     0.300000        98767         1.43
    3014.655     0.400000       131709         1.67
    3348.479     0.500000       164458         2.00
    3510.271     0.550000       181002         2.22
    3682.303     0.600000       197375         2.50
    3856.383     0.650000       213817         2.86
    4040.703     0.700000       230304         3.33
    4235.263     0.750000       246906         4.00
    4333.567     0.775000       254915         4.44
    4444.159     0.800000       263302         5.00
    4567.039     0.825000       271424         5.71
    4702.207     0.850000       279670         6.67
    4837.375     0.875000       287714         8.00
    4915.199     0.887500       291881         8.89
    4993.023     0.900000       296034        10.00
    5079.039     0.912500       300153        11.43
    5181.439     0.925000       304249        13.33
    5300.223     0.937500       308314        16.00
    5365.759     0.943750       310435        17.78
    5427.199     0.950000       312422        20.00
    5505.023     0.956250       314511        22.86
    5591.039     0.962500       316568        26.67
    5685.247     0.968750       318578        32.00
    5734.399     0.971875       319557        35.56
    5795.839     0.975000       320599        40.00
    5861.375     0.978125       321631        45.71
    5935.103     0.981250       322681        53.33
    6021.119     0.984375       323710        64.00
    6062.079     0.985938       324207        71.11
    6111.231     0.987500       324733        80.00
    6160.383     0.989062       325208        91.43
    6217.727     0.990625       325726       106.67
    6283.263     0.992188       326254       128.00
    6316.031     0.992969       326518       142.22
    6348.799     0.993750       326751       160.00
    6393.855     0.994531       327015       182.86
    6443.007     0.995313       327273       213.33
    6508.543     0.996094       327524       256.00
    6549.503     0.996484       327655       284.44
    6590.463     0.996875       327784       320.00
    6627.327     0.997266       327908       365.71
    6668.287     0.997656       328041       426.67
    6721.535     0.998047       328166       512.00
    6750.207     0.998242       328230       568.89
    6787.071     0.998437       328299       640.00
    6828.031     0.998633       328357       731.43
    6868.991     0.998828       328422       853.33
    6901.759     0.999023       328484      1024.00
    6934.527     0.999121       328516      1137.78
    6963.199     0.999219       328550      1280.00
    7008.255     0.999316       328583      1462.86
    7053.311     0.999414       328612      1706.67
    7110.655     0.999512       328644      2048.00
    7139.327     0.999561       328662      2275.56
    7155.711     0.999609       328676      2560.00
    7200.767     0.999658       328696      2925.71
    7229.439     0.999707       328708      3413.33
    7270.399     0.999756       328724      4096.00
    7311.359     0.999780       328732      4551.11
    7376.895     0.999805       328740      5120.00
    7393.279     0.999829       328749      5851.43
    7417.855     0.999854       328756      6826.67
    7438.335     0.999878       328766      8192.00
    7442.431     0.999890       328768      9102.22
    7446.527     0.999902       328773     10240.00
    7458.815     0.999915       328779     11702.86
    7462.911     0.999927       328782     13653.33
    7471.103     0.999939       328784     16384.00
    7475.199     0.999945       328788     18204.44
    7475.199     0.999951       328788     20480.00
    7483.391     0.999957       328792     23405.71
    7483.391     0.999963       328792     27306.67
    7491.583     0.999969       328794     32768.00
    7499.775     0.999973       328795     36408.89
    7503.871     0.999976       328796     40960.00
    7507.967     0.999979       328798     46811.43
    7507.967     0.999982       328798     54613.33
    7520.255     0.999985       328799     65536.00
    7528.447     0.999986       328800     72817.78
    7528.447     0.999988       328800     81920.00
    7532.543     0.999989       328801     93622.86
    7532.543     0.999991       328801    109226.67
    7536.639     0.999992       328802    131072.00
    7536.639     0.999993       328802    145635.56
    7536.639     0.999994       328802    163840.00
    7573.503     0.999995       328803    187245.71
    7573.503     0.999995       328803    218453.33
    7573.503     0.999996       328803    262144.00
    7573.503     0.999997       328803    291271.11
    7573.503     0.999997       328803    327680.00
    7577.599     0.999997       328804    374491.43
    7577.599     1.000000       328804          inf
#[Mean    =     3408.055, StdDeviation   =     1169.167]
#[Max     =     7573.504, Total count    =       328804]
#[Buckets =           27, SubBuckets     =         2048]
----------------------------------------------------------
  490117 requests in 30.00s, 203.05MB read
Requests/sec:  16337.50
Transfer/sec:      6.77MB
