Using argument nginx
using  args: threads=4 and connections=512 and duration=30 and requests=7000
Running 30s test @ http://10.10.1.6:8080/wrk2-api/user-timeline/read
  4 threads and 512 connections
  Thread calibration: mean lat.: 1383.291ms, rate sampling interval: 6230ms
  Thread calibration: mean lat.: 1350.871ms, rate sampling interval: 6225ms
  Thread calibration: mean lat.: 1321.657ms, rate sampling interval: 6230ms
  Thread calibration: mean lat.: 1483.117ms, rate sampling interval: 6205ms
  Thread Stats   Avg      Stdev     99%   +/- Stdev
    Latency     6.12s     1.94s   10.41s    63.29%
    Req/Sec     1.24k     8.88     1.26k    75.00%
  Latency Distribution (HdrHistogram - Recorded Latency)
 50.000%    6.05s 
 75.000%    7.59s 
 90.000%    8.75s 
 99.000%   10.41s 
 99.900%   11.48s 
 99.990%   12.35s 
 99.999%   12.85s 
100.000%   12.85s 

  Detailed Percentile spectrum:
       Value   Percentile   TotalCount 1/(1-Percentile)

     686.079     0.000000            1         1.00
    3622.911     0.100000         9754         1.11
    4272.127     0.200000        19489         1.25
    4882.431     0.300000        29248         1.43
    5464.063     0.400000        39023         1.67
    6045.695     0.500000        48757         2.00
    6340.607     0.550000        53624         2.22
    6627.327     0.600000        58498         2.50
    6930.431     0.650000        63340         2.86
    7254.015     0.700000        68233         3.33
    7589.887     0.750000        73103         4.00
    7766.015     0.775000        75547         4.44
    7929.855     0.800000        77929         5.00
    8105.983     0.825000        80389         5.71
    8302.591     0.850000        82844         6.67
    8519.679     0.875000        85277         8.00
    8634.367     0.887500        86505         8.89
    8749.055     0.900000        87678        10.00
    8880.127     0.912500        88895        11.43
    9035.775     0.925000        90145        13.33
    9191.423     0.937500        91341        16.00
    9281.535     0.943750        91937        17.78
    9379.839     0.950000        92553        20.00
    9478.143     0.956250        93177        22.86
    9584.639     0.962500        93779        26.67
    9707.519     0.968750        94383        32.00
    9781.247     0.971875        94677        35.56
    9863.167     0.975000        94987        40.00
    9953.279     0.978125        95307        45.71
   10043.391     0.981250        95582        53.33
   10158.079     0.984375        95896        64.00
   10223.615     0.985938        96042        71.11
   10289.151     0.987500        96193        80.00
   10362.879     0.989062        96344        91.43
   10444.799     0.990625        96503       106.67
   10534.911     0.992188        96651       128.00
   10592.255     0.992969        96726       142.22
   10665.983     0.993750        96800       160.00
   10739.711     0.994531        96878       182.86
   10829.823     0.995313        96959       213.33
   10911.743     0.996094        97030       256.00
   10952.703     0.996484        97067       284.44
   11001.855     0.996875        97109       320.00
   11051.007     0.997266        97146       365.71
   11108.351     0.997656        97182       426.67
   11173.887     0.998047        97221       512.00
   11223.039     0.998242        97238       568.89
   11263.999     0.998437        97256       640.00
   11321.343     0.998633        97276       731.43
   11395.071     0.998828        97295       853.33
   11485.183     0.999023        97313      1024.00
   11534.335     0.999121        97325      1137.78
   11583.487     0.999219        97332      1280.00
   11624.447     0.999316        97342      1462.86
   11665.407     0.999414        97351      1706.67
   11755.519     0.999512        97361      2048.00
   11796.479     0.999561        97367      2275.56
   11812.863     0.999609        97370      2560.00
   11886.591     0.999658        97375      2925.71
   11911.167     0.999707        97380      3413.33
   11968.511     0.999756        97385      4096.00
   12009.471     0.999780        97387      4551.11
   12017.663     0.999805        97389      5120.00
   12091.391     0.999829        97392      5851.43
   12156.927     0.999854        97394      6826.67
   12287.999     0.999878        97397      8192.00
   12345.343     0.999890        97399      9102.22
   12345.343     0.999902        97399     10240.00
   12427.263     0.999915        97400     11702.86
   12435.455     0.999927        97401     13653.33
   12673.023     0.999939        97403     16384.00
   12673.023     0.999945        97403     18204.44
   12705.791     0.999951        97404     20480.00
   12705.791     0.999957        97404     23405.71
   12771.327     0.999963        97405     27306.67
   12804.095     0.999969        97406     32768.00
   12804.095     0.999973        97406     36408.89
   12804.095     0.999976        97406     40960.00
   12804.095     0.999979        97406     46811.43
   12845.055     0.999982        97407     54613.33
   12845.055     0.999985        97407     65536.00
   12845.055     0.999986        97407     72817.78
   12845.055     0.999988        97407     81920.00
   12845.055     0.999989        97407     93622.86
   12853.247     0.999991        97408    109226.67
   12853.247     1.000000        97408          inf
#[Mean    =     6122.419, StdDeviation   =     1935.154]
#[Max     =    12845.056, Total count    =        97408]
#[Buckets =           27, SubBuckets     =         2048]
----------------------------------------------------------
  143078 requests in 30.06s, 25.11MB read
  Non-2xx or 3xx responses: 1
Requests/sec:   4760.32
Transfer/sec:    855.38KB
