Using argument nginx
using  args: threads=4 and connections=512 and duration=30 and requests=12000
Running 30s test @ http://10.10.1.6:5000
  4 threads and 512 connections
  Thread calibration: mean lat.: 143.796ms, rate sampling interval: 1236ms
  Thread calibration: mean lat.: 146.741ms, rate sampling interval: 1278ms
  Thread calibration: mean lat.: 147.610ms, rate sampling interval: 1263ms
  Thread calibration: mean lat.: 145.656ms, rate sampling interval: 1262ms
  Thread Stats   Avg      Stdev     99%   +/- Stdev
    Latency     6.94ms    5.67ms  26.01ms   81.87%
    Req/Sec     3.01k    56.95     3.12k    63.93%
  Latency Distribution (HdrHistogram - Recorded Latency)
 50.000%    5.80ms
 75.000%    9.38ms
 90.000%   13.30ms
 99.000%   26.01ms
 99.900%   53.63ms
 99.990%   87.68ms
 99.999%  113.02ms
100.000%  122.56ms

  Detailed Percentile spectrum:
       Value   Percentile   TotalCount 1/(1-Percentile)

       0.348     0.000000            1         1.00
       1.554     0.100000        23958         1.11
       2.425     0.200000        47927         1.25
       3.441     0.300000        71874         1.43
       4.559     0.400000        95850         1.67
       5.795     0.500000       119803         2.00
       6.435     0.550000       131762         2.22
       7.095     0.600000       143672         2.50
       7.779     0.650000       155664         2.86
       8.527     0.700000       167634         3.33
       9.383     0.750000       179663         4.00
       9.847     0.775000       185635         4.44
      10.367     0.800000       191648         5.00
      10.935     0.825000       197583         5.71
      11.575     0.850000       203545         6.67
      12.343     0.875000       209551         8.00
      12.799     0.887500       212527         8.89
      13.303     0.900000       215551        10.00
      13.863     0.912500       218532        11.43
      14.527     0.925000       221505        13.33
      15.343     0.937500       224504        16.00
      15.823     0.943750       226018        17.78
      16.367     0.950000       227483        20.00
      17.023     0.956250       228984        22.86
      17.807     0.962500       230481        26.67
      18.799     0.968750       231984        32.00
      19.375     0.971875       232727        35.56
      20.095     0.975000       233482        40.00
      20.847     0.978125       234229        45.71
      21.807     0.981250       234970        53.33
      22.911     0.984375       235714        64.00
      23.583     0.985938       236092        71.11
      24.415     0.987500       236468        80.00
      25.375     0.989062       236837        91.43
      26.463     0.990625       237214       106.67
      28.079     0.992188       237584       128.00
      29.023     0.992969       237770       142.22
      30.047     0.993750       237957       160.00
      31.359     0.994531       238148       182.86
      33.247     0.995313       238333       213.33
      35.839     0.996094       238519       256.00
      37.311     0.996484       238613       284.44
      38.751     0.996875       238706       320.00
      40.223     0.997266       238801       365.71
      42.111     0.997656       238892       426.67
      44.319     0.998047       238986       512.00
      45.599     0.998242       239033       568.89
      46.847     0.998437       239079       640.00
      48.799     0.998633       239126       731.43
      51.135     0.998828       239173       853.33
      53.919     0.999023       239220      1024.00
      55.199     0.999121       239243      1137.78
      57.023     0.999219       239266      1280.00
      58.591     0.999316       239290      1462.86
      61.375     0.999414       239313      1706.67
      64.159     0.999512       239337      2048.00
      65.247     0.999561       239348      2275.56
      67.583     0.999609       239360      2560.00
      69.183     0.999658       239372      2925.71
      71.551     0.999707       239383      3413.33
      74.111     0.999756       239395      4096.00
      75.647     0.999780       239401      4551.11
      78.143     0.999805       239407      5120.00
      80.575     0.999829       239413      5851.43
      81.343     0.999854       239418      6826.67
      84.351     0.999878       239424      8192.00
      86.591     0.999890       239427      9102.22
      88.703     0.999902       239430     10240.00
      89.407     0.999915       239433     11702.86
      90.559     0.999927       239436     13653.33
      94.271     0.999939       239439     16384.00
      94.463     0.999945       239440     18204.44
      97.023     0.999951       239442     20480.00
      97.087     0.999957       239443     23405.71
      98.367     0.999963       239445     27306.67
     101.055     0.999969       239446     32768.00
     105.535     0.999973       239447     36408.89
     105.919     0.999976       239448     40960.00
     105.919     0.999979       239448     46811.43
     106.239     0.999982       239449     54613.33
     108.543     0.999985       239450     65536.00
     108.543     0.999986       239450     72817.78
     113.023     0.999988       239451     81920.00
     113.023     0.999989       239451     93622.86
     113.023     0.999991       239451    109226.67
     119.615     0.999992       239452    131072.00
     119.615     0.999993       239452    145635.56
     119.615     0.999994       239452    163840.00
     119.615     0.999995       239452    187245.71
     119.615     0.999995       239452    218453.33
     122.559     0.999996       239453    262144.00
     122.559     1.000000       239453          inf
#[Mean    =        6.939, StdDeviation   =        5.674]
#[Max     =      122.496, Total count    =       239453]
#[Buckets =           27, SubBuckets     =         2048]
----------------------------------------------------------
  360283 requests in 30.00s, 148.99MB read
Requests/sec:  12009.59
Transfer/sec:      4.97MB
