Using argument nginx
using  args: threads=4 and connections=512 and duration=30 and requests=16000
Running 30s test @ http://10.10.1.6:5000
  4 threads and 512 connections
  Thread calibration: mean lat.: 206.409ms, rate sampling interval: 955ms
  Thread calibration: mean lat.: 197.187ms, rate sampling interval: 904ms
  Thread calibration: mean lat.: 225.658ms, rate sampling interval: 979ms
  Thread calibration: mean lat.: 215.716ms, rate sampling interval: 1037ms
  Thread Stats   Avg      Stdev     99%   +/- Stdev
    Latency   284.86ms  257.36ms   1.16s    81.33%
    Req/Sec     4.00k   130.95     4.18k    81.25%
  Latency Distribution (HdrHistogram - Recorded Latency)
 50.000%  206.59ms
 75.000%  399.61ms
 90.000%  635.39ms
 99.000%    1.16s 
 99.900%    1.54s 
 99.990%    1.85s 
 99.999%    1.99s 
100.000%    2.02s 

  Detailed Percentile spectrum:
       Value   Percentile   TotalCount 1/(1-Percentile)

       0.331     0.000000            1         1.00
      43.903     0.100000        31842         1.11
      75.199     0.200000        63715         1.25
     112.063     0.300000        95552         1.43
     155.519     0.400000       127381         1.67
     206.591     0.500000       159254         2.00
     236.671     0.550000       175130         2.22
     270.079     0.600000       191067         2.50
     307.455     0.650000       207035         2.86
     350.719     0.700000       222955         3.33
     399.615     0.750000       238858         4.00
     426.239     0.775000       246782         4.44
     456.703     0.800000       254757         5.00
     490.751     0.825000       262722         5.71
     530.431     0.850000       270670         6.67
     578.047     0.875000       278666         8.00
     604.671     0.887500       282593         8.89
     635.391     0.900000       286569        10.00
     670.719     0.912500       290556        11.43
     711.679     0.925000       294525        13.33
     759.807     0.937500       298539        16.00
     786.431     0.943750       300505        17.78
     818.175     0.950000       302491        20.00
     851.455     0.956250       304489        22.86
     887.807     0.962500       306468        26.67
     930.303     0.968750       308462        32.00
     952.831     0.971875       309458        35.56
     978.943     0.975000       310453        40.00
    1007.103     0.978125       311435        45.71
    1036.287     0.981250       312434        53.33
    1074.175     0.984375       313435        64.00
    1095.679     0.985938       313942        71.11
    1120.255     0.987500       314432        80.00
    1145.855     0.989062       314925        91.43
    1177.599     0.990625       315414       106.67
    1217.535     0.992188       315912       128.00
    1241.087     0.992969       316164       142.22
    1262.591     0.993750       316411       160.00
    1286.143     0.994531       316660       182.86
    1308.671     0.995313       316909       213.33
    1337.343     0.996094       317158       256.00
    1356.799     0.996484       317279       284.44
    1379.327     0.996875       317405       320.00
    1399.807     0.997266       317534       365.71
    1420.287     0.997656       317654       426.67
    1442.815     0.998047       317780       512.00
    1455.103     0.998242       317839       568.89
    1472.511     0.998437       317901       640.00
    1491.967     0.998633       317963       731.43
    1512.447     0.998828       318025       853.33
    1546.239     0.999023       318089      1024.00
    1568.767     0.999121       318119      1137.78
    1592.319     0.999219       318151      1280.00
    1617.919     0.999316       318182      1462.86
    1648.639     0.999414       318212      1706.67
    1687.551     0.999512       318243      2048.00
    1711.103     0.999561       318260      2275.56
    1725.439     0.999609       318274      2560.00
    1735.679     0.999658       318290      2925.71
    1757.183     0.999707       318305      3413.33
    1777.663     0.999756       318324      4096.00
    1786.879     0.999780       318330      4551.11
    1793.023     0.999805       318336      5120.00
    1806.335     0.999829       318344      5851.43
    1828.863     0.999854       318352      6826.67
    1845.247     0.999878       318360      8192.00
    1848.319     0.999890       318364      9102.22
    1853.439     0.999902       318367     10240.00
    1862.655     0.999915       318371     11702.86
    1870.847     0.999927       318375     13653.33
    1889.279     0.999939       318379     16384.00
    1918.975     0.999945       318381     18204.44
    1928.191     0.999951       318383     20480.00
    1944.575     0.999957       318385     23405.71
    1950.719     0.999963       318387     27306.67
    1953.791     0.999969       318389     32768.00
    1956.863     0.999973       318390     36408.89
    1958.911     0.999976       318391     40960.00
    1964.031     0.999979       318392     46811.43
    1980.415     0.999982       318393     54613.33
    1982.463     0.999985       318394     65536.00
    1982.463     0.999986       318394     72817.78
    1989.631     0.999988       318395     81920.00
    1989.631     0.999989       318395     93622.86
    2011.135     0.999991       318396    109226.67
    2011.135     0.999992       318396    131072.00
    2011.135     0.999993       318396    145635.56
    2015.231     0.999994       318397    163840.00
    2015.231     0.999995       318397    187245.71
    2015.231     0.999995       318397    218453.33
    2015.231     0.999996       318397    262144.00
    2015.231     0.999997       318397    291271.11
    2020.351     0.999997       318398    327680.00
    2020.351     1.000000       318398          inf
#[Mean    =      284.858, StdDeviation   =      257.359]
#[Max     =     2019.328, Total count    =       318398]
#[Buckets =           27, SubBuckets     =         2048]
----------------------------------------------------------
  471623 requests in 30.00s, 195.07MB read
Requests/sec:  15719.87
Transfer/sec:      6.50MB
