Using argument nginx
using  args: threads=4 and connections=512 and duration=30 and requests=3000
Running 30s test @ http://10.10.1.2:8080
  4 threads and 512 connections
  Thread calibration: mean lat.: 0.686ms, rate sampling interval: 10ms
  Thread calibration: mean lat.: 0.681ms, rate sampling interval: 10ms
  Thread calibration: mean lat.: 0.676ms, rate sampling interval: 10ms
  Thread calibration: mean lat.: 0.673ms, rate sampling interval: 10ms
  Thread Stats   Avg      Stdev     99%   +/- Stdev
    Latency   672.74us  636.86us   2.50ms   89.85%
    Req/Sec   791.17    291.23     1.55k    68.61%
  Latency Distribution (HdrHistogram - Recorded Latency)
 50.000%  465.00us
 75.000%  663.00us
 90.000%    1.61ms
 99.000%    2.50ms
 99.900%    4.35ms
 99.990%   16.28ms
 99.999%   16.82ms
100.000%   27.92ms

  Detailed Percentile spectrum:
       Value   Percentile   TotalCount 1/(1-Percentile)

       0.250     0.000000            1         1.00
       0.366     0.100000         6151         1.11
       0.388     0.200000        12126         1.25
       0.407     0.300000        17954         1.43
       0.429     0.400000        23891         1.67
       0.465     0.500000        29875         2.00
       0.502     0.550000        32872         2.22
       0.569     0.600000        35850         2.50
       0.606     0.650000        38860         2.86
       0.634     0.700000        41819         3.33
       0.663     0.750000        44833         4.00
       0.680     0.775000        46324         4.44
       0.699     0.800000        47802         5.00
       0.724     0.825000        49296         5.71
       0.758     0.850000        50748         6.67
       0.821     0.875000        52244         8.00
       0.888     0.887500        52989         8.89
       1.606     0.900000        53732        10.00
       1.779     0.912500        54481        11.43
       1.864     0.925000        55231        13.33
       1.931     0.937500        55973        16.00
       1.966     0.943750        56351        17.78
       2.004     0.950000        56727        20.00
       2.043     0.956250        57092        22.86
       2.087     0.962500        57474        26.67
       2.137     0.968750        57845        32.00
       2.167     0.971875        58027        35.56
       2.205     0.975000        58214        40.00
       2.245     0.978125        58400        45.71
       2.297     0.981250        58586        53.33
       2.355     0.984375        58770        64.00
       2.389     0.985938        58863        71.11
       2.431     0.987500        58960        80.00
       2.471     0.989062        59055        91.43
       2.517     0.990625        59143       106.67
       2.571     0.992188        59237       128.00
       2.609     0.992969        59283       142.22
       2.639     0.993750        59329       160.00
       2.691     0.994531        59377       182.86
       2.757     0.995313        59427       213.33
       2.823     0.996094        59469       256.00
       2.861     0.996484        59493       284.44
       2.927     0.996875        59516       320.00
       3.007     0.997266        59539       365.71
       3.145     0.997656        59563       426.67
       3.257     0.998047        59586       512.00
       3.361     0.998242        59598       568.89
       3.463     0.998437        59609       640.00
       3.651     0.998633        59621       731.43
       4.029     0.998828        59633       853.33
       4.439     0.999023        59645      1024.00
       4.587     0.999121        59650      1137.78
       5.615     0.999219        59656      1280.00
       6.631     0.999316        59662      1462.86
      15.391     0.999414        59669      1706.67
      15.487     0.999512        59673      2048.00
      15.583     0.999561        59676      2275.56
      15.727     0.999609        59679      2560.00
      15.759     0.999658        59682      2925.71
      15.847     0.999707        59685      3413.33
      15.935     0.999756        59688      4096.00
      15.943     0.999780        59690      4551.11
      16.071     0.999805        59692      5120.00
      16.071     0.999829        59692      5851.43
      16.143     0.999854        59694      6826.67
      16.231     0.999878        59695      8192.00
      16.279     0.999890        59696      9102.22
      16.303     0.999902        59697     10240.00
      16.303     0.999915        59697     11702.86
      16.415     0.999927        59698     13653.33
      16.447     0.999939        59699     16384.00
      16.447     0.999945        59699     18204.44
      16.479     0.999951        59700     20480.00
      16.479     0.999957        59700     23405.71
      16.479     0.999963        59700     27306.67
      16.815     0.999969        59701     32768.00
      16.815     0.999973        59701     36408.89
      16.815     0.999976        59701     40960.00
      16.815     0.999979        59701     46811.43
      16.815     0.999982        59701     54613.33
      27.919     0.999985        59702     65536.00
      27.919     1.000000        59702          inf
#[Mean    =        0.673, StdDeviation   =        0.637]
#[Max     =       27.904, Total count    =        59702]
#[Buckets =           27, SubBuckets     =         2048]
----------------------------------------------------------
  89128 requests in 30.00s, 17.05MB read
  Socket errors: connect 0, read 0, write 0, timeout 1
Requests/sec:   2970.93
Transfer/sec:    582.00KB
