No argument supplied nginx
using  args: threads=4 and connections=512 and duration=30 and requests=2000
Running 30s test @ http://localhost:8080
  4 threads and 512 connections
  Thread calibration: mean lat.: 4.629ms, rate sampling interval: 10ms
  Thread calibration: mean lat.: 2.873ms, rate sampling interval: 10ms
  Thread calibration: mean lat.: 5.257ms, rate sampling interval: 10ms
  Thread calibration: mean lat.: 3.845ms, rate sampling interval: 10ms
  Thread Stats   Avg      Stdev     99%   +/- Stdev
    Latency     8.50ms   56.68ms 236.93ms   98.09%
    Req/Sec   525.96    237.09     1.11k    69.24%
  Latency Distribution (HdrHistogram - Recorded Latency)
 50.000%    1.96ms
 75.000%    2.60ms
 90.000%    3.58ms
 99.000%  236.93ms
 99.900%  825.34ms
 99.990%    1.37s 
 99.999%    1.76s 
100.000%    1.76s 

  Detailed Percentile spectrum:
       Value   Percentile   TotalCount 1/(1-Percentile)

       0.957     0.000000            1         1.00
       1.301     0.100000         3980         1.11
       1.462     0.200000         7941         1.25
       1.584     0.300000        11916         1.43
       1.743     0.400000        15877         1.67
       1.957     0.500000        19840         2.00
       2.033     0.550000        21822         2.22
       2.125     0.600000        23820         2.50
       2.241     0.650000        25805         2.86
       2.421     0.700000        27782         3.33
       2.599     0.750000        29758         4.00
       2.691     0.775000        30753         4.44
       2.821     0.800000        31743         5.00
       2.969     0.825000        32745         5.71
       3.119     0.850000        33728         6.67
       3.305     0.875000        34721         8.00
       3.445     0.887500        35212         8.89
       3.583     0.900000        35709        10.00
       3.745     0.912500        36211        11.43
       3.967     0.925000        36701        13.33
       4.207     0.937500        37201        16.00
       4.347     0.943750        37445        17.78
       4.543     0.950000        37692        20.00
       4.791     0.956250        37942        22.86
       5.227     0.962500        38191        26.67
       5.931     0.968750        38437        32.00
       6.551     0.971875        38560        35.56
       8.399     0.975000        38684        40.00
      32.127     0.978125        38808        45.71
      73.023     0.981250        38932        53.33
     115.903     0.984375        39056        64.00
     145.023     0.985938        39118        71.11
     180.223     0.987500        39180        80.00
     216.959     0.989062        39242        91.43
     254.079     0.990625        39304       106.67
     302.591     0.992188        39367       128.00
     324.607     0.992969        39399       142.22
     354.559     0.993750        39428       160.00
     391.935     0.994531        39459       182.86
     415.999     0.995313        39490       213.33
     464.639     0.996094        39521       256.00
     489.983     0.996484        39536       284.44
     526.335     0.996875        39552       320.00
     564.223     0.997266        39567       365.71
     610.303     0.997656        39583       426.67
     645.119     0.998047        39598       512.00
     666.111     0.998242        39606       568.89
     699.391     0.998437        39614       640.00
     726.527     0.998633        39621       731.43
     790.015     0.998828        39629       853.33
     835.583     0.999023        39637      1024.00
     883.199     0.999121        39641      1137.78
     904.191     0.999219        39645      1280.00
     947.711     0.999316        39648      1462.86
     974.335     0.999414        39652      1706.67
    1063.935     0.999512        39656      2048.00
    1082.367     0.999561        39658      2275.56
    1100.799     0.999609        39660      2560.00
    1139.711     0.999658        39662      2925.71
    1262.591     0.999707        39664      3413.33
    1264.639     0.999756        39666      4096.00
    1276.927     0.999780        39667      4551.11
    1319.935     0.999805        39668      5120.00
    1346.559     0.999829        39669      5851.43
    1362.943     0.999854        39670      6826.67
    1374.207     0.999878        39671      8192.00
    1374.207     0.999890        39671      9102.22
    1399.807     0.999902        39672     10240.00
    1399.807     0.999915        39672     11702.86
    1497.087     0.999927        39673     13653.33
    1497.087     0.999939        39673     16384.00
    1497.087     0.999945        39673     18204.44
    1540.095     0.999951        39674     20480.00
    1540.095     0.999957        39674     23405.71
    1540.095     0.999963        39674     27306.67
    1540.095     0.999969        39674     32768.00
    1540.095     0.999973        39674     36408.89
    1755.135     0.999976        39675     40960.00
    1755.135     1.000000        39675          inf
#[Mean    =        8.497, StdDeviation   =       56.677]
#[Max     =     1754.112, Total count    =        39675]
#[Buckets =           27, SubBuckets     =         2048]
----------------------------------------------------------
  59170 requests in 30.00s, 20.79MB read
  Socket errors: connect 0, read 0, write 0, timeout 8
  Non-2xx or 3xx responses: 1377
Requests/sec:   1972.22
Transfer/sec:    709.73KB
