No argument supplied nginx
using  args: threads=4 and connections=512 and duration=30 and requests=3000
Running 30s test @ http://localhost:8080
  4 threads and 512 connections
  Thread calibration: mean lat.: 4.746ms, rate sampling interval: 10ms
  Thread calibration: mean lat.: 6.380ms, rate sampling interval: 10ms
  Thread calibration: mean lat.: 4.402ms, rate sampling interval: 10ms
  Thread calibration: mean lat.: 5.989ms, rate sampling interval: 10ms
  Thread Stats   Avg      Stdev     99%   +/- Stdev
    Latency    17.82ms   72.08ms 378.88ms   94.58%
    Req/Sec   790.52    287.81     1.55k    63.40%
  Latency Distribution (HdrHistogram - Recorded Latency)
 50.000%    2.04ms
 75.000%    2.91ms
 90.000%    5.57ms
 99.000%  378.88ms
 99.900%  766.97ms
 99.990%    1.17s 
 99.999%    1.89s 
100.000%    1.95s 

  Detailed Percentile spectrum:
       Value   Percentile   TotalCount 1/(1-Percentile)

       0.971     0.000000            1         1.00
       1.347     0.100000         5969         1.11
       1.493     0.200000        11943         1.25
       1.625     0.300000        17930         1.43
       1.826     0.400000        23883         1.67
       2.039     0.500000        29856         2.00
       2.141     0.550000        32815         2.22
       2.275     0.600000        35811         2.50
       2.447     0.650000        38796         2.86
       2.639     0.700000        41769         3.33
       2.907     0.750000        44754         4.00
       3.099     0.775000        46245         4.44
       3.365     0.800000        47728         5.00
       3.773     0.825000        49225         5.71
       4.363     0.850000        50715         6.67
       4.915     0.875000        52209         8.00
       5.191     0.887500        52949         8.89
       5.567     0.900000        53699        10.00
       6.579     0.912500        54442        11.43
      31.647     0.925000        55186        13.33
      64.575     0.937500        55932        16.00
      83.839     0.943750        56305        17.78
     104.191     0.950000        56677        20.00
     129.855     0.956250        57050        22.86
     155.263     0.962500        57424        26.67
     186.879     0.968750        57796        32.00
     207.359     0.971875        57984        35.56
     227.839     0.975000        58169        40.00
     251.775     0.978125        58355        45.71
     273.663     0.981250        58542        53.33
     305.407     0.984375        58728        64.00
     319.487     0.985938        58822        71.11
     339.199     0.987500        58915        80.00
     361.215     0.989062        59008        91.43
     391.935     0.990625        59101       106.67
     423.679     0.992188        59194       128.00
     439.807     0.992969        59241       142.22
     463.871     0.993750        59288       160.00
     492.031     0.994531        59334       182.86
     518.143     0.995313        59381       213.33
     545.791     0.996094        59428       256.00
     559.615     0.996484        59451       284.44
     579.583     0.996875        59474       320.00
     597.503     0.997266        59497       365.71
     622.591     0.997656        59521       426.67
     656.895     0.998047        59544       512.00
     686.079     0.998242        59556       568.89
     712.191     0.998437        59567       640.00
     727.551     0.998633        59579       731.43
     748.031     0.998828        59592       853.33
     772.607     0.999023        59602      1024.00
     790.015     0.999121        59608      1137.78
     808.447     0.999219        59614      1280.00
     845.311     0.999316        59620      1462.86
     852.479     0.999414        59626      1706.67
     902.143     0.999512        59631      2048.00
     926.719     0.999561        59634      2275.56
     935.935     0.999609        59637      2560.00
     952.831     0.999658        59640      2925.71
     980.991     0.999707        59643      3413.33
    1033.727     0.999756        59646      4096.00
    1037.823     0.999780        59647      4551.11
    1083.391     0.999805        59649      5120.00
    1104.895     0.999829        59650      5851.43
    1137.663     0.999854        59652      6826.67
    1166.335     0.999878        59653      8192.00
    1168.383     0.999890        59654      9102.22
    1211.391     0.999902        59655     10240.00
    1211.391     0.999915        59655     11702.86
    1263.615     0.999927        59656     13653.33
    1448.959     0.999939        59657     16384.00
    1448.959     0.999945        59657     18204.44
    1474.559     0.999951        59658     20480.00
    1474.559     0.999957        59658     23405.71
    1474.559     0.999963        59658     27306.67
    1885.183     0.999969        59659     32768.00
    1885.183     0.999973        59659     36408.89
    1885.183     0.999976        59659     40960.00
    1885.183     0.999979        59659     46811.43
    1885.183     0.999982        59659     54613.33
    1948.671     0.999985        59660     65536.00
    1948.671     1.000000        59660          inf
#[Mean    =       17.819, StdDeviation   =       72.081]
#[Max     =     1947.648, Total count    =        59660]
#[Buckets =           27, SubBuckets     =         2048]
----------------------------------------------------------
  89060 requests in 30.00s, 99.13MB read
  Socket errors: connect 0, read 0, write 0, timeout 1
  Non-2xx or 3xx responses: 4248
Requests/sec:   2968.33
Transfer/sec:      3.30MB
