No argument supplied nginx
using  args: threads=4 and connections=512 and duration=30 and requests=5000
Running 30s test @ http://localhost:8080
  4 threads and 512 connections
  Thread calibration: mean lat.: 2181.490ms, rate sampling interval: 8462ms
  Thread calibration: mean lat.: 2140.495ms, rate sampling interval: 8560ms
  Thread calibration: mean lat.: 2130.267ms, rate sampling interval: 8245ms
  Thread calibration: mean lat.: 2058.159ms, rate sampling interval: 8089ms
  Thread Stats   Avg      Stdev     99%   +/- Stdev
    Latency     9.12s     3.01s   15.61s    62.26%
    Req/Sec   657.38     13.58   681.00     75.00%
  Latency Distribution (HdrHistogram - Recorded Latency)
 50.000%    8.97s 
 75.000%   11.47s 
 90.000%   13.27s 
 99.000%   15.61s 
 99.900%   17.07s 
 99.990%   18.69s 
 99.999%   18.99s 
100.000%   19.14s 

  Detailed Percentile spectrum:
       Value   Percentile   TotalCount 1/(1-Percentile)

    1885.183     0.000000            1         1.00
    5197.823     0.100000         5210         1.11
    6209.535     0.200000        10385         1.25
    7151.615     0.300000        15581         1.43
    8069.119     0.400000        20775         1.67
    8970.239     0.500000        25983         2.00
    9461.759     0.550000        28577         2.22
    9945.087     0.600000        31169         2.50
   10428.415     0.650000        33761         2.86
   10936.319     0.700000        36383         3.33
   11468.799     0.750000        38967         4.00
   11730.943     0.775000        40270         4.44
   12009.471     0.800000        41539         5.00
   12287.999     0.825000        42859         5.71
   12574.719     0.850000        44135         6.67
   12918.783     0.875000        45466         8.00
   13099.007     0.887500        46091         8.89
   13271.039     0.900000        46741        10.00
   13451.263     0.912500        47381        11.43
   13647.871     0.925000        48029        13.33
   13860.863     0.937500        48694        16.00
   13983.743     0.943750        49016        17.78
   14123.007     0.950000        49336        20.00
   14262.271     0.956250        49663        22.86
   14417.919     0.962500        49981        26.67
   14606.335     0.968750        50309        32.00
   14704.639     0.971875        50464        35.56
   14827.519     0.975000        50628        40.00
   14958.591     0.978125        50796        45.71
   15089.663     0.981250        50955        53.33
   15253.503     0.984375        51120        64.00
   15335.423     0.985938        51201        71.11
   15425.535     0.987500        51278        80.00
   15540.223     0.989062        51356        91.43
   15671.295     0.990625        51444       106.67
   15785.983     0.992188        51524       128.00
   15851.519     0.992969        51561       142.22
   15908.863     0.993750        51599       160.00
   15990.783     0.994531        51644       182.86
   16080.895     0.995313        51682       213.33
   16211.967     0.996094        51722       256.00
   16261.119     0.996484        51742       284.44
   16310.271     0.996875        51762       320.00
   16424.959     0.997266        51784       365.71
   16498.687     0.997656        51802       426.67
   16629.759     0.998047        51825       512.00
   16711.679     0.998242        51832       568.89
   16826.367     0.998437        51843       640.00
   16908.287     0.998633        51854       731.43
   17006.591     0.998828        51863       853.33
   17104.895     0.999023        51873      1024.00
   17235.967     0.999121        51878      1137.78
   17301.503     0.999219        51885      1280.00
   17350.655     0.999316        51889      1462.86
   17448.959     0.999414        51893      1706.67
   17514.495     0.999512        51898      2048.00
   17661.951     0.999561        51902      2275.56
   17776.639     0.999609        51903      2560.00
   17924.095     0.999658        51906      2925.71
   18104.319     0.999707        51908      3413.33
   18186.239     0.999756        51912      4096.00
   18186.239     0.999780        51912      4551.11
   18350.079     0.999805        51913      5120.00
   18481.151     0.999829        51915      5851.43
   18530.303     0.999854        51916      6826.67
   18628.607     0.999878        51917      8192.00
   18694.143     0.999890        51918      9102.22
   18694.143     0.999902        51918     10240.00
   18907.135     0.999915        51919     11702.86
   18923.519     0.999927        51920     13653.33
   18923.519     0.999939        51920     16384.00
   18956.287     0.999945        51921     18204.44
   18956.287     0.999951        51921     20480.00
   18956.287     0.999957        51921     23405.71
   18989.055     0.999963        51922     27306.67
   18989.055     0.999969        51922     32768.00
   18989.055     0.999973        51922     36408.89
   18989.055     0.999976        51922     40960.00
   18989.055     0.999979        51922     46811.43
   19136.511     0.999982        51923     54613.33
   19136.511     1.000000        51923          inf
#[Mean    =     9124.577, StdDeviation   =     3012.460]
#[Max     =    19120.128, Total count    =        51923]
#[Buckets =           27, SubBuckets     =         2048]
----------------------------------------------------------
  79161 requests in 30.05s, 762.12MB read
  Non-2xx or 3xx responses: 4
Requests/sec:   2634.59
Transfer/sec:     25.36MB
