No argument supplied nginx
using  args: threads=4 and connections=512 and duration=30 and requests=1500
Running 30s test @ http://localhost:8080
  4 threads and 512 connections
  Thread calibration: mean lat.: 3.371ms, rate sampling interval: 10ms
  Thread calibration: mean lat.: 3.360ms, rate sampling interval: 10ms
  Thread calibration: mean lat.: 3.367ms, rate sampling interval: 10ms
  Thread calibration: mean lat.: 3.832ms, rate sampling interval: 11ms
  Thread Stats   Avg      Stdev     99%   +/- Stdev
    Latency     3.67ms    1.54ms   6.93ms   56.12%
    Req/Sec   392.51    199.27     0.90k    70.15%
  Latency Distribution (HdrHistogram - Recorded Latency)
 50.000%    4.12ms
 75.000%    4.86ms
 90.000%    5.41ms
 99.000%    6.93ms
 99.900%    8.26ms
 99.990%    9.79ms
 99.999%   14.18ms
100.000%   14.18ms

  Detailed Percentile spectrum:
       Value   Percentile   TotalCount 1/(1-Percentile)

       1.168     0.000000            1         1.00
       1.641     0.100000         2970         1.11
       1.820     0.200000         5937         1.25
       2.153     0.300000         8905         1.43
       3.373     0.400000        11868         1.67
       4.119     0.500000        14856         2.00
       4.323     0.550000        16335         2.22
       4.467     0.600000        17840         2.50
       4.595     0.650000        19294         2.86
       4.723     0.700000        20797         3.33
       4.855     0.750000        22277         4.00
       4.927     0.775000        23006         4.44
       5.003     0.800000        23741         5.00
       5.087     0.825000        24499         5.71
       5.179     0.850000        25226         6.67
       5.291     0.875000        25982         8.00
       5.347     0.887500        26345         8.89
       5.415     0.900000        26698        10.00
       5.499     0.912500        27082        11.43
       5.587     0.925000        27438        13.33
       5.699     0.937500        27812        16.00
       5.767     0.943750        28001        17.78
       5.839     0.950000        28184        20.00
       5.923     0.956250        28366        22.86
       6.031     0.962500        28550        26.67
       6.167     0.968750        28738        32.00
       6.239     0.971875        28831        35.56
       6.311     0.975000        28926        40.00
       6.387     0.978125        29016        45.71
       6.495     0.981250        29108        53.33
       6.623     0.984375        29199        64.00
       6.703     0.985938        29247        71.11
       6.775     0.987500        29293        80.00
       6.883     0.989062        29340        91.43
       6.967     0.990625        29385       106.67
       7.075     0.992188        29432       128.00
       7.143     0.992969        29454       142.22
       7.219     0.993750        29477       160.00
       7.311     0.994531        29501       182.86
       7.407     0.995313        29523       213.33
       7.547     0.996094        29549       256.00
       7.615     0.996484        29558       284.44
       7.667     0.996875        29570       320.00
       7.735     0.997266        29582       365.71
       7.827     0.997656        29593       426.67
       7.975     0.998047        29606       512.00
       8.055     0.998242        29610       568.89
       8.139     0.998437        29616       640.00
       8.167     0.998633        29622       731.43
       8.247     0.998828        29629       853.33
       8.311     0.999023        29634      1024.00
       8.367     0.999121        29636      1137.78
       8.415     0.999219        29639      1280.00
       8.567     0.999316        29642      1462.86
       8.695     0.999414        29645      1706.67
       8.839     0.999512        29649      2048.00
       8.839     0.999561        29649      2275.56
       8.967     0.999609        29651      2560.00
       8.975     0.999658        29652      2925.71
       9.047     0.999707        29654      3413.33
       9.071     0.999756        29655      4096.00
       9.103     0.999780        29656      4551.11
       9.263     0.999805        29657      5120.00
       9.263     0.999829        29657      5851.43
       9.479     0.999854        29658      6826.67
       9.791     0.999878        29659      8192.00
       9.791     0.999890        29659      9102.22
       9.903     0.999902        29660     10240.00
       9.903     0.999915        29660     11702.86
       9.903     0.999927        29660     13653.33
      10.631     0.999939        29661     16384.00
      10.631     0.999945        29661     18204.44
      10.631     0.999951        29661     20480.00
      10.631     0.999957        29661     23405.71
      10.631     0.999963        29661     27306.67
      14.175     0.999969        29662     32768.00
      14.175     1.000000        29662          inf
#[Mean    =        3.667, StdDeviation   =        1.539]
#[Max     =       14.168, Total count    =        29662]
#[Buckets =           27, SubBuckets     =         2048]
----------------------------------------------------------
  43994 requests in 30.01s, 286.36MB read
  Socket errors: connect 0, read 0, write 0, timeout 31
Requests/sec:   1466.00
Transfer/sec:      9.54MB
