No argument supplied nginx
using  args: threads=4 and connections=512 and duration=30 and requests=4000
Running 30s test @ http://localhost:8080
  4 threads and 512 connections
  Thread calibration: mean lat.: 2603.784ms, rate sampling interval: 10526ms
  Thread calibration: mean lat.: 2925.955ms, rate sampling interval: 10731ms
  Thread calibration: mean lat.: 2606.605ms, rate sampling interval: 10772ms
  Thread calibration: mean lat.: 2638.624ms, rate sampling interval: 10739ms
  Thread Stats   Avg      Stdev     99%   +/- Stdev
    Latency    12.10s     3.81s   19.74s    60.42%
    Req/Sec   369.25      2.38   372.00    100.00%
  Latency Distribution (HdrHistogram - Recorded Latency)
 50.000%   12.01s 
 75.000%   15.20s 
 90.000%   17.30s 
 99.000%   19.74s 
 99.900%   21.09s 
 99.990%   22.18s 
 99.999%   22.40s 
100.000%   22.40s 

  Detailed Percentile spectrum:
       Value   Percentile   TotalCount 1/(1-Percentile)

    3557.375     0.000000            1         1.00
    7004.159     0.100000         2919         1.11
    8269.823     0.200000         5849         1.25
    9584.639     0.300000         8766         1.43
   10780.671     0.400000        11688         1.67
   12009.471     0.500000        14592         2.00
   12656.639     0.550000        16065         2.22
   13287.423     0.600000        17511         2.50
   13918.207     0.650000        18983         2.86
   14508.031     0.700000        20432         3.33
   15196.159     0.750000        21898         4.00
   15507.455     0.775000        22624         4.44
   15843.327     0.800000        23350         5.00
   16179.199     0.825000        24080         5.71
   16531.455     0.850000        24814         6.67
   16908.287     0.875000        25557         8.00
   17104.895     0.887500        25926         8.89
   17301.503     0.900000        26283        10.00
   17498.111     0.912500        26632        11.43
   17727.487     0.925000        27002        13.33
   18006.015     0.937500        27367        16.00
   18153.471     0.943750        27562        17.78
   18284.543     0.950000        27732        20.00
   18464.767     0.956250        27909        22.86
   18644.991     0.962500        28093        26.67
   18857.983     0.968750        28276        32.00
   18956.287     0.971875        28368        35.56
   19054.591     0.975000        28452        40.00
   19169.279     0.978125        28547        45.71
   19316.735     0.981250        28638        53.33
   19464.191     0.984375        28732        64.00
   19513.343     0.985938        28779        71.11
   19611.647     0.987500        28824        80.00
   19709.951     0.989062        28869        91.43
   19775.487     0.990625        28908       106.67
   19890.175     0.992188        28958       128.00
   19922.943     0.992969        28978       142.22
   19988.479     0.993750        28999       160.00
   20070.399     0.994531        29023       182.86
   20201.471     0.995313        29050       213.33
   20299.775     0.996094        29071       256.00
   20348.927     0.996484        29079       284.44
   20430.847     0.996875        29092       320.00
   20479.999     0.997266        29105       365.71
   20545.535     0.997656        29113       426.67
   20643.839     0.998047        29127       512.00
   20660.223     0.998242        29130       568.89
   20791.295     0.998437        29138       640.00
   20840.447     0.998633        29143       731.43
   20905.983     0.998828        29148       853.33
   21118.975     0.999023        29153      1024.00
   21168.127     0.999121        29157      1137.78
   21184.511     0.999219        29160      1280.00
   21250.047     0.999316        29162      1462.86
   21299.199     0.999414        29164      1706.67
   21364.735     0.999512        29167      2048.00
   21397.503     0.999561        29169      2275.56
   21430.271     0.999609        29170      2560.00
   21512.191     0.999658        29172      2925.71
   21528.575     0.999707        29173      3413.33
   21610.495     0.999756        29174      4096.00
   21643.263     0.999780        29176      4551.11
   21643.263     0.999805        29176      5120.00
   21872.639     0.999829        29177      5851.43
   21872.639     0.999854        29177      6826.67
   22183.935     0.999878        29178      8192.00
   22183.935     0.999890        29178      9102.22
   22347.775     0.999902        29179     10240.00
   22347.775     0.999915        29179     11702.86
   22347.775     0.999927        29179     13653.33
   22380.543     0.999939        29180     16384.00
   22380.543     0.999945        29180     18204.44
   22380.543     0.999951        29180     20480.00
   22380.543     0.999957        29180     23405.71
   22380.543     0.999963        29180     27306.67
   22396.927     0.999969        29181     32768.00
   22396.927     1.000000        29181          inf
#[Mean    =    12100.880, StdDeviation   =     3814.145]
#[Max     =    22380.544, Total count    =        29181]
#[Buckets =           27, SubBuckets     =         2048]
----------------------------------------------------------
  44482 requests in 30.05s, 396.92MB read
  Non-2xx or 3xx responses: 34
Requests/sec:   1480.35
Transfer/sec:     13.21MB
