Using argument nginx
using  args: threads=4 and connections=8 and duration=30 and requests=1000
Running 30s test @ http://10.10.1.5:5000
  4 threads and 8 connections
  Thread calibration: mean lat.: 2.668ms, rate sampling interval: 10ms
  Thread calibration: mean lat.: 2.642ms, rate sampling interval: 10ms
  Thread calibration: mean lat.: 2.753ms, rate sampling interval: 10ms
  Thread calibration: mean lat.: 2.753ms, rate sampling interval: 10ms
  Thread Stats   Avg      Stdev     99%   +/- Stdev
    Latency     2.62ms    1.80ms   8.62ms   81.80%
    Req/Sec   263.89    161.93   700.00     64.94%
  Latency Distribution (HdrHistogram - Recorded Latency)
 50.000%    1.88ms
 75.000%    3.48ms
 90.000%    5.12ms
 99.000%    8.62ms
 99.900%   12.21ms
 99.990%   14.12ms
 99.999%   16.48ms
100.000%   16.48ms

  Detailed Percentile spectrum:
       Value   Percentile   TotalCount 1/(1-Percentile)

       0.364     0.000000            1         1.00
       0.947     0.100000         2004         1.11
       1.276     0.200000         4009         1.25
       1.451     0.300000         6008         1.43
       1.597     0.400000         8014         1.67
       1.878     0.500000        10013         2.00
       2.181     0.550000        11010         2.22
       2.539     0.600000        12014         2.50
       2.831     0.650000        13013         2.86
       3.141     0.700000        14021         3.33
       3.477     0.750000        15014         4.00
       3.689     0.775000        15517         4.44
       3.911     0.800000        16015         5.00
       4.159     0.825000        16521         5.71
       4.443     0.850000        17019         6.67
       4.755     0.875000        17519         8.00
       4.919     0.887500        17766         8.89
       5.123     0.900000        18020        10.00
       5.335     0.912500        18267        11.43
       5.607     0.925000        18522        13.33
       5.883     0.937500        18773        16.00
       6.031     0.943750        18894        17.78
       6.263     0.950000        19020        20.00
       6.499     0.956250        19143        22.86
       6.747     0.962500        19269        26.67
       7.019     0.968750        19396        32.00
       7.151     0.971875        19455        35.56
       7.347     0.975000        19519        40.00
       7.571     0.978125        19581        45.71
       7.763     0.981250        19643        53.33
       7.995     0.984375        19709        64.00
       8.139     0.985938        19737        71.11
       8.279     0.987500        19769        80.00
       8.447     0.989062        19801        91.43
       8.727     0.990625        19832       106.67
       8.991     0.992188        19862       128.00
       9.199     0.992969        19878       142.22
       9.335     0.993750        19895       160.00
       9.471     0.994531        19909       182.86
       9.623     0.995313        19925       213.33
       9.831     0.996094        19940       256.00
      10.023     0.996484        19948       284.44
      10.111     0.996875        19956       320.00
      10.351     0.997266        19964       365.71
      10.559     0.997656        19972       426.67
      10.975     0.998047        19979       512.00
      11.159     0.998242        19983       568.89
      11.383     0.998437        19987       640.00
      11.655     0.998633        19991       731.43
      11.967     0.998828        19995       853.33
      12.207     0.999023        19999      1024.00
      12.223     0.999121        20001      1137.78
      12.487     0.999219        20003      1280.00
      12.551     0.999316        20005      1462.86
      12.703     0.999414        20007      1706.67
      12.863     0.999512        20009      2048.00
      12.895     0.999561        20010      2275.56
      13.055     0.999609        20011      2560.00
      13.119     0.999658        20012      2925.71
      13.287     0.999707        20013      3413.33
      13.847     0.999756        20014      4096.00
      13.847     0.999780        20014      4551.11
      13.871     0.999805        20015      5120.00
      13.871     0.999829        20015      5851.43
      14.119     0.999854        20016      6826.67
      14.119     0.999878        20016      8192.00
      14.119     0.999890        20016      9102.22
      14.199     0.999902        20017     10240.00
      14.199     0.999915        20017     11702.86
      14.199     0.999927        20017     13653.33
      14.199     0.999939        20017     16384.00
      14.199     0.999945        20017     18204.44
      16.479     0.999951        20018     20480.00
      16.479     1.000000        20018          inf
#[Mean    =        2.620, StdDeviation   =        1.801]
#[Max     =       16.464, Total count    =        20018]
#[Buckets =           27, SubBuckets     =         2048]
----------------------------------------------------------
  29940 requests in 30.00s, 12.34MB read
Requests/sec:    997.91
Transfer/sec:    421.20KB
