Using argument nginx
using  args: threads=4 and connections=8 and duration=30 and requests=1000
Running 30s test @ http://10.10.1.4:8080
  4 threads and 8 connections
  Thread calibration: mean lat.: 3.005ms, rate sampling interval: 11ms
  Thread calibration: mean lat.: 3.053ms, rate sampling interval: 11ms
  Thread calibration: mean lat.: 2.997ms, rate sampling interval: 11ms
  Thread calibration: mean lat.: 2.931ms, rate sampling interval: 10ms
  Thread Stats   Avg      Stdev     99%   +/- Stdev
    Latency     3.32ms    2.13ms   9.97ms   65.14%
    Req/Sec   262.49    153.42   666.00     64.05%
  Latency Distribution (HdrHistogram - Recorded Latency)
 50.000%    3.49ms
 75.000%    4.24ms
 90.000%    5.84ms
 99.000%    9.97ms
 99.900%   14.93ms
 99.990%   18.22ms
 99.999%   20.88ms
100.000%   20.88ms

  Detailed Percentile spectrum:
       Value   Percentile   TotalCount 1/(1-Percentile)

       0.389     0.000000            1         1.00
       0.877     0.100000         2004         1.11
       1.117     0.200000         4014         1.25
       1.516     0.300000         6007         1.43
       3.025     0.400000         8008         1.67
       3.493     0.500000        10021         2.00
       3.627     0.550000        11010         2.22
       3.747     0.600000        12014         2.50
       3.881     0.650000        13013         2.86
       4.029     0.700000        14021         3.33
       4.235     0.750000        15027         4.00
       4.371     0.775000        15524         4.44
       4.551     0.800000        16026         5.00
       4.739     0.825000        16522         5.71
       4.999     0.850000        17016         6.67
       5.355     0.875000        17518         8.00
       5.575     0.887500        17769         8.89
       5.839     0.900000        18021        10.00
       6.095     0.912500        18267        11.43
       6.415     0.925000        18518        13.33
       6.783     0.937500        18772        16.00
       6.991     0.943750        18892        17.78
       7.251     0.950000        19019        20.00
       7.463     0.956250        19143        22.86
       7.691     0.962500        19270        26.67
       8.031     0.968750        19396        32.00
       8.199     0.971875        19457        35.56
       8.415     0.975000        19520        40.00
       8.663     0.978125        19582        45.71
       8.935     0.981250        19643        53.33
       9.303     0.984375        19707        64.00
       9.455     0.985938        19737        71.11
       9.631     0.987500        19769        80.00
       9.847     0.989062        19800        91.43
      10.135     0.990625        19833       106.67
      10.463     0.992188        19862       128.00
      10.679     0.992969        19878       142.22
      10.927     0.993750        19893       160.00
      11.263     0.994531        19909       182.86
      11.623     0.995313        19925       213.33
      12.039     0.996094        19940       256.00
      12.159     0.996484        19948       284.44
      12.487     0.996875        19956       320.00
      12.911     0.997266        19964       365.71
      13.143     0.997656        19972       426.67
      13.471     0.998047        19979       512.00
      13.719     0.998242        19983       568.89
      14.087     0.998437        19987       640.00
      14.295     0.998633        19991       731.43
      14.695     0.998828        19995       853.33
      14.959     0.999023        19999      1024.00
      14.999     0.999121        20001      1137.78
      15.471     0.999219        20003      1280.00
      15.615     0.999316        20005      1462.86
      15.895     0.999414        20007      1706.67
      16.271     0.999512        20009      2048.00
      16.287     0.999561        20010      2275.56
      16.383     0.999609        20011      2560.00
      17.023     0.999658        20012      2925.71
      17.311     0.999707        20013      3413.33
      17.807     0.999756        20014      4096.00
      17.807     0.999780        20014      4551.11
      17.951     0.999805        20015      5120.00
      17.951     0.999829        20015      5851.43
      18.223     0.999854        20016      6826.67
      18.223     0.999878        20016      8192.00
      18.223     0.999890        20016      9102.22
      18.543     0.999902        20017     10240.00
      18.543     0.999915        20017     11702.86
      18.543     0.999927        20017     13653.33
      18.543     0.999939        20017     16384.00
      18.543     0.999945        20017     18204.44
      20.879     0.999951        20018     20480.00
      20.879     1.000000        20018          inf
#[Mean    =        3.315, StdDeviation   =        2.128]
#[Max     =       20.864, Total count    =        20018]
#[Buckets =           27, SubBuckets     =         2048]
----------------------------------------------------------
  29938 requests in 30.00s, 183.33MB read
Requests/sec:    997.79
Transfer/sec:      6.11MB
