Using argument nginx
using  args: threads=4 and connections=512 and duration=30 and requests=2500
Running 30s test @ http://10.10.1.6:8080/wrk2-api/user-timeline/read
  4 threads and 512 connections
  Thread calibration: mean lat.: 3.443ms, rate sampling interval: 10ms
  Thread calibration: mean lat.: 3.423ms, rate sampling interval: 10ms
  Thread calibration: mean lat.: 3.343ms, rate sampling interval: 10ms
  Thread calibration: mean lat.: 3.467ms, rate sampling interval: 10ms
  Thread Stats   Avg      Stdev     99%   +/- Stdev
    Latency     3.24ms    0.93ms   6.40ms   95.20%
    Req/Sec   661.73    264.89     1.33k    72.60%
  Latency Distribution (HdrHistogram - Recorded Latency)
 50.000%    3.08ms
 75.000%    3.38ms
 90.000%    3.76ms
 99.000%    6.40ms
 99.900%   14.79ms
 99.990%   21.95ms
 99.999%   35.62ms
100.000%   35.62ms

  Detailed Percentile spectrum:
       Value   Percentile   TotalCount 1/(1-Percentile)

       2.179     0.000000            1         1.00
       2.693     0.100000         4996         1.11
       2.811     0.200000        10049         1.25
       2.903     0.300000        14975         1.43
       2.993     0.400000        20047         1.67
       3.083     0.500000        24987         2.00
       3.133     0.550000        27528         2.22
       3.185     0.600000        30012         2.50
       3.239     0.650000        32466         2.86
       3.303     0.700000        34979         3.33
       3.377     0.750000        37485         4.00
       3.421     0.775000        38709         4.44
       3.467     0.800000        39927         5.00
       3.523     0.825000        41207         5.71
       3.587     0.850000        42447         6.67
       3.663     0.875000        43679         8.00
       3.709     0.887500        44310         8.89
       3.759     0.900000        44924        10.00
       3.823     0.912500        45543        11.43
       3.901     0.925000        46169        13.33
       3.999     0.937500        46793        16.00
       4.065     0.943750        47105        17.78
       4.143     0.950000        47422        20.00
       4.235     0.956250        47729        22.86
       4.359     0.962500        48039        26.67
       4.523     0.968750        48351        32.00
       4.647     0.971875        48504        35.56
       4.783     0.975000        48659        40.00
       4.963     0.978125        48816        45.71
       5.251     0.981250        48972        53.33
       5.559     0.984375        49127        64.00
       5.715     0.985938        49204        71.11
       5.959     0.987500        49283        80.00
       6.207     0.989062        49360        91.43
       6.587     0.990625        49438       106.67
       7.307     0.992188        49516       128.00
       7.807     0.992969        49556       142.22
       8.327     0.993750        49595       160.00
       9.023     0.994531        49633       182.86
       9.527     0.995313        49672       213.33
      10.103     0.996094        49712       256.00
      10.415     0.996484        49730       284.44
      10.831     0.996875        49750       320.00
      11.255     0.997266        49769       365.71
      11.823     0.997656        49789       426.67
      12.727     0.998047        49808       512.00
      13.063     0.998242        49818       568.89
      13.455     0.998437        49828       640.00
      14.031     0.998633        49837       731.43
      14.423     0.998828        49847       853.33
      15.223     0.999023        49857      1024.00
      15.719     0.999121        49863      1137.78
      16.015     0.999219        49867      1280.00
      16.431     0.999316        49871      1462.86
      17.071     0.999414        49876      1706.67
      18.143     0.999512        49881      2048.00
      18.623     0.999561        49884      2275.56
      18.911     0.999609        49886      2560.00
      18.975     0.999658        49888      2925.71
      19.263     0.999707        49891      3413.33
      19.791     0.999756        49893      4096.00
      20.527     0.999780        49895      4551.11
      20.927     0.999805        49896      5120.00
      21.247     0.999829        49897      5851.43
      21.327     0.999854        49898      6826.67
      21.375     0.999878        49899      8192.00
      21.951     0.999890        49900      9102.22
      22.239     0.999902        49901     10240.00
      22.239     0.999915        49901     11702.86
      24.943     0.999927        49902     13653.33
      24.943     0.999939        49902     16384.00
      25.839     0.999945        49903     18204.44
      25.839     0.999951        49903     20480.00
      25.839     0.999957        49903     23405.71
      25.919     0.999963        49904     27306.67
      25.919     0.999969        49904     32768.00
      25.919     0.999973        49904     36408.89
      25.919     0.999976        49904     40960.00
      25.919     0.999979        49904     46811.43
      35.615     0.999982        49905     54613.33
      35.615     1.000000        49905          inf
#[Mean    =        3.243, StdDeviation   =        0.932]
#[Max     =       35.584, Total count    =        49905]
#[Buckets =           27, SubBuckets     =         2048]
----------------------------------------------------------
  74372 requests in 30.00s, 13.05MB read
  Socket errors: connect 0, read 0, write 0, timeout 1
  Non-2xx or 3xx responses: 2
Requests/sec:   2479.03
Transfer/sec:    445.46KB
