Using argument nginx
using  args: threads=4 and connections=512 and duration=30 and requests=6000
Running 30s test @ http://10.10.1.6:8080/wrk2-api/user-timeline/read
  4 threads and 512 connections
  Thread calibration: mean lat.: 293.073ms, rate sampling interval: 1399ms
  Thread calibration: mean lat.: 289.308ms, rate sampling interval: 1378ms
  Thread calibration: mean lat.: 291.166ms, rate sampling interval: 1381ms
  Thread calibration: mean lat.: 335.798ms, rate sampling interval: 1496ms
  Thread Stats   Avg      Stdev     99%   +/- Stdev
    Latency     1.29s   881.81ms   3.87s    68.40%
    Req/Sec     1.40k    40.58     1.45k    81.82%
  Latency Distribution (HdrHistogram - Recorded Latency)
 50.000%    1.13s 
 75.000%    1.81s 
 90.000%    2.53s 
 99.000%    3.87s 
 99.900%    4.60s 
 99.990%    5.05s 
 99.999%    5.16s 
100.000%    5.17s 

  Detailed Percentile spectrum:
       Value   Percentile   TotalCount 1/(1-Percentile)

      10.703     0.000000            1         1.00
     286.975     0.100000        11154         1.11
     498.431     0.200000        22294         1.25
     696.831     0.300000        33457         1.43
     909.823     0.400000        44594         1.67
    1129.471     0.500000        55737         2.00
    1245.183     0.550000        61355         2.22
    1367.039     0.600000        66910         2.50
    1503.231     0.650000        72500         2.86
    1647.615     0.700000        78038         3.33
    1811.455     0.750000        83626         4.00
    1898.495     0.775000        86412         4.44
    1993.727     0.800000        89194         5.00
    2101.247     0.825000        91994         5.71
    2220.031     0.850000        94767         6.67
    2359.295     0.875000        97561         8.00
    2439.167     0.887500        98949         8.89
    2525.183     0.900000       100344        10.00
    2625.535     0.912500       101717        11.43
    2738.175     0.925000       103122        13.33
    2871.295     0.937500       104513        16.00
    2940.927     0.943750       105210        17.78
    3008.511     0.950000       105905        20.00
    3088.383     0.956250       106599        22.86
    3186.687     0.962500       107287        26.67
    3301.375     0.968750       107996        32.00
    3360.767     0.971875       108336        35.56
    3424.255     0.975000       108687        40.00
    3489.791     0.978125       109034        45.71
    3563.519     0.981250       109377        53.33
    3647.487     0.984375       109732        64.00
    3700.735     0.985938       109906        71.11
    3753.983     0.987500       110076        80.00
    3825.663     0.989062       110252        91.43
    3895.295     0.990625       110423       106.67
    3979.263     0.992188       110597       128.00
    4040.703     0.992969       110687       142.22
    4089.855     0.993750       110772       160.00
    4145.151     0.994531       110858       182.86
    4192.255     0.995313       110945       213.33
    4251.647     0.996094       111037       256.00
    4276.223     0.996484       111076       284.44
    4308.991     0.996875       111119       320.00
    4341.759     0.997266       111166       365.71
    4378.623     0.997656       111208       426.67
    4419.583     0.998047       111250       512.00
    4448.255     0.998242       111273       568.89
    4472.831     0.998437       111293       640.00
    4501.503     0.998633       111315       731.43
    4554.751     0.998828       111337       853.33
    4595.711     0.999023       111359      1024.00
    4628.479     0.999121       111371      1137.78
    4648.959     0.999219       111381      1280.00
    4694.015     0.999316       111391      1462.86
    4739.071     0.999414       111402      1706.67
    4792.319     0.999512       111414      2048.00
    4820.991     0.999561       111419      2275.56
    4849.663     0.999609       111424      2560.00
    4878.335     0.999658       111429      2925.71
    4902.911     0.999707       111435      3413.33
    4931.583     0.999756       111441      4096.00
    4956.159     0.999780       111443      4551.11
    4976.639     0.999805       111446      5120.00
    4980.735     0.999829       111448      5851.43
    5001.215     0.999854       111452      6826.67
    5033.983     0.999878       111454      8192.00
    5038.079     0.999890       111455      9102.22
    5054.463     0.999902       111457     10240.00
    5058.559     0.999915       111458     11702.86
    5062.655     0.999927       111460     13653.33
    5070.847     0.999939       111461     16384.00
    5070.847     0.999945       111461     18204.44
    5087.231     0.999951       111462     20480.00
    5103.615     0.999957       111463     23405.71
    5103.615     0.999963       111463     27306.67
    5115.903     0.999969       111464     32768.00
    5115.903     0.999973       111464     36408.89
    5132.287     0.999976       111465     40960.00
    5132.287     0.999979       111465     46811.43
    5132.287     0.999982       111465     54613.33
    5160.959     0.999985       111466     65536.00
    5160.959     0.999986       111466     72817.78
    5160.959     0.999988       111466     81920.00
    5160.959     0.999989       111466     93622.86
    5160.959     0.999991       111466    109226.67
    5165.055     0.999992       111467    131072.00
    5165.055     1.000000       111467          inf
#[Mean    =     1291.743, StdDeviation   =      881.809]
#[Max     =     5160.960, Total count    =       111467]
#[Buckets =           27, SubBuckets     =         2048]
----------------------------------------------------------
  166813 requests in 30.00s, 29.27MB read
Requests/sec:   5560.51
Transfer/sec:      0.98MB
