Using argument nginx
using  args: threads=4 and connections=512 and duration=30 and requests=3000
Running 30s test @ http://10.10.1.6:8080/wrk2-api/user-timeline/read
  4 threads and 512 connections
  Thread calibration: mean lat.: 3.538ms, rate sampling interval: 10ms
  Thread calibration: mean lat.: 3.529ms, rate sampling interval: 10ms
  Thread calibration: mean lat.: 3.528ms, rate sampling interval: 10ms
  Thread calibration: mean lat.: 3.565ms, rate sampling interval: 10ms
  Thread Stats   Avg      Stdev     99%   +/- Stdev
    Latency     3.61ms    1.41ms  10.71ms   95.31%
    Req/Sec   792.14    295.78     1.55k    68.01%
  Latency Distribution (HdrHistogram - Recorded Latency)
 50.000%    3.33ms
 75.000%    3.70ms
 90.000%    4.26ms
 99.000%   10.71ms
 99.900%   19.33ms
 99.990%   26.05ms
 99.999%   28.94ms
100.000%   29.84ms

  Detailed Percentile spectrum:
       Value   Percentile   TotalCount 1/(1-Percentile)

       2.279     0.000000            2         1.00
       2.871     0.100000         5988         1.11
       3.005     0.200000        11998         1.25
       3.113     0.300000        17939         1.43
       3.219     0.400000        23995         1.67
       3.333     0.500000        29942         2.00
       3.391     0.550000        32887         2.22
       3.455     0.600000        35832         2.50
       3.527     0.650000        38867         2.86
       3.607     0.700000        41805         3.33
       3.703     0.750000        44780         4.00
       3.761     0.775000        46273         4.44
       3.825     0.800000        47771         5.00
       3.905     0.825000        49261         5.71
       3.991     0.850000        50748         6.67
       4.107     0.875000        52262         8.00
       4.179     0.887500        53002         8.89
       4.259     0.900000        53747        10.00
       4.367     0.912500        54497        11.43
       4.499     0.925000        55229        13.33
       4.679     0.937500        55975        16.00
       4.803     0.943750        56352        17.78
       4.943     0.950000        56719        20.00
       5.139     0.956250        57094        22.86
       5.443     0.962500        57462        26.67
       5.839     0.968750        57834        32.00
       6.131     0.971875        58020        35.56
       6.451     0.975000        58209        40.00
       6.875     0.978125        58395        45.71
       7.563     0.981250        58581        53.33
       8.559     0.984375        58767        64.00
       9.127     0.985938        58860        71.11
       9.639     0.987500        58953        80.00
      10.335     0.989062        59047        91.43
      11.031     0.990625        59140       106.67
      11.671     0.992188        59233       128.00
      12.199     0.992969        59281       142.22
      12.631     0.993750        59326       160.00
      13.207     0.994531        59373       182.86
      13.735     0.995313        59420       213.33
      14.407     0.996094        59466       256.00
      14.735     0.996484        59490       284.44
      15.199     0.996875        59513       320.00
      15.671     0.997266        59536       365.71
      16.135     0.997656        59560       426.67
      16.927     0.998047        59584       512.00
      17.231     0.998242        59595       568.89
      17.567     0.998437        59608       640.00
      18.047     0.998633        59619       731.43
      18.575     0.998828        59630       853.33
      19.343     0.999023        59641      1024.00
      19.759     0.999121        59647      1137.78
      20.303     0.999219        59653      1280.00
      20.911     0.999316        59659      1462.86
      21.311     0.999414        59665      1706.67
      22.031     0.999512        59671      2048.00
      22.255     0.999561        59673      2275.56
      23.263     0.999609        59676      2560.00
      23.567     0.999658        59679      2925.71
      24.239     0.999707        59682      3413.33
      24.495     0.999756        59685      4096.00
      24.527     0.999780        59686      4551.11
      25.007     0.999805        59688      5120.00
      25.503     0.999829        59689      5851.43
      25.807     0.999854        59691      6826.67
      25.871     0.999878        59692      8192.00
      26.047     0.999890        59693      9102.22
      26.351     0.999902        59694     10240.00
      26.351     0.999915        59694     11702.86
      27.263     0.999927        59695     13653.33
      27.567     0.999939        59696     16384.00
      27.567     0.999945        59696     18204.44
      27.695     0.999951        59697     20480.00
      27.695     0.999957        59697     23405.71
      27.695     0.999963        59697     27306.67
      28.943     0.999969        59698     32768.00
      28.943     0.999973        59698     36408.89
      28.943     0.999976        59698     40960.00
      28.943     0.999979        59698     46811.43
      28.943     0.999982        59698     54613.33
      29.839     0.999985        59699     65536.00
      29.839     1.000000        59699          inf
#[Mean    =        3.615, StdDeviation   =        1.410]
#[Max     =       29.824, Total count    =        59699]
#[Buckets =           27, SubBuckets     =         2048]
----------------------------------------------------------
  89116 requests in 30.00s, 15.64MB read
  Socket errors: connect 0, read 0, write 0, timeout 1
Requests/sec:   2970.50
Transfer/sec:    533.76KB
