Using argument nginx
using  args: threads=4 and connections=512 and duration=30 and requests=5000
Running 30s test @ http://10.10.1.6:8080/wrk2-api/user-timeline/read
  4 threads and 512 connections
  Thread calibration: mean lat.: 6.829ms, rate sampling interval: 21ms
  Thread calibration: mean lat.: 7.371ms, rate sampling interval: 22ms
  Thread calibration: mean lat.: 7.222ms, rate sampling interval: 21ms
  Thread calibration: mean lat.: 7.290ms, rate sampling interval: 22ms
  Thread Stats   Avg      Stdev     99%   +/- Stdev
    Latency     6.43ms    3.27ms  19.42ms   88.72%
    Req/Sec     1.28k   263.76     1.95k    68.44%
  Latency Distribution (HdrHistogram - Recorded Latency)
 50.000%    5.40ms
 75.000%    7.21ms
 90.000%   10.06ms
 99.000%   19.42ms
 99.900%   31.01ms
 99.990%   45.79ms
 99.999%   59.10ms
100.000%   67.71ms

  Detailed Percentile spectrum:
       Value   Percentile   TotalCount 1/(1-Percentile)

       2.795     0.000000            1         1.00
       3.941     0.100000         9995         1.11
       4.291     0.200000        19983         1.25
       4.611     0.300000        29946         1.43
       4.971     0.400000        39898         1.67
       5.403     0.500000        49917         2.00
       5.663     0.550000        54874         2.22
       5.959     0.600000        59838         2.50
       6.299     0.650000        64825         2.86
       6.707     0.700000        69815         3.33
       7.211     0.750000        74780         4.00
       7.503     0.775000        77270         4.44
       7.839     0.800000        79772         5.00
       8.239     0.825000        82267         5.71
       8.727     0.850000        84756         6.67
       9.295     0.875000        87240         8.00
       9.655     0.887500        88496         8.89
      10.055     0.900000        89727        10.00
      10.535     0.912500        90981        11.43
      11.095     0.925000        92220        13.33
      11.767     0.937500        93469        16.00
      12.167     0.943750        94089        17.78
      12.623     0.950000        94713        20.00
      13.167     0.956250        95341        22.86
      13.783     0.962500        95964        26.67
      14.551     0.968750        96582        32.00
      15.007     0.971875        96892        35.56
      15.511     0.975000        97205        40.00
      16.079     0.978125        97514        45.71
      16.703     0.981250        97826        53.33
      17.519     0.984375        98143        64.00
      17.983     0.985938        98298        71.11
      18.495     0.987500        98448        80.00
      19.023     0.989062        98607        91.43
      19.679     0.990625        98761       106.67
      20.543     0.992188        98918       128.00
      21.007     0.992969        98994       142.22
      21.551     0.993750        99071       160.00
      22.159     0.994531        99151       182.86
      22.847     0.995313        99227       213.33
      23.871     0.996094        99305       256.00
      24.303     0.996484        99344       284.44
      24.927     0.996875        99383       320.00
      25.599     0.997266        99423       365.71
      26.367     0.997656        99461       426.67
      27.327     0.998047        99500       512.00
      27.871     0.998242        99519       568.89
      28.527     0.998437        99539       640.00
      29.279     0.998633        99558       731.43
      30.159     0.998828        99578       853.33
      31.103     0.999023        99598      1024.00
      31.583     0.999121        99607      1137.78
      32.415     0.999219        99617      1280.00
      33.151     0.999316        99626      1462.86
      34.047     0.999414        99637      1706.67
      34.911     0.999512        99646      2048.00
      35.167     0.999561        99651      2275.56
      36.063     0.999609        99656      2560.00
      36.991     0.999658        99660      2925.71
      38.879     0.999707        99665      3413.33
      39.839     0.999756        99670      4096.00
      40.191     0.999780        99673      4551.11
      41.951     0.999805        99675      5120.00
      42.751     0.999829        99678      5851.43
      44.063     0.999854        99680      6826.67
      45.407     0.999878        99682      8192.00
      45.791     0.999890        99684      9102.22
      45.919     0.999902        99685     10240.00
      46.207     0.999915        99686     11702.86
      46.879     0.999927        99687     13653.33
      47.231     0.999939        99688     16384.00
      47.423     0.999945        99689     18204.44
      47.871     0.999951        99690     20480.00
      47.871     0.999957        99690     23405.71
      50.943     0.999963        99691     27306.67
      50.943     0.999969        99691     32768.00
      51.231     0.999973        99692     36408.89
      51.231     0.999976        99692     40960.00
      51.231     0.999979        99692     46811.43
      59.103     0.999982        99693     54613.33
      59.103     0.999985        99693     65536.00
      59.103     0.999986        99693     72817.78
      59.103     0.999988        99693     81920.00
      59.103     0.999989        99693     93622.86
      67.711     0.999991        99694    109226.67
      67.711     1.000000        99694          inf
#[Mean    =        6.427, StdDeviation   =        3.265]
#[Max     =       67.648, Total count    =        99694]
#[Buckets =           27, SubBuckets     =         2048]
----------------------------------------------------------
  149798 requests in 30.00s, 26.29MB read
Requests/sec:   4993.38
Transfer/sec:      0.88MB
