Using argument nginx
using  args: threads=8 and connections=512 and duration=30 and requests=15000
Running 30s test @ http://10.10.1.6:5000
  8 threads and 512 connections
  Thread calibration: mean lat.: 529.317ms, rate sampling interval: 2570ms
  Thread calibration: mean lat.: 504.086ms, rate sampling interval: 2201ms
  Thread calibration: mean lat.: 501.173ms, rate sampling interval: 2185ms
  Thread calibration: mean lat.: 525.208ms, rate sampling interval: 2215ms
  Thread calibration: mean lat.: 551.567ms, rate sampling interval: 2336ms
  Thread calibration: mean lat.: 475.604ms, rate sampling interval: 2074ms
  Thread calibration: mean lat.: 502.724ms, rate sampling interval: 2109ms
  Thread calibration: mean lat.: 530.881ms, rate sampling interval: 2193ms
  Thread Stats   Avg      Stdev     99%   +/- Stdev
    Latency   120.59ms  197.16ms   1.07s    91.97%
    Req/Sec     1.91k    59.67     2.07k    72.46%
  Latency Distribution (HdrHistogram - Recorded Latency)
 50.000%   57.41ms
 75.000%  114.75ms
 90.000%  260.86ms
 99.000%    1.07s 
 99.900%    1.74s 
 99.990%    2.21s 
 99.999%    2.45s 
100.000%    2.49s 

  Detailed Percentile spectrum:
       Value   Percentile   TotalCount 1/(1-Percentile)

       0.350     0.000000            1         1.00
      18.543     0.100000        30503         1.11
      27.487     0.200000        60998         1.25
      35.839     0.300000        91550         1.43
      45.375     0.400000       122059         1.67
      57.407     0.500000       152527         2.00
      64.799     0.550000       167741         2.22
      73.599     0.600000       183027         2.50
      84.287     0.650000       198288         2.86
      97.535     0.700000       213479         3.33
     114.751     0.750000       228715         4.00
     125.951     0.775000       236335         4.44
     139.775     0.800000       244012         5.00
     157.439     0.825000       251609         5.71
     180.735     0.850000       259220         6.67
     213.247     0.875000       266836         8.00
     234.495     0.887500       270641         8.89
     260.863     0.900000       274456        10.00
     294.399     0.912500       278254        11.43
     338.175     0.925000       282073        13.33
     402.687     0.937500       285881        16.00
     444.159     0.943750       287793        17.78
     490.239     0.950000       289699        20.00
     542.207     0.956250       291607        22.86
     602.623     0.962500       293506        26.67
     666.623     0.968750       295422        32.00
     701.439     0.971875       296373        35.56
     737.279     0.975000       297315        40.00
     780.799     0.978125       298273        45.71
     835.583     0.981250       299218        53.33
     898.559     0.984375       300177        64.00
     935.935     0.985938       300650        71.11
     976.383     0.987500       301126        80.00
    1028.095     0.989062       301602        91.43
    1091.583     0.990625       302083       106.67
    1154.047     0.992188       302554       128.00
    1189.887     0.992969       302798       142.22
    1230.847     0.993750       303031       160.00
    1272.831     0.994531       303274       182.86
    1324.031     0.995313       303508       213.33
    1377.279     0.996094       303746       256.00
    1406.975     0.996484       303869       284.44
    1434.623     0.996875       303983       320.00
    1465.343     0.997266       304102       365.71
    1498.111     0.997656       304222       426.67
    1544.191     0.998047       304342       512.00
    1567.743     0.998242       304401       568.89
    1610.751     0.998437       304461       640.00
    1648.639     0.998633       304522       731.43
    1690.623     0.998828       304579       853.33
    1745.919     0.999023       304638      1024.00
    1780.735     0.999121       304669      1137.78
    1803.263     0.999219       304698      1280.00
    1862.655     0.999316       304727      1462.86
    1925.119     0.999414       304757      1706.67
    1974.271     0.999512       304787      2048.00
    2011.135     0.999561       304801      2275.56
    2050.047     0.999609       304817      2560.00
    2076.671     0.999658       304831      2925.71
    2115.583     0.999707       304847      3413.33
    2150.399     0.999756       304863      4096.00
    2156.543     0.999780       304868      4551.11
    2164.735     0.999805       304878      5120.00
    2172.927     0.999829       304883      5851.43
    2187.263     0.999854       304894      6826.67
    2195.455     0.999878       304900      8192.00
    2203.647     0.999890       304902      9102.22
    2207.743     0.999902       304906     10240.00
    2215.935     0.999915       304909     11702.86
    2226.175     0.999927       304913     13653.33
    2240.511     0.999939       304917     16384.00
    2248.703     0.999945       304919     18204.44
    2254.847     0.999951       304921     20480.00
    2310.143     0.999957       304922     23405.71
    2361.343     0.999963       304924     27306.67
    2385.919     0.999969       304926     32768.00
    2392.063     0.999973       304927     36408.89
    2412.543     0.999976       304928     40960.00
    2414.591     0.999979       304929     46811.43
    2430.975     0.999982       304930     54613.33
    2433.023     0.999985       304931     65536.00
    2433.023     0.999986       304931     72817.78
    2445.311     0.999988       304932     81920.00
    2445.311     0.999989       304932     93622.86
    2449.407     0.999991       304934    109226.67
    2449.407     0.999992       304934    131072.00
    2449.407     0.999993       304934    145635.56
    2449.407     0.999994       304934    163840.00
    2449.407     0.999995       304934    187245.71
    2449.407     0.999995       304934    218453.33
    2449.407     0.999996       304934    262144.00
    2449.407     0.999997       304934    291271.11
    2486.271     0.999997       304935    327680.00
    2486.271     1.000000       304935          inf
#[Mean    =      120.585, StdDeviation   =      197.155]
#[Max     =     2484.224, Total count    =       304935]
#[Buckets =           27, SubBuckets     =         2048]
----------------------------------------------------------
  447483 requests in 30.00s, 185.12MB read
Requests/sec:  14916.68
Transfer/sec:      6.17MB
