Using argument nginx
using  args: threads=4 and connections=512 and duration=30 and requests=2000
Running 30s test @ http://10.10.1.6:8080
  4 threads and 512 connections
  Thread calibration: mean lat.: 2.807ms, rate sampling interval: 10ms
  Thread calibration: mean lat.: 2.824ms, rate sampling interval: 10ms
  Thread calibration: mean lat.: 2.832ms, rate sampling interval: 10ms
  Thread calibration: mean lat.: 2.827ms, rate sampling interval: 10ms
  Thread Stats   Avg      Stdev     99%   +/- Stdev
    Latency     2.91ms    1.45ms   6.22ms   60.70%
    Req/Sec   525.41    234.51     1.11k    70.18%
  Latency Distribution (HdrHistogram - Recorded Latency)
 50.000%    3.39ms
 75.000%    3.89ms
 90.000%    4.46ms
 99.000%    6.22ms
 99.900%    7.96ms
 99.990%    9.59ms
 99.999%   11.29ms
100.000%   11.29ms

  Detailed Percentile spectrum:
       Value   Percentile   TotalCount 1/(1-Percentile)

       0.426     0.000000            1         1.00
       0.899     0.100000         3991         1.11
       1.043     0.200000         7938         1.25
       2.001     0.300000        11898         1.43
       2.813     0.400000        15861         1.67
       3.387     0.500000        19834         2.00
       3.493     0.550000        21817         2.22
       3.585     0.600000        23794         2.50
       3.681     0.650000        25806         2.86
       3.779     0.700000        27762         3.33
       3.887     0.750000        29775         4.00
       3.947     0.775000        30760         4.44
       4.015     0.800000        31732         5.00
       4.099     0.825000        32738         5.71
       4.195     0.850000        33732         6.67
       4.311     0.875000        34716         8.00
       4.379     0.887500        35191         8.89
       4.463     0.900000        35686        10.00
       4.559     0.912500        36180        11.43
       4.667     0.925000        36680        13.33
       4.807     0.937500        37185        16.00
       4.883     0.943750        37425        17.78
       4.971     0.950000        37668        20.00
       5.071     0.956250        37917        22.86
       5.191     0.962500        38163        26.67
       5.339     0.968750        38411        32.00
       5.423     0.971875        38535        35.56
       5.523     0.975000        38660        40.00
       5.623     0.978125        38782        45.71
       5.739     0.981250        38909        53.33
       5.859     0.984375        39031        64.00
       5.939     0.985938        39094        71.11
       6.027     0.987500        39155        80.00
       6.139     0.989062        39216        91.43
       6.263     0.990625        39279       106.67
       6.423     0.992188        39343       128.00
       6.495     0.992969        39371       142.22
       6.579     0.993750        39403       160.00
       6.659     0.994531        39434       182.86
       6.795     0.995313        39464       213.33
       6.903     0.996094        39497       256.00
       6.995     0.996484        39510       284.44
       7.075     0.996875        39526       320.00
       7.155     0.997266        39541       365.71
       7.291     0.997656        39557       426.67
       7.487     0.998047        39574       512.00
       7.547     0.998242        39581       568.89
       7.647     0.998437        39588       640.00
       7.719     0.998633        39595       731.43
       7.879     0.998828        39603       853.33
       7.967     0.999023        39611      1024.00
       8.075     0.999121        39615      1137.78
       8.155     0.999219        39619      1280.00
       8.239     0.999316        39623      1462.86
       8.431     0.999414        39626      1706.67
       8.487     0.999512        39632      2048.00
       8.487     0.999561        39632      2275.56
       8.703     0.999609        39634      2560.00
       8.759     0.999658        39636      2925.71
       8.855     0.999707        39638      3413.33
       8.999     0.999756        39640      4096.00
       9.103     0.999780        39641      4551.11
       9.351     0.999805        39642      5120.00
       9.519     0.999829        39643      5851.43
       9.543     0.999854        39644      6826.67
       9.591     0.999878        39645      8192.00
       9.591     0.999890        39645      9102.22
       9.655     0.999902        39646     10240.00
       9.655     0.999915        39646     11702.86
       9.871     0.999927        39647     13653.33
       9.871     0.999939        39647     16384.00
       9.871     0.999945        39647     18204.44
       9.975     0.999951        39648     20480.00
       9.975     0.999957        39648     23405.71
       9.975     0.999963        39648     27306.67
       9.975     0.999969        39648     32768.00
       9.975     0.999973        39648     36408.89
      11.287     0.999976        39649     40960.00
      11.287     1.000000        39649          inf
#[Mean    =        2.909, StdDeviation   =        1.449]
#[Max     =       11.280, Total count    =        39649]
#[Buckets =           27, SubBuckets     =         2048]
----------------------------------------------------------
  58712 requests in 30.00s, 462.40MB read
  Socket errors: connect 0, read 0, write 0, timeout 9
Requests/sec:   1957.00
Transfer/sec:     15.41MB
