Using argument nginx
using  args: threads=4 and connections=512 and duration=30 and requests=3000
Running 30s test @ http://10.10.1.6:8080
  4 threads and 512 connections
  Thread calibration: mean lat.: 945.860ms, rate sampling interval: 5631ms
  Thread calibration: mean lat.: 1239.666ms, rate sampling interval: 6205ms
  Thread calibration: mean lat.: 983.657ms, rate sampling interval: 5607ms
  Thread calibration: mean lat.: 1132.440ms, rate sampling interval: 5701ms
  Thread Stats   Avg      Stdev     99%   +/- Stdev
    Latency     8.65s     5.46s   21.73s    61.87%
    Req/Sec   323.75     20.55   369.00     66.67%
  Latency Distribution (HdrHistogram - Recorded Latency)
 50.000%    8.77s 
 75.000%   12.36s 
 90.000%   15.84s 
 99.000%   21.73s 
 99.900%   24.18s 
 99.990%   25.18s 
 99.999%   25.46s 
100.000%   25.46s 

  Detailed Percentile spectrum:
       Value   Percentile   TotalCount 1/(1-Percentile)

       0.822     0.000000            1         1.00
     940.031     0.100000         2616         1.11
    2836.479     0.200000         5233         1.25
    5623.807     0.300000         7852         1.43
    7311.359     0.400000        10464         1.67
    8773.631     0.500000        13083         2.00
    9445.375     0.550000        14398         2.22
   10010.623     0.600000        15695         2.50
   10649.599     0.650000        17015         2.86
   11444.223     0.700000        18312         3.33
   12361.727     0.750000        19626         4.00
   12812.287     0.775000        20278         4.44
   13336.575     0.800000        20927         5.00
   13926.399     0.825000        21590         5.71
   14516.223     0.850000        22235         6.67
   15155.199     0.875000        22894         8.00
   15507.455     0.887500        23223         8.89
   15843.327     0.900000        23550        10.00
   16375.807     0.912500        23876        11.43
   16859.135     0.925000        24204        13.33
   17383.423     0.937500        24529        16.00
   17645.567     0.943750        24689        17.78
   18006.015     0.950000        24853        20.00
   18300.927     0.956250        25020        22.86
   18792.447     0.962500        25183        26.67
   19349.503     0.968750        25342        32.00
   19611.647     0.971875        25430        35.56
   19890.175     0.975000        25507        40.00
   20332.543     0.978125        25587        45.71
   20660.223     0.981250        25673        53.33
   21037.055     0.984375        25750        64.00
   21233.663     0.985938        25794        71.11
   21413.887     0.987500        25836        80.00
   21561.343     0.989062        25873        91.43
   21856.255     0.990625        25917       106.67
   22167.551     0.992188        25955       128.00
   22315.007     0.992969        25975       142.22
   22429.695     0.993750        25995       160.00
   22593.535     0.994531        26016       182.86
   22872.063     0.995313        26038       213.33
   23052.287     0.996094        26056       256.00
   23216.127     0.996484        26067       284.44
   23445.503     0.996875        26077       320.00
   23543.807     0.997266        26087       365.71
   23674.879     0.997656        26097       426.67
   23838.719     0.998047        26107       512.00
   23969.791     0.998242        26113       568.89
   24068.095     0.998437        26120       640.00
   24100.863     0.998633        26124       731.43
   24166.399     0.998828        26129       853.33
   24199.167     0.999023        26133      1024.00
   24363.007     0.999121        26136      1137.78
   24379.391     0.999219        26138      1280.00
   24625.151     0.999316        26141      1462.86
   24723.455     0.999414        26143      1706.67
   24788.991     0.999512        26147      2048.00
   24788.991     0.999561        26147      2275.56
   24838.143     0.999609        26148      2560.00
   24936.447     0.999658        26150      2925.71
   25018.367     0.999707        26151      3413.33
   25034.751     0.999756        26152      4096.00
   25116.671     0.999780        26154      4551.11
   25116.671     0.999805        26154      5120.00
   25116.671     0.999829        26154      5851.43
   25182.207     0.999854        26155      6826.67
   25182.207     0.999878        26155      8192.00
   25247.743     0.999890        26156      9102.22
   25247.743     0.999902        26156     10240.00
   25247.743     0.999915        26156     11702.86
   25296.895     0.999927        26157     13653.33
   25296.895     0.999939        26157     16384.00
   25296.895     0.999945        26157     18204.44
   25296.895     0.999951        26157     20480.00
   25296.895     0.999957        26157     23405.71
   25460.735     0.999963        26158     27306.67
   25460.735     1.000000        26158          inf
#[Mean    =     8654.698, StdDeviation   =     5460.786]
#[Max     =    25444.352, Total count    =        26158]
#[Buckets =           27, SubBuckets     =         2048]
----------------------------------------------------------
  40828 requests in 30.01s, 335.71MB read
  Non-2xx or 3xx responses: 570
Requests/sec:   1360.58
Transfer/sec:     11.19MB
