Using argument nginx
using  args: threads=4 and connections=512 and duration=30 and requests=4000
Running 30s test @ http://10.10.1.6:8080
  4 threads and 512 connections
  Thread calibration: mean lat.: 1460.427ms, rate sampling interval: 8310ms
  Thread calibration: mean lat.: 1256.093ms, rate sampling interval: 8470ms
  Thread calibration: mean lat.: 1373.647ms, rate sampling interval: 8642ms
  Thread calibration: mean lat.: 2090.936ms, rate sampling interval: 10092ms
  Thread Stats   Avg      Stdev     99%   +/- Stdev
    Latency    11.60s     6.60s   26.66s    63.05%
    Req/Sec   308.71     48.20   385.00     42.86%
  Latency Distribution (HdrHistogram - Recorded Latency)
 50.000%   12.39s 
 75.000%   15.94s 
 90.000%   20.25s 
 99.000%   26.66s 
 99.900%   27.77s 
 99.990%   28.28s 
 99.999%   28.38s 
100.000%   28.38s 

  Detailed Percentile spectrum:
       Value   Percentile   TotalCount 1/(1-Percentile)

       0.830     0.000000            1         1.00
    2060.287     0.100000         2476         1.11
    4550.655     0.200000         4952         1.25
    7708.671     0.300000         7427         1.43
   10559.487     0.400000         9902         1.67
   12386.303     0.500000        12380         2.00
   13115.391     0.550000        13632         2.22
   13787.135     0.600000        14865         2.50
   14426.111     0.650000        16097         2.86
   15065.087     0.700000        17331         3.33
   15941.631     0.750000        18566         4.00
   16441.343     0.775000        19191         4.44
   17137.663     0.800000        19809         5.00
   17743.871     0.825000        20438         5.71
   18399.231     0.850000        21049         6.67
   19202.047     0.875000        21662         8.00
   19677.183     0.887500        21974         8.89
   20250.623     0.900000        22281        10.00
   20807.679     0.912500        22597        11.43
   21348.351     0.925000        22908        13.33
   21938.175     0.937500        23215        16.00
   22265.855     0.943750        23363        17.78
   22560.767     0.950000        23518        20.00
   22839.295     0.956250        23675        22.86
   23199.743     0.962500        23828        26.67
   23642.111     0.968750        23981        32.00
   23953.407     0.971875        24059        35.56
   24363.007     0.975000        24142        40.00
   24788.991     0.978125        24213        45.71
   25296.895     0.981250        24291        53.33
   25886.719     0.984375        24370        64.00
   26116.095     0.985938        24407        71.11
   26345.471     0.987500        24447        80.00
   26558.463     0.989062        24488        91.43
   26804.223     0.990625        24522       106.67
   27000.831     0.992188        24567       128.00
   27066.367     0.992969        24581       142.22
   27131.903     0.993750        24600       160.00
   27213.823     0.994531        24619       182.86
   27312.127     0.995313        24641       213.33
   27394.047     0.996094        24658       256.00
   27459.583     0.996484        24675       284.44
   27475.967     0.996875        24679       320.00
   27525.119     0.997266        24689       365.71
   27574.271     0.997656        24696       426.67
   27639.807     0.998047        24707       512.00
   27656.191     0.998242        24711       568.89
   27688.959     0.998437        24718       640.00
   27721.727     0.998633        24723       731.43
   27738.111     0.998828        24728       853.33
   27770.879     0.999023        24730      1024.00
   27803.647     0.999121        24733      1137.78
   27820.031     0.999219        24736      1280.00
   27852.799     0.999316        24738      1462.86
   27869.183     0.999414        24742      1706.67
   27869.183     0.999512        24742      2048.00
   28000.255     0.999561        24744      2275.56
   28098.559     0.999609        24745      2560.00
   28180.479     0.999658        24746      2925.71
   28213.247     0.999707        24747      3413.33
   28246.015     0.999756        24748      4096.00
   28262.399     0.999780        24751      4551.11
   28262.399     0.999805        24751      5120.00
   28262.399     0.999829        24751      5851.43
   28262.399     0.999854        24751      6826.67
   28262.399     0.999878        24751      8192.00
   28278.783     0.999890        24752      9102.22
   28278.783     0.999902        24752     10240.00
   28278.783     0.999915        24752     11702.86
   28327.935     0.999927        24753     13653.33
   28327.935     0.999939        24753     16384.00
   28327.935     0.999945        24753     18204.44
   28327.935     0.999951        24753     20480.00
   28327.935     0.999957        24753     23405.71
   28377.087     0.999963        24754     27306.67
   28377.087     1.000000        24754          inf
#[Mean    =    11599.253, StdDeviation   =     6603.948]
#[Max     =    28360.704, Total count    =        24754]
#[Buckets =           27, SubBuckets     =         2048]
----------------------------------------------------------
  37970 requests in 30.00s, 330.02MB read
  Non-2xx or 3xx responses: 611
Requests/sec:   1265.68
Transfer/sec:     11.00MB
