Using argument nginx
using  args: threads=4 and connections=512 and duration=30 and requests=2500
Running 30s test @ http://10.10.1.5:8080/wrk2-api/user-timeline/read
  4 threads and 512 connections
  Thread calibration: mean lat.: 2.907ms, rate sampling interval: 10ms
  Thread calibration: mean lat.: 2.852ms, rate sampling interval: 10ms
  Thread calibration: mean lat.: 2.808ms, rate sampling interval: 10ms
  Thread calibration: mean lat.: 2.929ms, rate sampling interval: 10ms
  Thread Stats   Avg      Stdev     99%   +/- Stdev
    Latency     3.77ms    7.58ms  45.18ms   97.76%
    Req/Sec   662.02    300.32     1.44k    71.10%
  Latency Distribution (HdrHistogram - Recorded Latency)
 50.000%    2.68ms
 75.000%    2.93ms
 90.000%    3.30ms
 99.000%   45.18ms
 99.900%   99.71ms
 99.990%  119.61ms
 99.999%  128.38ms
100.000%  128.38ms

  Detailed Percentile spectrum:
       Value   Percentile   TotalCount 1/(1-Percentile)

       1.960     0.000000            1         1.00
       2.369     0.100000         5084         1.11
       2.461     0.200000        10055         1.25
       2.537     0.300000        15033         1.43
       2.609     0.400000        19970         1.67
       2.685     0.500000        24996         2.00
       2.725     0.550000        27466         2.22
       2.769     0.600000        30027         2.50
       2.817     0.650000        32529         2.86
       2.871     0.700000        35008         3.33
       2.935     0.750000        37465         4.00
       2.973     0.775000        38734         4.44
       3.015     0.800000        39963         5.00
       3.063     0.825000        41195         5.71
       3.123     0.850000        42449         6.67
       3.197     0.875000        43674         8.00
       3.243     0.887500        44304         8.89
       3.297     0.900000        44939        10.00
       3.363     0.912500        45559        11.43
       3.451     0.925000        46175        13.33
       3.559     0.937500        46798        16.00
       3.645     0.943750        47110        17.78
       3.751     0.950000        47418        20.00
       3.935     0.956250        47730        22.86
       4.271     0.962500        48044        26.67
       5.059     0.968750        48355        32.00
       5.719     0.971875        48510        35.56
       7.631     0.975000        48666        40.00
      12.143     0.978125        48822        45.71
      19.599     0.981250        48979        53.33
      30.719     0.984375        49134        64.00
      35.551     0.985938        49212        71.11
      39.775     0.987500        49290        80.00
      43.135     0.989062        49368        91.43
      48.063     0.990625        49446       106.67
      54.207     0.992188        49524       128.00
      56.031     0.992969        49563       142.22
      59.999     0.993750        49602       160.00
      64.127     0.994531        49641       182.86
      68.607     0.995313        49680       213.33
      72.383     0.996094        49719       256.00
      73.983     0.996484        49738       284.44
      76.991     0.996875        49758       320.00
      79.551     0.997266        49777       365.71
      82.815     0.997656        49797       426.67
      86.143     0.998047        49816       512.00
      88.575     0.998242        49826       568.89
      91.711     0.998437        49836       640.00
      94.015     0.998633        49845       731.43
      97.663     0.998828        49855       853.33
     100.287     0.999023        49865      1024.00
     101.375     0.999121        49870      1137.78
     102.399     0.999219        49875      1280.00
     102.975     0.999316        49879      1462.86
     103.743     0.999414        49884      1706.67
     105.343     0.999512        49889      2048.00
     106.495     0.999561        49893      2275.56
     106.623     0.999609        49894      2560.00
     109.055     0.999658        49896      2925.71
     109.951     0.999707        49899      3413.33
     110.399     0.999756        49901      4096.00
     113.791     0.999780        49903      4551.11
     114.303     0.999805        49905      5120.00
     114.303     0.999829        49905      5851.43
     114.815     0.999854        49906      6826.67
     115.135     0.999878        49907      8192.00
     119.615     0.999890        49908      9102.22
     120.319     0.999902        49909     10240.00
     120.319     0.999915        49909     11702.86
     120.831     0.999927        49910     13653.33
     120.831     0.999939        49910     16384.00
     121.599     0.999945        49911     18204.44
     121.599     0.999951        49911     20480.00
     121.599     0.999957        49911     23405.71
     122.047     0.999963        49912     27306.67
     122.047     0.999969        49912     32768.00
     122.047     0.999973        49912     36408.89
     122.047     0.999976        49912     40960.00
     122.047     0.999979        49912     46811.43
     128.383     0.999982        49913     54613.33
     128.383     1.000000        49913          inf
#[Mean    =        3.766, StdDeviation   =        7.584]
#[Max     =      128.320, Total count    =        49913]
#[Buckets =           27, SubBuckets     =         2048]
----------------------------------------------------------
  74373 requests in 30.00s, 13.05MB read
  Socket errors: connect 0, read 0, write 0, timeout 1
Requests/sec:   2479.00
Transfer/sec:    445.44KB
