Using argument nginx
using  args: threads=4 and connections=512 and duration=30 and requests=18000
Running 30s test @ http://10.10.1.4:5000
  4 threads and 512 connections
  Thread calibration: mean lat.: 1597.704ms, rate sampling interval: 5541ms
  Thread calibration: mean lat.: 1576.814ms, rate sampling interval: 5480ms
  Thread calibration: mean lat.: 1577.904ms, rate sampling interval: 5423ms
  Thread calibration: mean lat.: 1335.461ms, rate sampling interval: 4743ms
  Thread Stats   Avg      Stdev     99%   +/- Stdev
    Latency     5.26s     1.49s    8.45s    63.38%
    Req/Sec     3.44k    88.14     3.53k    69.23%
  Latency Distribution (HdrHistogram - Recorded Latency)
 50.000%    5.25s 
 75.000%    6.39s 
 90.000%    7.26s 
 99.000%    8.45s 
 99.900%    9.31s 
 99.990%    9.95s 
 99.999%   10.08s 
100.000%   10.10s 

  Detailed Percentile spectrum:
       Value   Percentile   TotalCount 1/(1-Percentile)

    1148.927     0.000000            1         1.00
    3289.087     0.100000        27513         1.11
    3852.287     0.200000        54979         1.25
    4341.759     0.300000        82470         1.43
    4808.703     0.400000       109959         1.67
    5251.071     0.500000       137539         2.00
    5464.063     0.550000       151114         2.22
    5685.247     0.600000       164938         2.50
    5918.719     0.650000       178692         2.86
    6148.095     0.700000       192281         3.33
    6389.759     0.750000       206101         4.00
    6512.639     0.775000       212858         4.44
    6651.903     0.800000       219756         5.00
    6791.167     0.825000       226682         5.71
    6938.623     0.850000       233554         6.67
    7090.175     0.875000       240330         8.00
    7172.095     0.887500       243857         8.89
    7258.111     0.900000       247318        10.00
    7352.319     0.912500       250635        11.43
    7454.719     0.925000       254058        13.33
    7569.407     0.937500       257563        16.00
    7639.039     0.943750       259237        17.78
    7704.575     0.950000       260979        20.00
    7786.495     0.956250       262684        22.86
    7872.511     0.962500       264361        26.67
    7958.527     0.968750       266086        32.00
    8007.679     0.971875       266942        35.56
    8060.927     0.975000       267791        40.00
    8118.271     0.978125       268679        45.71
    8187.903     0.981250       269524        53.33
    8273.919     0.984375       270383        64.00
    8314.879     0.985938       270776        71.11
    8364.031     0.987500       271227        80.00
    8413.183     0.989062       271651        91.43
    8478.719     0.990625       272066       106.67
    8560.639     0.992188       272521       128.00
    8593.407     0.992969       272715       142.22
    8634.367     0.993750       272935       160.00
    8683.519     0.994531       273173       182.86
    8724.479     0.995313       273365       213.33
    8790.015     0.996094       273576       256.00
    8830.975     0.996484       273685       284.44
    8880.127     0.996875       273782       320.00
    8929.279     0.997266       273890       365.71
    8978.431     0.997656       274008       426.67
    9027.583     0.998047       274103       512.00
    9060.351     0.998242       274160       568.89
    9109.503     0.998437       274211       640.00
    9175.039     0.998633       274269       731.43
    9240.575     0.998828       274320       853.33
    9330.687     0.999023       274374      1024.00
    9371.647     0.999121       274402      1137.78
    9404.415     0.999219       274425      1280.00
    9445.375     0.999316       274451      1462.86
    9519.103     0.999414       274478      1706.67
    9584.639     0.999512       274504      2048.00
    9650.175     0.999561       274520      2275.56
    9715.711     0.999609       274532      2560.00
    9773.055     0.999658       274545      2925.71
    9822.207     0.999707       274558      3413.33
    9863.167     0.999756       274572      4096.00
    9879.551     0.999780       274580      4551.11
    9887.743     0.999805       274586      5120.00
    9904.127     0.999829       274592      5851.43
    9920.511     0.999854       274602      6826.67
    9928.703     0.999878       274606      8192.00
    9936.895     0.999890       274609      9102.22
    9945.087     0.999902       274612     10240.00
    9969.663     0.999915       274619     11702.86
    9969.663     0.999927       274619     13653.33
    9986.047     0.999939       274623     16384.00
    9986.047     0.999945       274623     18204.44
   10002.431     0.999951       274625     20480.00
   10018.815     0.999957       274627     23405.71
   10027.007     0.999963       274629     27306.67
   10035.199     0.999969       274630     32768.00
   10051.583     0.999973       274631     36408.89
   10067.967     0.999976       274633     40960.00
   10067.967     0.999979       274633     46811.43
   10067.967     0.999982       274633     54613.33
   10076.159     0.999985       274636     65536.00
   10076.159     0.999986       274636     72817.78
   10076.159     0.999988       274636     81920.00
   10076.159     0.999989       274636     93622.86
   10076.159     0.999991       274636    109226.67
   10076.159     0.999992       274636    131072.00
   10100.735     0.999993       274638    145635.56
   10100.735     1.000000       274638          inf
#[Mean    =     5263.397, StdDeviation   =     1490.380]
#[Max     =    10092.544, Total count    =       274638]
#[Buckets =           27, SubBuckets     =         2048]
----------------------------------------------------------
  401106 requests in 30.00s, 165.96MB read
Requests/sec:  13369.47
Transfer/sec:      5.53MB
