Using argument nginx
using  args: threads=4 and connections=512 and duration=30 and requests=14000
Running 30s test @ http://10.10.1.5:5000
  4 threads and 512 connections
  Thread calibration: mean lat.: 54.382ms, rate sampling interval: 244ms
  Thread calibration: mean lat.: 52.543ms, rate sampling interval: 237ms
  Thread calibration: mean lat.: 50.373ms, rate sampling interval: 228ms
  Thread calibration: mean lat.: 45.593ms, rate sampling interval: 190ms
  Thread Stats   Avg      Stdev     99%   +/- Stdev
    Latency    22.27ms   16.34ms  83.58ms   80.51%
    Req/Sec     3.52k   174.35     3.89k    66.20%
  Latency Distribution (HdrHistogram - Recorded Latency)
 50.000%   18.35ms
 75.000%   27.95ms
 90.000%   42.14ms
 99.000%   83.58ms
 99.900%  126.59ms
 99.990%  158.21ms
 99.999%  183.17ms
100.000%  189.57ms

  Detailed Percentile spectrum:
       Value   Percentile   TotalCount 1/(1-Percentile)

       0.375     0.000000            1         1.00
       6.927     0.100000        27912         1.11
       9.999     0.200000        55842         1.25
      12.855     0.300000        83732         1.43
      15.559     0.400000       111677         1.67
      18.351     0.500000       139660         2.00
      19.839     0.550000       153582         2.22
      21.487     0.600000       167527         2.50
      23.311     0.650000       181453         2.86
      25.391     0.700000       195357         3.33
      27.951     0.750000       209336         4.00
      29.471     0.775000       216343         4.44
      31.199     0.800000       223285         5.00
      33.183     0.825000       230314         5.71
      35.551     0.850000       237261         6.67
      38.463     0.875000       244253         8.00
      40.159     0.887500       247716         8.89
      42.143     0.900000       251219        10.00
      44.255     0.912500       254657        11.43
      46.815     0.925000       258146        13.33
      49.919     0.937500       261642        16.00
      51.775     0.943750       263385        17.78
      53.791     0.950000       265127        20.00
      56.191     0.956250       266880        22.86
      59.007     0.962500       268625        26.67
      62.239     0.968750       270365        32.00
      64.127     0.971875       271228        35.56
      66.303     0.975000       272109        40.00
      68.799     0.978125       272978        45.71
      71.679     0.981250       273859        53.33
      74.943     0.984375       274728        64.00
      76.927     0.985938       275164        71.11
      79.103     0.987500       275599        80.00
      81.727     0.989062       276025        91.43
      84.863     0.990625       276461       106.67
      88.063     0.992188       276898       128.00
      89.855     0.992969       277115       142.22
      91.967     0.993750       277339       160.00
      94.847     0.994531       277553       182.86
      97.791     0.995313       277768       213.33
     101.055     0.996094       277988       256.00
     102.847     0.996484       278095       284.44
     105.151     0.996875       278207       320.00
     107.775     0.997266       278315       365.71
     110.783     0.997656       278425       426.67
     113.983     0.998047       278531       512.00
     116.095     0.998242       278588       568.89
     118.271     0.998437       278640       640.00
     120.831     0.998633       278695       731.43
     123.711     0.998828       278750       853.33
     127.103     0.999023       278804      1024.00
     128.511     0.999121       278831      1137.78
     130.111     0.999219       278858      1280.00
     132.735     0.999316       278886      1462.86
     135.039     0.999414       278915      1706.67
     137.983     0.999512       278940      2048.00
     140.159     0.999561       278954      2275.56
     142.079     0.999609       278967      2560.00
     143.871     0.999658       278983      2925.71
     146.687     0.999707       278995      3413.33
     149.375     0.999756       279008      4096.00
     150.911     0.999780       279015      4551.11
     152.959     0.999805       279023      5120.00
     154.239     0.999829       279029      5851.43
     155.263     0.999854       279037      6826.67
     156.415     0.999878       279042      8192.00
     157.439     0.999890       279046      9102.22
     158.591     0.999902       279049     10240.00
     161.023     0.999915       279053     11702.86
     163.583     0.999927       279056     13653.33
     163.711     0.999939       279059     16384.00
     165.759     0.999945       279061     18204.44
     166.527     0.999951       279063     20480.00
     172.799     0.999957       279065     23405.71
     174.719     0.999963       279066     27306.67
     175.615     0.999969       279068     32768.00
     175.871     0.999973       279069     36408.89
     178.431     0.999976       279070     40960.00
     178.815     0.999979       279071     46811.43
     178.815     0.999982       279071     54613.33
     181.631     0.999985       279072     65536.00
     183.167     0.999986       279073     72817.78
     183.167     0.999988       279073     81920.00
     183.295     0.999989       279074     93622.86
     183.295     0.999991       279074    109226.67
     183.295     0.999992       279074    131072.00
     188.543     0.999993       279075    145635.56
     188.543     0.999994       279075    163840.00
     188.543     0.999995       279075    187245.71
     188.543     0.999995       279075    218453.33
     188.543     0.999996       279075    262144.00
     189.567     0.999997       279076    291271.11
     189.567     1.000000       279076          inf
#[Mean    =       22.267, StdDeviation   =       16.343]
#[Max     =      189.440, Total count    =       279076]
#[Buckets =           27, SubBuckets     =         2048]
----------------------------------------------------------
  416301 requests in 30.00s, 172.43MB read
Requests/sec:  13876.97
Transfer/sec:      5.75MB
