Using argument nginx
using  args: threads=4 and connections=512 and duration=30 and requests=16000
Running 30s test @ http://10.10.1.6:5000
  4 threads and 512 connections
  Thread calibration: mean lat.: 231.657ms, rate sampling interval: 1433ms
  Thread calibration: mean lat.: 236.322ms, rate sampling interval: 1387ms
  Thread calibration: mean lat.: 71.377ms, rate sampling interval: 313ms
  Thread calibration: mean lat.: 70.397ms, rate sampling interval: 295ms
  Thread Stats   Avg      Stdev     99%   +/- Stdev
    Latency    35.57ms   32.16ms 156.29ms   84.80%
    Req/Sec     4.02k   246.15     4.52k    74.52%
  Latency Distribution (HdrHistogram - Recorded Latency)
 50.000%   25.30ms
 75.000%   45.38ms
 90.000%   76.80ms
 99.000%  156.29ms
 99.900%  228.74ms
 99.990%  312.06ms
 99.999%  380.42ms
100.000%  407.81ms

  Detailed Percentile spectrum:
       Value   Percentile   TotalCount 1/(1-Percentile)

       0.339     0.000000            1         1.00
       8.439     0.100000        31917         1.11
      12.767     0.200000        63779         1.25
      16.703     0.300000        95671         1.43
      20.671     0.400000       127522         1.67
      25.295     0.500000       159373         2.00
      27.983     0.550000       175357         2.22
      31.167     0.600000       191296         2.50
      35.007     0.650000       207261         2.86
      39.711     0.700000       223217         3.33
      45.375     0.750000       239117         4.00
      48.767     0.775000       247022         4.44
      52.671     0.800000       255035         5.00
      57.119     0.825000       262941         5.71
      62.431     0.850000       270921         6.67
      68.927     0.875000       278911         8.00
      72.703     0.887500       282907         8.89
      76.799     0.900000       286876        10.00
      81.599     0.912500       290846        11.43
      87.039     0.925000       294845        13.33
      93.631     0.937500       298794        16.00
      97.279     0.943750       300789        17.78
     101.375     0.950000       302788        20.00
     106.239     0.956250       304792        22.86
     111.807     0.962500       306767        26.67
     118.079     0.968750       308760        32.00
     121.791     0.971875       309759        35.56
     125.759     0.975000       310765        40.00
     130.175     0.978125       311751        45.71
     135.295     0.981250       312739        53.33
     141.311     0.984375       313737        64.00
     145.023     0.985938       314246        71.11
     148.863     0.987500       314743        80.00
     153.343     0.989062       315236        91.43
     158.335     0.990625       315732       106.67
     164.607     0.992188       316230       128.00
     168.191     0.992969       316477       142.22
     172.159     0.993750       316727       160.00
     176.639     0.994531       316972       182.86
     181.631     0.995313       317224       213.33
     187.135     0.996094       317471       256.00
     190.207     0.996484       317594       284.44
     194.175     0.996875       317720       320.00
     198.783     0.997266       317841       365.71
     203.263     0.997656       317966       426.67
     209.023     0.998047       318093       512.00
     212.095     0.998242       318152       568.89
     215.295     0.998437       318217       640.00
     220.031     0.998633       318278       731.43
     223.615     0.998828       318340       853.33
     229.375     0.999023       318401      1024.00
     233.343     0.999121       318432      1137.78
     236.671     0.999219       318464      1280.00
     241.279     0.999316       318496      1462.86
     244.863     0.999414       318527      1706.67
     248.703     0.999512       318557      2048.00
     252.287     0.999561       318572      2275.56
     257.663     0.999609       318588      2560.00
     261.247     0.999658       318604      2925.71
     266.751     0.999707       318619      3413.33
     272.383     0.999756       318635      4096.00
     276.735     0.999780       318642      4551.11
     280.063     0.999805       318650      5120.00
     282.111     0.999829       318658      5851.43
     293.887     0.999854       318666      6826.67
     305.151     0.999878       318674      8192.00
     311.295     0.999890       318677      9102.22
     312.319     0.999902       318681     10240.00
     318.463     0.999915       318685     11702.86
     325.375     0.999927       318689     13653.33
     332.543     0.999939       318693     16384.00
     336.639     0.999945       318695     18204.44
     339.711     0.999951       318697     20480.00
     343.807     0.999957       318699     23405.71
     346.879     0.999963       318701     27306.67
     349.183     0.999969       318704     32768.00
     349.183     0.999973       318704     36408.89
     350.975     0.999976       318705     40960.00
     351.231     0.999979       318706     46811.43
     357.887     0.999982       318707     54613.33
     368.895     0.999985       318708     65536.00
     368.895     0.999986       318708     72817.78
     380.415     0.999988       318709     81920.00
     380.415     0.999989       318709     93622.86
     386.047     0.999991       318710    109226.67
     386.047     0.999992       318710    131072.00
     386.047     0.999993       318710    145635.56
     389.887     0.999994       318711    163840.00
     389.887     0.999995       318711    187245.71
     389.887     0.999995       318711    218453.33
     389.887     0.999996       318711    262144.00
     389.887     0.999997       318711    291271.11
     407.807     0.999997       318712    327680.00
     407.807     1.000000       318712          inf
#[Mean    =       35.573, StdDeviation   =       32.157]
#[Max     =      407.552, Total count    =       318712]
#[Buckets =           27, SubBuckets     =         2048]
----------------------------------------------------------
  471824 requests in 30.00s, 195.13MB read
Requests/sec:  15727.46
Transfer/sec:      6.50MB
