Using argument nginx
using  args: threads=4 and connections=512 and duration=30 and requests=2000
Running 30s test @ http://10.10.1.8:8080
  4 threads and 512 connections
  Thread calibration: mean lat.: 1.703ms, rate sampling interval: 10ms
  Thread calibration: mean lat.: 1.799ms, rate sampling interval: 10ms
  Thread calibration: mean lat.: 1.717ms, rate sampling interval: 10ms
  Thread calibration: mean lat.: 1.778ms, rate sampling interval: 10ms
  Thread Stats   Avg      Stdev     99%   +/- Stdev
    Latency     2.63ms    1.57ms   6.15ms   55.23%
    Req/Sec   526.20    234.92     1.11k    69.43%
  Latency Distribution (HdrHistogram - Recorded Latency)
 50.000%    3.05ms
 75.000%    3.82ms
 90.000%    4.43ms
 99.000%    6.15ms
 99.900%    7.98ms
 99.990%    9.70ms
 99.999%   11.47ms
100.000%   11.47ms

  Detailed Percentile spectrum:
       Value   Percentile   TotalCount 1/(1-Percentile)

       0.374     0.000000            1         1.00
       0.678     0.100000         3976         1.11
       0.855     0.200000         7956         1.25
       1.023     0.300000        11913         1.43
       2.199     0.400000        15879         1.67
       3.051     0.500000        19847         2.00
       3.311     0.550000        21830         2.22
       3.467     0.600000        23824         2.50
       3.585     0.650000        25820         2.86
       3.695     0.700000        27783         3.33
       3.815     0.750000        29797         4.00
       3.885     0.775000        30783         4.44
       3.957     0.800000        31754         5.00
       4.037     0.825000        32747         5.71
       4.139     0.850000        33755         6.67
       4.271     0.875000        34749         8.00
       4.347     0.887500        35248         8.89
       4.427     0.900000        35726        10.00
       4.531     0.912500        36223        11.43
       4.647     0.925000        36719        13.33
       4.775     0.937500        37212        16.00
       4.863     0.943750        37462        17.78
       4.951     0.950000        37706        20.00
       5.051     0.956250        37957        22.86
       5.179     0.962500        38202        26.67
       5.319     0.968750        38454        32.00
       5.395     0.971875        38579        35.56
       5.487     0.975000        38699        40.00
       5.599     0.978125        38821        45.71
       5.703     0.981250        38949        53.33
       5.843     0.984375        39071        64.00
       5.911     0.985938        39131        71.11
       5.983     0.987500        39194        80.00
       6.087     0.989062        39258        91.43
       6.187     0.990625        39317       106.67
       6.311     0.992188        39380       128.00
       6.395     0.992969        39411       142.22
       6.475     0.993750        39441       160.00
       6.559     0.994531        39472       182.86
       6.695     0.995313        39503       213.33
       6.919     0.996094        39534       256.00
       7.011     0.996484        39551       284.44
       7.131     0.996875        39565       320.00
       7.235     0.997266        39581       365.71
       7.355     0.997656        39596       426.67
       7.559     0.998047        39612       512.00
       7.619     0.998242        39621       568.89
       7.727     0.998437        39628       640.00
       7.831     0.998633        39636       731.43
       7.891     0.998828        39643       853.33
       8.035     0.999023        39651      1024.00
       8.099     0.999121        39655      1137.78
       8.147     0.999219        39658      1280.00
       8.367     0.999316        39662      1462.86
       8.471     0.999414        39666      1706.67
       8.711     0.999512        39670      2048.00
       8.767     0.999561        39672      2275.56
       8.983     0.999609        39674      2560.00
       9.047     0.999658        39676      2925.71
       9.351     0.999707        39678      3413.33
       9.479     0.999756        39680      4096.00
       9.551     0.999780        39681      4551.11
       9.607     0.999805        39682      5120.00
       9.663     0.999829        39683      5851.43
       9.679     0.999854        39684      6826.67
       9.703     0.999878        39685      8192.00
       9.703     0.999890        39685      9102.22
      10.327     0.999902        39686     10240.00
      10.327     0.999915        39686     11702.86
      11.079     0.999927        39687     13653.33
      11.079     0.999939        39687     16384.00
      11.079     0.999945        39687     18204.44
      11.207     0.999951        39688     20480.00
      11.207     0.999957        39688     23405.71
      11.207     0.999963        39688     27306.67
      11.207     0.999969        39688     32768.00
      11.207     0.999973        39688     36408.89
      11.471     0.999976        39689     40960.00
      11.471     1.000000        39689          inf
#[Mean    =        2.630, StdDeviation   =        1.574]
#[Max     =       11.464, Total count    =        39689]
#[Buckets =           27, SubBuckets     =         2048]
----------------------------------------------------------
  59191 requests in 30.00s, 327.67MB read
  Socket errors: connect 0, read 0, write 0, timeout 8
Requests/sec:   1972.90
Transfer/sec:     10.92MB
