Using argument nginx
using  args: threads=4 and connections=512 and duration=30 and requests=4000
Running 30s test @ http://10.10.1.5:8080
  4 threads and 512 connections
  Thread calibration: mean lat.: 552.202ms, rate sampling interval: 5234ms
  Thread calibration: mean lat.: 547.391ms, rate sampling interval: 5640ms
  Thread calibration: mean lat.: 530.317ms, rate sampling interval: 5259ms
  Thread calibration: mean lat.: 572.482ms, rate sampling interval: 5234ms
  Thread Stats   Avg      Stdev     99%   +/- Stdev
    Latency     7.07s     4.96s   19.89s    65.00%
    Req/Sec   398.33     33.89   441.00     75.00%
  Latency Distribution (HdrHistogram - Recorded Latency)
 50.000%    6.64s 
 75.000%   10.59s 
 90.000%   13.90s 
 99.000%   19.89s 
 99.900%   22.64s 
 99.990%   23.20s 
 99.999%   23.71s 
100.000%   23.71s 

  Detailed Percentile spectrum:
       Value   Percentile   TotalCount 1/(1-Percentile)

       0.499     0.000000            1         1.00
    1200.127     0.100000         3072         1.11
    2312.191     0.200000         6140         1.25
    3299.327     0.300000         9208         1.43
    4702.207     0.400000        12278         1.67
    6639.615     0.500000        15354         2.00
    7421.951     0.550000        16883         2.22
    8118.271     0.600000        18424         2.50
    8871.935     0.650000        19960         2.86
    9592.831     0.700000        21490         3.33
   10592.255     0.750000        23023         4.00
   11100.159     0.775000        23794         4.44
   11534.335     0.800000        24567         5.00
   11976.703     0.825000        25331         5.71
   12484.607     0.850000        26088         6.67
   13099.007     0.875000        26857         8.00
   13475.839     0.887500        27247         8.89
   13901.823     0.900000        27628        10.00
   14295.039     0.912500        28007        11.43
   14868.479     0.925000        28392        13.33
   15507.455     0.937500        28776        16.00
   15867.903     0.943750        28966        17.78
   16277.503     0.950000        29159        20.00
   16637.951     0.956250        29352        22.86
   16973.823     0.962500        29547        26.67
   17465.343     0.968750        29736        32.00
   17743.871     0.971875        29828        35.56
   18006.015     0.975000        29929        40.00
   18268.159     0.978125        30026        45.71
   18546.687     0.981250        30118        53.33
   18956.287     0.984375        30218        64.00
   19152.895     0.985938        30262        71.11
   19447.807     0.987500        30312        80.00
   19693.567     0.989062        30358        91.43
   19988.479     0.990625        30404       106.67
   20316.159     0.992188        30452       128.00
   20561.919     0.992969        30476       142.22
   20758.527     0.993750        30502       160.00
   21004.287     0.994531        30524       182.86
   21348.351     0.995313        30548       213.33
   21561.343     0.996094        30573       256.00
   21741.567     0.996484        30584       284.44
   21807.103     0.996875        30598       320.00
   21921.791     0.997266        30608       365.71
   22134.783     0.997656        30620       426.67
   22347.775     0.998047        30636       512.00
   22396.927     0.998242        30639       568.89
   22478.847     0.998437        30644       640.00
   22560.767     0.998633        30650       731.43
   22609.919     0.998828        30659       853.33
   22659.071     0.999023        30662      1024.00
   22708.223     0.999121        30665      1137.78
   22757.375     0.999219        30668      1280.00
   22790.143     0.999316        30671      1462.86
   22855.679     0.999414        30675      1706.67
   22921.215     0.999512        30678      2048.00
   22921.215     0.999561        30678      2275.56
   22970.367     0.999609        30680      2560.00
   22986.751     0.999658        30681      2925.71
   23019.519     0.999707        30684      3413.33
   23019.519     0.999756        30684      4096.00
   23052.287     0.999780        30685      4551.11
   23134.207     0.999805        30687      5120.00
   23134.207     0.999829        30687      5851.43
   23134.207     0.999854        30687      6826.67
   23199.743     0.999878        30688      8192.00
   23199.743     0.999890        30688      9102.22
   23281.663     0.999902        30689     10240.00
   23281.663     0.999915        30689     11702.86
   23281.663     0.999927        30689     13653.33
   23494.655     0.999939        30690     16384.00
   23494.655     0.999945        30690     18204.44
   23494.655     0.999951        30690     20480.00
   23494.655     0.999957        30690     23405.71
   23494.655     0.999963        30690     27306.67
   23707.647     0.999969        30691     32768.00
   23707.647     1.000000        30691          inf
#[Mean    =     7072.409, StdDeviation   =     4957.188]
#[Max     =    23691.264, Total count    =        30691]
#[Buckets =           27, SubBuckets     =         2048]
----------------------------------------------------------
  57253 requests in 30.02s, 304.52MB read
  Non-2xx or 3xx responses: 739
Requests/sec:   1907.04
Transfer/sec:     10.14MB
