Using argument nginx
using  args: threads=4 and connections=512 and duration=30 and requests=3000
Running 30s test @ http://10.10.1.8:8080/wrk2-api/user-timeline/read
  4 threads and 512 connections
  Thread calibration: mean lat.: 5.123ms, rate sampling interval: 10ms
  Thread calibration: mean lat.: 5.071ms, rate sampling interval: 10ms
  Thread calibration: mean lat.: 5.033ms, rate sampling interval: 10ms
  Thread calibration: mean lat.: 3.771ms, rate sampling interval: 10ms
  Thread Stats   Avg      Stdev     99%   +/- Stdev
    Latency     3.96ms    3.00ms  18.46ms   97.52%
    Req/Sec   791.68    304.57     1.60k    67.98%
  Latency Distribution (HdrHistogram - Recorded Latency)
 50.000%    3.48ms
 75.000%    3.89ms
 90.000%    4.49ms
 99.000%   18.46ms
 99.900%   44.19ms
 99.990%   62.75ms
 99.999%   68.48ms
100.000%   69.44ms

  Detailed Percentile spectrum:
       Value   Percentile   TotalCount 1/(1-Percentile)

       2.303     0.000000            1         1.00
       2.951     0.100000         6032         1.11
       3.103     0.200000        11983         1.25
       3.231     0.300000        17982         1.43
       3.355     0.400000        23967         1.67
       3.479     0.500000        29944         2.00
       3.547     0.550000        32898         2.22
       3.617     0.600000        35868         2.50
       3.697     0.650000        38869         2.86
       3.787     0.700000        41849         3.33
       3.893     0.750000        44791         4.00
       3.957     0.775000        46280         4.44
       4.029     0.800000        47777         5.00
       4.115     0.825000        49308         5.71
       4.211     0.850000        50772         6.67
       4.331     0.875000        52242         8.00
       4.403     0.887500        53006         8.89
       4.491     0.900000        53758        10.00
       4.599     0.912500        54486        11.43
       4.739     0.925000        55238        13.33
       4.927     0.937500        55977        16.00
       5.059     0.943750        56347        17.78
       5.227     0.950000        56720        20.00
       5.451     0.956250        57094        22.86
       5.747     0.962500        57463        26.67
       6.239     0.968750        57837        32.00
       6.523     0.971875        58024        35.56
       6.939     0.975000        58210        40.00
       7.695     0.978125        58396        45.71
       9.319     0.981250        58582        53.33
      12.431     0.984375        58770        64.00
      14.231     0.985938        58862        71.11
      15.735     0.987500        58955        80.00
      17.519     0.989062        59049        91.43
      19.247     0.990625        59142       106.67
      21.487     0.992188        59235       128.00
      22.495     0.992969        59282       142.22
      23.983     0.993750        59328       160.00
      25.279     0.994531        59376       182.86
      27.455     0.995313        59422       213.33
      29.439     0.996094        59468       256.00
      30.447     0.996484        59492       284.44
      31.839     0.996875        59515       320.00
      33.087     0.997266        59538       365.71
      34.591     0.997656        59562       426.67
      36.575     0.998047        59585       512.00
      37.727     0.998242        59597       568.89
      38.239     0.998437        59608       640.00
      39.999     0.998633        59620       731.43
      42.239     0.998828        59632       853.33
      44.383     0.999023        59643      1024.00
      45.343     0.999121        59649      1137.78
      46.463     0.999219        59655      1280.00
      47.423     0.999316        59661      1462.86
      48.415     0.999414        59667      1706.67
      50.239     0.999512        59672      2048.00
      52.127     0.999561        59676      2275.56
      52.863     0.999609        59678      2560.00
      52.991     0.999658        59681      2925.71
      53.951     0.999707        59684      3413.33
      54.879     0.999756        59687      4096.00
      55.871     0.999780        59688      4551.11
      55.999     0.999805        59690      5120.00
      58.047     0.999829        59691      5851.43
      60.127     0.999854        59693      6826.67
      61.791     0.999878        59694      8192.00
      62.751     0.999890        59695      9102.22
      62.879     0.999902        59696     10240.00
      62.879     0.999915        59696     11702.86
      66.751     0.999927        59697     13653.33
      67.135     0.999939        59698     16384.00
      67.135     0.999945        59698     18204.44
      67.583     0.999951        59699     20480.00
      67.583     0.999957        59699     23405.71
      67.583     0.999963        59699     27306.67
      68.479     0.999969        59700     32768.00
      68.479     0.999973        59700     36408.89
      68.479     0.999976        59700     40960.00
      68.479     0.999979        59700     46811.43
      68.479     0.999982        59700     54613.33
      69.439     0.999985        59701     65536.00
      69.439     1.000000        59701          inf
#[Mean    =        3.958, StdDeviation   =        3.003]
#[Max     =       69.376, Total count    =        59701]
#[Buckets =           27, SubBuckets     =         2048]
----------------------------------------------------------
  89121 requests in 30.00s, 15.64MB read
  Socket errors: connect 0, read 0, write 0, timeout 1
  Non-2xx or 3xx responses: 1
Requests/sec:   2970.65
Transfer/sec:    533.79KB
