No argument supplied nginx
using  args: threads=4 and connections=512 and duration=30 and requests=10000
Running 30s test @ http://localhost:5000
  4 threads and 512 connections
  Thread calibration: mean lat.: 3077.777ms, rate sampling interval: 11460ms
  Thread calibration: mean lat.: 3090.595ms, rate sampling interval: 11329ms
  Thread calibration: mean lat.: 3098.095ms, rate sampling interval: 11419ms
  Thread calibration: mean lat.: 3095.677ms, rate sampling interval: 11304ms
  Thread Stats   Avg      Stdev     99%   +/- Stdev
    Latency    12.58s     3.66s   19.38s    58.66%
    Req/Sec     0.92k     4.72     0.93k    75.00%
  Latency Distribution (HdrHistogram - Recorded Latency)
 50.000%   12.52s 
 75.000%   15.67s 
 90.000%   17.61s 
 99.000%   19.38s 
 99.900%   20.14s 
 99.990%   20.86s 
 99.999%   20.96s 
100.000%   21.10s 

  Detailed Percentile spectrum:
       Value   Percentile   TotalCount 1/(1-Percentile)

    4624.383     0.000000            1         1.00
    7602.175     0.100000         7307         1.11
    8814.591     0.200000        14609         1.25
   10100.735     0.300000        21912         1.43
   11329.535     0.400000        29231         1.67
   12517.375     0.500000        36504         2.00
   13156.351     0.550000        40203         2.22
   13762.559     0.600000        43828         2.50
   14385.151     0.650000        47486         2.86
   15024.127     0.700000        51130         3.33
   15671.295     0.750000        54767         4.00
   15998.975     0.775000        56605         4.44
   16310.271     0.800000        58405         5.00
   16629.759     0.825000        60254         5.71
   16941.055     0.850000        62095         6.67
   17268.735     0.875000        63922         8.00
   17432.575     0.887500        64825         8.89
   17612.799     0.900000        65754        10.00
   17793.023     0.912500        66674        11.43
   17973.247     0.925000        67553        13.33
   18169.855     0.937500        68457        16.00
   18268.159     0.943750        68909        17.78
   18382.847     0.950000        69399        20.00
   18497.535     0.956250        69820        22.86
   18628.607     0.962500        70296        26.67
   18759.679     0.968750        70764        32.00
   18841.599     0.971875        70995        35.56
   18907.135     0.975000        71206        40.00
   18989.055     0.978125        71449        45.71
   19070.975     0.981250        71642        53.33
   19169.279     0.984375        71863        64.00
   19234.815     0.985938        72009        71.11
   19283.967     0.987500        72109        80.00
   19349.503     0.989062        72230        91.43
   19415.039     0.990625        72336       106.67
   19480.575     0.992188        72436       128.00
   19529.727     0.992969        72508       142.22
   19562.495     0.993750        72551       160.00
   19611.647     0.994531        72608       182.86
   19677.183     0.995313        72672       213.33
   19726.335     0.996094        72719       256.00
   19759.103     0.996484        72750       284.44
   19791.871     0.996875        72781       320.00
   19841.023     0.997266        72806       365.71
   19890.175     0.997656        72841       426.67
   19939.327     0.998047        72861       512.00
   19972.095     0.998242        72877       568.89
   20004.863     0.998437        72892       640.00
   20054.015     0.998633        72908       731.43
   20103.167     0.998828        72924       853.33
   20152.319     0.999023        72936      1024.00
   20168.703     0.999121        72941      1137.78
   20185.087     0.999219        72946      1280.00
   20217.855     0.999316        72957      1462.86
   20267.007     0.999414        72963      1706.67
   20316.159     0.999512        72968      2048.00
   20348.927     0.999561        72971      2275.56
   20381.695     0.999609        72975      2560.00
   20447.231     0.999658        72979      2925.71
   20496.383     0.999707        72983      3413.33
   20561.919     0.999756        72986      4096.00
   20578.303     0.999780        72987      4551.11
   20676.607     0.999805        72989      5120.00
   20709.375     0.999829        72992      5851.43
   20758.527     0.999854        72993      6826.67
   20856.831     0.999878        72996      8192.00
   20856.831     0.999890        72996      9102.22
   20856.831     0.999902        72996     10240.00
   20873.215     0.999915        72998     11702.86
   20873.215     0.999927        72998     13653.33
   20889.599     0.999939        72999     16384.00
   20889.599     0.999945        72999     18204.44
   20938.751     0.999951        73001     20480.00
   20938.751     0.999957        73001     23405.71
   20938.751     0.999963        73001     27306.67
   20938.751     0.999969        73001     32768.00
   20938.751     0.999973        73001     36408.89
   20955.135     0.999976        73002     40960.00
   20955.135     0.999979        73002     46811.43
   20955.135     0.999982        73002     54613.33
   20955.135     0.999985        73002     65536.00
   20955.135     0.999986        73002     72817.78
   21102.591     0.999988        73003     81920.00
   21102.591     1.000000        73003          inf
#[Mean    =    12577.794, StdDeviation   =     3660.367]
#[Max     =    21086.208, Total count    =        73003]
#[Buckets =           27, SubBuckets     =         2048]
----------------------------------------------------------
  110062 requests in 30.06s, 45.55MB read
Requests/sec:   3661.69
Transfer/sec:      1.52MB
