No argument supplied nginx
using  args: threads=4 and connections=512 and duration=30 and requests=1500
Running 30s test @ http://localhost:5000
  4 threads and 512 connections
  Thread calibration: mean lat.: 2.907ms, rate sampling interval: 10ms
  Thread calibration: mean lat.: 2.926ms, rate sampling interval: 10ms
  Thread calibration: mean lat.: 2.946ms, rate sampling interval: 10ms
  Thread calibration: mean lat.: 2.936ms, rate sampling interval: 10ms
  Thread Stats   Avg      Stdev     99%   +/- Stdev
    Latency     2.91ms    1.34ms   7.22ms   78.30%
    Req/Sec   393.48    208.63     1.00k    75.15%
  Latency Distribution (HdrHistogram - Recorded Latency)
 50.000%    2.53ms
 75.000%    3.53ms
 90.000%    4.65ms
 99.000%    7.22ms
 99.900%   11.00ms
 99.990%   21.39ms
 99.999%   26.13ms
100.000%   26.13ms

  Detailed Percentile spectrum:
       Value   Percentile   TotalCount 1/(1-Percentile)

       0.974     0.000000            1         1.00
       1.612     0.100000         2967         1.11
       1.919     0.200000         5936         1.25
       2.089     0.300000         8937         1.43
       2.265     0.400000        11887         1.67
       2.533     0.500000        14838         2.00
       2.653     0.550000        16327         2.22
       2.859     0.600000        17811         2.50
       3.061     0.650000        19299         2.86
       3.273     0.700000        20776         3.33
       3.531     0.750000        22254         4.00
       3.641     0.775000        23006         4.44
       3.779     0.800000        23742         5.00
       3.959     0.825000        24485         5.71
       4.135     0.850000        25231         6.67
       4.383     0.875000        25961         8.00
       4.515     0.887500        26337         8.89
       4.655     0.900000        26709        10.00
       4.799     0.912500        27079        11.43
       5.011     0.925000        27454        13.33
       5.211     0.937500        27820        16.00
       5.327     0.943750        28000        17.78
       5.483     0.950000        28191        20.00
       5.631     0.956250        28376        22.86
       5.787     0.962500        28559        26.67
       6.023     0.968750        28745        32.00
       6.147     0.971875        28835        35.56
       6.267     0.975000        28929        40.00
       6.383     0.978125        29020        45.71
       6.563     0.981250        29113        53.33
       6.747     0.984375        29206        64.00
       6.851     0.985938        29252        71.11
       6.979     0.987500        29298        80.00
       7.139     0.989062        29344        91.43
       7.279     0.990625        29391       106.67
       7.443     0.992188        29437       128.00
       7.519     0.992969        29460       142.22
       7.715     0.993750        29483       160.00
       7.839     0.994531        29507       182.86
       7.987     0.995313        29529       213.33
       8.191     0.996094        29553       256.00
       8.399     0.996484        29564       284.44
       8.559     0.996875        29576       320.00
       8.879     0.997266        29587       365.71
       9.415     0.997656        29599       426.67
       9.639     0.998047        29611       512.00
       9.791     0.998242        29616       568.89
      10.231     0.998437        29622       640.00
      10.455     0.998633        29628       731.43
      10.799     0.998828        29634       853.33
      11.111     0.999023        29640      1024.00
      11.495     0.999121        29642      1137.78
      12.943     0.999219        29645      1280.00
      13.415     0.999316        29648      1462.86
      14.031     0.999414        29651      1706.67
      14.223     0.999512        29654      2048.00
      14.319     0.999561        29655      2275.56
      14.943     0.999609        29657      2560.00
      15.223     0.999658        29658      2925.71
      17.455     0.999707        29660      3413.33
      20.303     0.999756        29661      4096.00
      20.703     0.999780        29662      4551.11
      20.863     0.999805        29663      5120.00
      20.863     0.999829        29663      5851.43
      20.991     0.999854        29664      6826.67
      21.391     0.999878        29665      8192.00
      21.391     0.999890        29665      9102.22
      21.791     0.999902        29666     10240.00
      21.791     0.999915        29666     11702.86
      21.791     0.999927        29666     13653.33
      23.487     0.999939        29667     16384.00
      23.487     0.999945        29667     18204.44
      23.487     0.999951        29667     20480.00
      23.487     0.999957        29667     23405.71
      23.487     0.999963        29667     27306.67
      26.127     0.999969        29668     32768.00
      26.127     1.000000        29668          inf
#[Mean    =        2.912, StdDeviation   =        1.342]
#[Max     =       26.112, Total count    =        29668]
#[Buckets =           27, SubBuckets     =         2048]
----------------------------------------------------------
  44705 requests in 30.03s, 18.46MB read
  Socket errors: connect 0, read 0, write 0, timeout 22
Requests/sec:   1488.90
Transfer/sec:    629.45KB
