No argument supplied nginx
using  args: threads=4 and connections=512 and duration=30 and requests=6000
Running 30s test @ http://localhost:5000
  4 threads and 512 connections
  Thread calibration: mean lat.: 605.376ms, rate sampling interval: 3479ms
  Thread calibration: mean lat.: 611.237ms, rate sampling interval: 3446ms
  Thread calibration: mean lat.: 666.551ms, rate sampling interval: 3459ms
  Thread calibration: mean lat.: 605.911ms, rate sampling interval: 3284ms
  Thread Stats   Avg      Stdev     99%   +/- Stdev
    Latency     4.34s     2.14s    9.66s    65.11%
    Req/Sec     1.05k   110.15     1.23k    57.14%
  Latency Distribution (HdrHistogram - Recorded Latency)
 50.000%    3.99s 
 75.000%    5.87s 
 90.000%    7.41s 
 99.000%    9.66s 
 99.900%   10.90s 
 99.990%   11.87s 
 99.999%   12.30s 
100.000%   12.30s 

  Detailed Percentile spectrum:
       Value   Percentile   TotalCount 1/(1-Percentile)

      11.879     0.000000            1         1.00
    1824.767     0.100000         8269         1.11
    2381.823     0.200000        16535         1.25
    2881.535     0.300000        24800         1.43
    3411.967     0.400000        33028         1.67
    3993.599     0.500000        41304         2.00
    4329.471     0.550000        45457         2.22
    4681.727     0.600000        49593         2.50
    5054.463     0.650000        53666         2.86
    5447.679     0.700000        57819         3.33
    5865.471     0.750000        61946         4.00
    6094.847     0.775000        64010         4.44
    6328.319     0.800000        66053         5.00
    6565.887     0.825000        68124         5.71
    6823.935     0.850000        70194         6.67
    7102.463     0.875000        72247         8.00
    7254.015     0.887500        73299         8.89
    7405.567     0.900000        74317        10.00
    7581.695     0.912500        75358        11.43
    7770.111     0.925000        76378        13.33
    7970.815     0.937500        77424        16.00
    8085.503     0.943750        77928        17.78
    8208.383     0.950000        78445        20.00
    8343.551     0.956250        78955        22.86
    8503.295     0.962500        79481        26.67
    8667.135     0.968750        79996        32.00
    8765.439     0.971875        80249        35.56
    8880.127     0.975000        80516        40.00
    9003.007     0.978125        80778        45.71
    9134.079     0.981250        81021        53.33
    9297.919     0.984375        81277        64.00
    9404.415     0.985938        81405        71.11
    9494.527     0.987500        81532        80.00
    9592.831     0.989062        81665        91.43
    9699.327     0.990625        81793       106.67
    9822.207     0.992188        81918       128.00
    9879.551     0.992969        81983       142.22
    9961.471     0.993750        82047       160.00
   10043.391     0.994531        82114       182.86
   10149.887     0.995313        82177       213.33
   10239.999     0.996094        82240       256.00
   10305.535     0.996484        82276       284.44
   10371.071     0.996875        82307       320.00
   10444.799     0.997266        82341       365.71
   10502.143     0.997656        82370       426.67
   10575.871     0.998047        82403       512.00
   10625.023     0.998242        82420       568.89
   10665.983     0.998437        82434       640.00
   10747.903     0.998633        82450       731.43
   10813.439     0.998828        82466       853.33
   10928.127     0.999023        82482      1024.00
   10977.279     0.999121        82493      1137.78
   11018.239     0.999219        82502      1280.00
   11051.007     0.999316        82508      1462.86
   11141.119     0.999414        82516      1706.67
   11206.655     0.999512        82522      2048.00
   11247.615     0.999561        82526      2275.56
   11288.575     0.999609        82530      2560.00
   11337.727     0.999658        82534      2925.71
   11468.799     0.999707        82538      3413.33
   11517.951     0.999756        82543      4096.00
   11608.063     0.999780        82544      4551.11
   11689.983     0.999805        82546      5120.00
   11714.559     0.999829        82548      5851.43
   11771.903     0.999854        82551      6826.67
   11821.055     0.999878        82552      8192.00
   11853.823     0.999890        82553      9102.22
   11870.207     0.999902        82554     10240.00
   11911.167     0.999915        82555     11702.86
   11960.319     0.999927        82556     13653.33
   11984.895     0.999939        82557     16384.00
   12025.855     0.999945        82558     18204.44
   12025.855     0.999951        82558     20480.00
   12083.199     0.999957        82559     23405.71
   12083.199     0.999963        82559     27306.67
   12099.583     0.999969        82560     32768.00
   12099.583     0.999973        82560     36408.89
   12099.583     0.999976        82560     40960.00
   12296.191     0.999979        82562     46811.43
   12296.191     1.000000        82562          inf
#[Mean    =     4343.134, StdDeviation   =     2137.509]
#[Max     =    12288.000, Total count    =        82562]
#[Buckets =           27, SubBuckets     =         2048]
----------------------------------------------------------
  130356 requests in 30.07s, 53.86MB read
Requests/sec:   4334.69
Transfer/sec:      1.79MB
