No argument supplied nginx
using  args: threads=4 and connections=512 and duration=30 and requests=4000
Running 30s test @ http://localhost:5000
  4 threads and 512 connections
  Thread calibration: mean lat.: 2.871ms, rate sampling interval: 10ms
  Thread calibration: mean lat.: 2.857ms, rate sampling interval: 10ms
  Thread calibration: mean lat.: 2.834ms, rate sampling interval: 10ms
  Thread calibration: mean lat.: 2.875ms, rate sampling interval: 10ms
  Thread Stats   Avg      Stdev     99%   +/- Stdev
    Latency     2.83ms    1.23ms   6.95ms   76.54%
    Req/Sec     1.06k   335.14     1.90k    65.93%
  Latency Distribution (HdrHistogram - Recorded Latency)
 50.000%    2.45ms
 75.000%    3.38ms
 90.000%    4.52ms
 99.000%    6.95ms
 99.900%    8.81ms
 99.990%   13.10ms
 99.999%   20.42ms
100.000%   21.45ms

  Detailed Percentile spectrum:
       Value   Percentile   TotalCount 1/(1-Percentile)

       0.931     0.000000            1         1.00
       1.621     0.100000         8018         1.11
       1.878     0.200000        15982         1.25
       2.069     0.300000        24021         1.43
       2.247     0.400000        32017         1.67
       2.455     0.500000        39940         2.00
       2.589     0.550000        43929         2.22
       2.751     0.600000        47903         2.50
       2.955     0.650000        51913         2.86
       3.141     0.700000        55876         3.33
       3.379     0.750000        59869         4.00
       3.509     0.775000        61882         4.44
       3.649     0.800000        63861         5.00
       3.817     0.825000        65855         5.71
       4.017     0.850000        67848         6.67
       4.239     0.875000        69846         8.00
       4.379     0.887500        70853         8.89
       4.519     0.900000        71836        10.00
       4.679     0.912500        72846        11.43
       4.855     0.925000        73833        13.33
       5.079     0.937500        74835        16.00
       5.203     0.943750        75338        17.78
       5.335     0.950000        75839        20.00
       5.487     0.956250        76332        22.86
       5.651     0.962500        76835        26.67
       5.851     0.968750        77322        32.00
       5.963     0.971875        77575        35.56
       6.091     0.975000        77822        40.00
       6.223     0.978125        78073        45.71
       6.375     0.981250        78321        53.33
       6.547     0.984375        78573        64.00
       6.639     0.985938        78695        71.11
       6.743     0.987500        78822        80.00
       6.867     0.989062        78948        91.43
       7.003     0.990625        79069       106.67
       7.167     0.992188        79196       128.00
       7.251     0.992969        79256       142.22
       7.367     0.993750        79321       160.00
       7.467     0.994531        79380       182.86
       7.615     0.995313        79442       213.33
       7.743     0.996094        79506       256.00
       7.831     0.996484        79536       284.44
       7.919     0.996875        79567       320.00
       8.003     0.997266        79598       365.71
       8.135     0.997656        79630       426.67
       8.311     0.998047        79663       512.00
       8.439     0.998242        79678       568.89
       8.535     0.998437        79692       640.00
       8.607     0.998633        79708       731.43
       8.727     0.998828        79723       853.33
       8.839     0.999023        79739      1024.00
       8.943     0.999121        79746      1137.78
       9.055     0.999219        79754      1280.00
       9.127     0.999316        79762      1462.86
       9.215     0.999414        79770      1706.67
       9.455     0.999512        79779      2048.00
       9.471     0.999561        79781      2275.56
       9.551     0.999609        79785      2560.00
       9.647     0.999658        79789      2925.71
       9.735     0.999707        79793      3413.33
       9.983     0.999756        79798      4096.00
      10.047     0.999780        79799      4551.11
      10.207     0.999805        79801      5120.00
      10.303     0.999829        79803      5851.43
      10.711     0.999854        79805      6826.67
      11.263     0.999878        79807      8192.00
      13.103     0.999890        79808      9102.22
      13.327     0.999902        79809     10240.00
      14.287     0.999915        79810     11702.86
      14.431     0.999927        79811     13653.33
      15.383     0.999939        79812     16384.00
      15.383     0.999945        79812     18204.44
      15.799     0.999951        79813     20480.00
      15.799     0.999957        79813     23405.71
      19.423     0.999963        79814     27306.67
      19.423     0.999969        79814     32768.00
      19.423     0.999973        79814     36408.89
      20.415     0.999976        79815     40960.00
      20.415     0.999979        79815     46811.43
      20.415     0.999982        79815     54613.33
      20.415     0.999985        79815     65536.00
      20.415     0.999986        79815     72817.78
      21.455     0.999988        79816     81920.00
      21.455     1.000000        79816          inf
#[Mean    =        2.830, StdDeviation   =        1.229]
#[Max     =       21.440, Total count    =        79816]
#[Buckets =           27, SubBuckets     =         2048]
----------------------------------------------------------
  119894 requests in 30.00s, 49.53MB read
Requests/sec:   3996.53
Transfer/sec:      1.65MB
