No argument supplied nginx
using  args: threads=4 and connections=512 and duration=30 and requests=1000
Running 30s test @ http://localhost:8080/wrk2-api/user-timeline/read
  4 threads and 512 connections
  Thread calibration: mean lat.: 3.933ms, rate sampling interval: 10ms
  Thread calibration: mean lat.: 3.901ms, rate sampling interval: 10ms
  Thread calibration: mean lat.: 3.935ms, rate sampling interval: 10ms
  Thread calibration: mean lat.: 3.887ms, rate sampling interval: 10ms
  Thread Stats   Avg      Stdev     99%   +/- Stdev
    Latency     3.89ms    0.99ms   7.53ms   82.55%
    Req/Sec   263.53    165.12   700.00     75.73%
  Latency Distribution (HdrHistogram - Recorded Latency)
 50.000%    3.60ms
 75.000%    4.29ms
 90.000%    5.18ms
 99.000%    7.53ms
 99.900%    9.16ms
 99.990%   10.82ms
 99.999%   10.90ms
100.000%   10.90ms

  Detailed Percentile spectrum:
       Value   Percentile   TotalCount 1/(1-Percentile)

       2.587     0.000000            1         1.00
       3.003     0.100000         2007         1.11
       3.135     0.200000         4006         1.25
       3.263     0.300000         5972         1.43
       3.409     0.400000         7961         1.67
       3.601     0.500000         9954         2.00
       3.703     0.550000        10949         2.22
       3.811     0.600000        11929         2.50
       3.939     0.650000        12926         2.86
       4.099     0.700000        13915         3.33
       4.287     0.750000        14909         4.00
       4.395     0.775000        15415         4.44
       4.507     0.800000        15908         5.00
       4.635     0.825000        16396         5.71
       4.771     0.850000        16905         6.67
       4.951     0.875000        17394         8.00
       5.059     0.887500        17645         8.89
       5.175     0.900000        17890        10.00
       5.323     0.912500        18140        11.43
       5.491     0.925000        18384        13.33
       5.683     0.937500        18631        16.00
       5.787     0.943750        18760        17.78
       5.899     0.950000        18885        20.00
       6.043     0.956250        19004        22.86
       6.199     0.962500        19131        26.67
       6.387     0.968750        19254        32.00
       6.491     0.971875        19315        35.56
       6.607     0.975000        19377        40.00
       6.719     0.978125        19441        45.71
       6.867     0.981250        19502        53.33
       7.071     0.984375        19564        64.00
       7.207     0.985938        19594        71.11
       7.315     0.987500        19626        80.00
       7.455     0.989062        19657        91.43
       7.575     0.990625        19687       106.67
       7.727     0.992188        19718       128.00
       7.807     0.992969        19734       142.22
       7.919     0.993750        19749       160.00
       8.075     0.994531        19765       182.86
       8.183     0.995313        19780       213.33
       8.343     0.996094        19796       256.00
       8.439     0.996484        19804       284.44
       8.551     0.996875        19811       320.00
       8.647     0.997266        19819       365.71
       8.719     0.997656        19827       426.67
       8.831     0.998047        19836       512.00
       8.863     0.998242        19839       568.89
       8.935     0.998437        19842       640.00
       9.063     0.998633        19846       731.43
       9.103     0.998828        19850       853.33
       9.311     0.999023        19854      1024.00
       9.359     0.999121        19856      1137.78
       9.487     0.999219        19858      1280.00
       9.639     0.999316        19860      1462.86
       9.823     0.999414        19862      1706.67
       9.911     0.999512        19864      2048.00
       9.983     0.999561        19865      2275.56
      10.423     0.999609        19866      2560.00
      10.487     0.999658        19867      2925.71
      10.687     0.999707        19868      3413.33
      10.815     0.999756        19869      4096.00
      10.815     0.999780        19869      4551.11
      10.823     0.999805        19871      5120.00
      10.823     0.999829        19871      5851.43
      10.823     0.999854        19871      6826.67
      10.823     0.999878        19871      8192.00
      10.823     0.999890        19871      9102.22
      10.895     0.999902        19872     10240.00
      10.895     0.999915        19872     11702.86
      10.895     0.999927        19872     13653.33
      10.895     0.999939        19872     16384.00
      10.895     0.999945        19872     18204.44
      10.903     0.999951        19873     20480.00
      10.903     1.000000        19873          inf
#[Mean    =        3.893, StdDeviation   =        0.993]
#[Max     =       10.896, Total count    =        19873]
#[Buckets =           27, SubBuckets     =         2048]
----------------------------------------------------------
  29633 requests in 30.02s, 5.20MB read
  Socket errors: connect 0, read 0, write 0, timeout 148
Requests/sec:    987.22
Transfer/sec:    177.39KB
