No argument supplied nginx
using  args: threads=4 and connections=512 and duration=30 and requests=3000
Running 30s test @ http://localhost:8080
  4 threads and 512 connections
  Thread calibration: mean lat.: 4.206ms, rate sampling interval: 11ms
  Thread calibration: mean lat.: 4.177ms, rate sampling interval: 11ms
  Thread calibration: mean lat.: 4.236ms, rate sampling interval: 11ms
  Thread calibration: mean lat.: 4.239ms, rate sampling interval: 12ms
  Thread Stats   Avg      Stdev     99%   +/- Stdev
    Latency     4.33ms    1.57ms   8.56ms   66.84%
    Req/Sec   786.52    271.55     1.50k    67.41%
  Latency Distribution (HdrHistogram - Recorded Latency)
 50.000%    4.52ms
 75.000%    5.20ms
 90.000%    6.09ms
 99.000%    8.56ms
 99.900%   11.06ms
 99.990%   14.48ms
 99.999%   16.50ms
100.000%   16.83ms

  Detailed Percentile spectrum:
       Value   Percentile   TotalCount 1/(1-Percentile)

       1.156     0.000000            2         1.00
       1.988     0.100000         5985         1.11
       2.515     0.200000        11945         1.25
       3.697     0.300000        17916         1.43
       4.251     0.400000        23947         1.67
       4.523     0.500000        29897         2.00
       4.643     0.550000        32868         2.22
       4.771     0.600000        35903         2.50
       4.899     0.650000        38848         2.86
       5.039     0.700000        41812         3.33
       5.203     0.750000        44822         4.00
       5.299     0.775000        46296         4.44
       5.403     0.800000        47765         5.00
       5.531     0.825000        49274         5.71
       5.679     0.850000        50781         6.67
       5.855     0.875000        52267         8.00
       5.963     0.887500        52996         8.89
       6.087     0.900000        53747        10.00
       6.219     0.912500        54482        11.43
       6.391     0.925000        55236        13.33
       6.591     0.937500        55972        16.00
       6.711     0.943750        56347        17.78
       6.835     0.950000        56718        20.00
       6.975     0.956250        57092        22.86
       7.139     0.962500        57468        26.67
       7.347     0.968750        57838        32.00
       7.463     0.971875        58023        35.56
       7.587     0.975000        58213        40.00
       7.727     0.978125        58400        45.71
       7.871     0.981250        58585        53.33
       8.039     0.984375        58771        64.00
       8.159     0.985938        58863        71.11
       8.295     0.987500        58958        80.00
       8.431     0.989062        59056        91.43
       8.655     0.990625        59144       106.67
       8.879     0.992188        59238       128.00
       8.975     0.992969        59285       142.22
       9.127     0.993750        59332       160.00
       9.287     0.994531        59377       182.86
       9.447     0.995313        59424       213.33
       9.615     0.996094        59469       256.00
       9.711     0.996484        59495       284.44
       9.791     0.996875        59516       320.00
       9.887     0.997266        59540       365.71
      10.007     0.997656        59563       426.67
      10.215     0.998047        59586       512.00
      10.351     0.998242        59598       568.89
      10.479     0.998437        59610       640.00
      10.655     0.998633        59621       731.43
      10.895     0.998828        59633       853.33
      11.111     0.999023        59644      1024.00
      11.239     0.999121        59650      1137.78
      11.399     0.999219        59657      1280.00
      11.503     0.999316        59662      1462.86
      11.655     0.999414        59668      1706.67
      11.951     0.999512        59673      2048.00
      12.071     0.999561        59676      2275.56
      12.191     0.999609        59679      2560.00
      12.375     0.999658        59682      2925.71
      12.695     0.999707        59685      3413.33
      13.519     0.999756        59688      4096.00
      13.735     0.999780        59689      4551.11
      13.927     0.999805        59691      5120.00
      14.079     0.999829        59692      5851.43
      14.295     0.999854        59694      6826.67
      14.447     0.999878        59695      8192.00
      14.479     0.999890        59696      9102.22
      14.567     0.999902        59697     10240.00
      14.567     0.999915        59697     11702.86
      14.647     0.999927        59698     13653.33
      15.615     0.999939        59699     16384.00
      15.615     0.999945        59699     18204.44
      15.767     0.999951        59700     20480.00
      15.767     0.999957        59700     23405.71
      15.767     0.999963        59700     27306.67
      16.495     0.999969        59701     32768.00
      16.495     0.999973        59701     36408.89
      16.495     0.999976        59701     40960.00
      16.495     0.999979        59701     46811.43
      16.495     0.999982        59701     54613.33
      16.831     0.999985        59702     65536.00
      16.831     1.000000        59702          inf
#[Mean    =        4.330, StdDeviation   =        1.570]
#[Max     =       16.816, Total count    =        59702]
#[Buckets =           27, SubBuckets     =         2048]
----------------------------------------------------------
  89118 requests in 30.00s, 782.71MB read
  Socket errors: connect 0, read 0, write 0, timeout 1
Requests/sec:   2970.52
Transfer/sec:     26.09MB
