No argument supplied nginx
using  args: threads=4 and connections=512 and duration=30 and requests=1500
Running 30s test @ http://localhost:8080
  4 threads and 512 connections
  Thread calibration: mean lat.: 3.341ms, rate sampling interval: 10ms
  Thread calibration: mean lat.: 3.302ms, rate sampling interval: 10ms
  Thread calibration: mean lat.: 3.311ms, rate sampling interval: 10ms
  Thread calibration: mean lat.: 3.297ms, rate sampling interval: 10ms
  Thread Stats   Avg      Stdev     99%   +/- Stdev
    Latency     3.66ms    1.48ms   6.89ms   57.92%
    Req/Sec   392.85    204.37     0.90k    70.34%
  Latency Distribution (HdrHistogram - Recorded Latency)
 50.000%    4.08ms
 75.000%    4.77ms
 90.000%    5.31ms
 99.000%    6.89ms
 99.900%    8.59ms
 99.990%   10.30ms
 99.999%   14.64ms
100.000%   14.64ms

  Detailed Percentile spectrum:
       Value   Percentile   TotalCount 1/(1-Percentile)

       1.117     0.000000            1         1.00
       1.687     0.100000         2965         1.11
       1.900     0.200000         5931         1.25
       2.275     0.300000         8890         1.43
       3.383     0.400000        11856         1.67
       4.079     0.500000        14827         2.00
       4.259     0.550000        16292         2.22
       4.399     0.600000        17778         2.50
       4.523     0.650000        19263         2.86
       4.647     0.700000        20776         3.33
       4.767     0.750000        22216         4.00
       4.835     0.775000        22976         4.44
       4.911     0.800000        23725         5.00
       4.987     0.825000        24443         5.71
       5.075     0.850000        25183         6.67
       5.179     0.875000        25918         8.00
       5.239     0.887500        26301         8.89
       5.307     0.900000        26671        10.00
       5.395     0.912500        27035        11.43
       5.483     0.925000        27403        13.33
       5.599     0.937500        27771        16.00
       5.667     0.943750        27958        17.78
       5.747     0.950000        28145        20.00
       5.839     0.956250        28324        22.86
       5.939     0.962500        28512        26.67
       6.059     0.968750        28699        32.00
       6.123     0.971875        28786        35.56
       6.211     0.975000        28879        40.00
       6.323     0.978125        28973        45.71
       6.431     0.981250        29064        53.33
       6.583     0.984375        29159        64.00
       6.671     0.985938        29205        71.11
       6.755     0.987500        29253        80.00
       6.851     0.989062        29297        91.43
       6.947     0.990625        29343       106.67
       7.071     0.992188        29388       128.00
       7.131     0.992969        29411       142.22
       7.207     0.993750        29435       160.00
       7.267     0.994531        29459       182.86
       7.387     0.995313        29481       213.33
       7.535     0.996094        29504       256.00
       7.611     0.996484        29515       284.44
       7.727     0.996875        29530       320.00
       7.783     0.997266        29539       365.71
       7.883     0.997656        29550       426.67
       8.079     0.998047        29563       512.00
       8.131     0.998242        29567       568.89
       8.311     0.998437        29573       640.00
       8.351     0.998633        29579       731.43
       8.423     0.998828        29585       853.33
       8.623     0.999023        29591      1024.00
       8.639     0.999121        29593      1137.78
       8.847     0.999219        29597      1280.00
       8.991     0.999316        29599      1462.86
       9.159     0.999414        29602      1706.67
       9.327     0.999512        29606      2048.00
       9.327     0.999561        29606      2275.56
       9.391     0.999609        29608      2560.00
       9.399     0.999658        29609      2925.71
       9.543     0.999707        29611      3413.33
       9.559     0.999756        29612      4096.00
       9.575     0.999780        29614      4551.11
       9.575     0.999805        29614      5120.00
       9.575     0.999829        29614      5851.43
       9.743     0.999854        29615      6826.67
      10.303     0.999878        29616      8192.00
      10.303     0.999890        29616      9102.22
      10.871     0.999902        29617     10240.00
      10.871     0.999915        29617     11702.86
      10.871     0.999927        29617     13653.33
      12.031     0.999939        29618     16384.00
      12.031     0.999945        29618     18204.44
      12.031     0.999951        29618     20480.00
      12.031     0.999957        29618     23405.71
      12.031     0.999963        29618     27306.67
      14.639     0.999969        29619     32768.00
      14.639     1.000000        29619          inf
#[Mean    =        3.656, StdDeviation   =        1.475]
#[Max     =       14.632, Total count    =        29619]
#[Buckets =           27, SubBuckets     =         2048]
----------------------------------------------------------
  44332 requests in 30.01s, 292.56MB read
  Socket errors: connect 0, read 0, write 0, timeout 22
Requests/sec:   1477.37
Transfer/sec:      9.75MB
