No argument supplied nginx
using  args: threads=4 and connections=512 and duration=30 and requests=5000
Running 30s test @ http://localhost:8080
  4 threads and 512 connections
  Thread calibration: mean lat.: 1673.616ms, rate sampling interval: 7442ms
  Thread calibration: mean lat.: 1573.940ms, rate sampling interval: 7462ms
  Thread calibration: mean lat.: 1610.783ms, rate sampling interval: 7708ms
  Thread calibration: mean lat.: 1549.602ms, rate sampling interval: 7323ms
  Thread Stats   Avg      Stdev     99%   +/- Stdev
    Latency     6.66s     4.15s   16.99s    64.30%
    Req/Sec   767.62     11.89   789.00     62.50%
  Latency Distribution (HdrHistogram - Recorded Latency)
 50.000%    6.21s 
 75.000%    9.53s 
 90.000%   12.53s 
 99.000%   16.99s 
 99.900%   19.01s 
 99.990%   20.63s 
 99.999%   20.94s 
100.000%   20.99s 

  Detailed Percentile spectrum:
       Value   Percentile   TotalCount 1/(1-Percentile)

       1.844     0.000000            1         1.00
    1424.383     0.100000         6094         1.11
    2719.743     0.200000        12189         1.25
    3966.975     0.300000        18289         1.43
    5103.615     0.400000        24402         1.67
    6209.535     0.500000        30487         2.00
    6795.263     0.550000        33516         2.22
    7405.567     0.600000        36565         2.50
    8060.927     0.650000        39615         2.86
    8773.631     0.700000        42690         3.33
    9527.295     0.750000        45717         4.00
    9945.087     0.775000        47248         4.44
   10362.879     0.800000        48750         5.00
   10829.823     0.825000        50293         5.71
   11345.919     0.850000        51802         6.67
   11886.591     0.875000        53330         8.00
   12197.887     0.887500        54101         8.89
   12525.567     0.900000        54841        10.00
   12894.207     0.912500        55612        11.43
   13262.847     0.925000        56379        13.33
   13705.215     0.937500        57137        16.00
   13934.591     0.943750        57510        17.78
   14163.967     0.950000        57897        20.00
   14450.687     0.956250        58278        22.86
   14761.983     0.962500        58656        26.67
   15122.431     0.968750        59033        32.00
   15319.039     0.971875        59230        35.56
   15523.839     0.975000        59416        40.00
   15745.023     0.978125        59604        45.71
   16007.167     0.981250        59799        53.33
   16318.463     0.984375        59986        64.00
   16482.303     0.985938        60079        71.11
   16654.335     0.987500        60173        80.00
   16875.519     0.989062        60272        91.43
   17104.895     0.990625        60370       106.67
   17317.887     0.992188        60463       128.00
   17432.575     0.992969        60508       142.22
   17580.031     0.993750        60554       160.00
   17727.487     0.994531        60601       182.86
   17874.943     0.995313        60650       213.33
   18022.399     0.996094        60696       256.00
   18120.703     0.996484        60723       284.44
   18202.623     0.996875        60747       320.00
   18300.927     0.997266        60769       365.71
   18399.231     0.997656        60793       426.67
   18513.919     0.998047        60816       512.00
   18612.223     0.998242        60827       568.89
   18661.375     0.998437        60839       640.00
   18743.295     0.998633        60852       731.43
   18874.367     0.998828        60864       853.33
   19038.207     0.999023        60875      1024.00
   19136.511     0.999121        60883      1137.78
   19185.663     0.999219        60887      1280.00
   19234.815     0.999316        60895      1462.86
   19300.351     0.999414        60899      1706.67
   19431.423     0.999512        60905      2048.00
   19480.575     0.999561        60908      2275.56
   19513.343     0.999609        60911      2560.00
   19611.647     0.999658        60914      2925.71
   19726.335     0.999707        60917      3413.33
   19791.871     0.999756        60920      4096.00
   19824.639     0.999780        60921      4551.11
   19972.095     0.999805        60923      5120.00
   20119.551     0.999829        60924      5851.43
   20348.927     0.999854        60926      6826.67
   20479.999     0.999878        60927      8192.00
   20627.455     0.999890        60928      9102.22
   20725.759     0.999902        60930     10240.00
   20725.759     0.999915        60930     11702.86
   20725.759     0.999927        60930     13653.33
   20758.527     0.999939        60931     16384.00
   20758.527     0.999945        60931     18204.44
   20873.215     0.999951        60932     20480.00
   20873.215     0.999957        60932     23405.71
   20873.215     0.999963        60932     27306.67
   20938.751     0.999969        60933     32768.00
   20938.751     0.999973        60933     36408.89
   20938.751     0.999976        60933     40960.00
   20938.751     0.999979        60933     46811.43
   20938.751     0.999982        60933     54613.33
   20987.903     0.999985        60934     65536.00
   20987.903     1.000000        60934          inf
#[Mean    =     6660.445, StdDeviation   =     4153.894]
#[Max     =    20971.520, Total count    =        60934]
#[Buckets =           27, SubBuckets     =         2048]
----------------------------------------------------------
  92207 requests in 30.05s, 0.87GB read
  Non-2xx or 3xx responses: 5
Requests/sec:   3068.13
Transfer/sec:     29.69MB
