No argument supplied nginx
using  args: threads=4 and connections=512 and duration=30 and requests=10000
Running 30s test @ http://localhost:8080
  4 threads and 512 connections
  Thread calibration: mean lat.: 3325.209ms, rate sampling interval: 12918ms
  Thread calibration: mean lat.: 3284.947ms, rate sampling interval: 12148ms
  Thread calibration: mean lat.: 3307.459ms, rate sampling interval: 12984ms
  Thread calibration: mean lat.: 3376.729ms, rate sampling interval: 12836ms
  Thread Stats   Avg      Stdev     99%   +/- Stdev
    Latency    14.39s     4.33s   22.45s    58.71%
    Req/Sec   650.25      3.27   653.00     75.00%
  Latency Distribution (HdrHistogram - Recorded Latency)
 50.000%   14.34s 
 75.000%   18.06s 
 90.000%   20.37s 
 99.000%   22.45s 
 99.900%   23.48s 
 99.990%   24.15s 
 99.999%   24.35s 
100.000%   24.43s 

  Detailed Percentile spectrum:
       Value   Percentile   TotalCount 1/(1-Percentile)

    4849.663     0.000000            1         1.00
    8503.295     0.100000         5125         1.11
    9945.087     0.200000        10243         1.25
   11411.455     0.300000        15314         1.43
   12845.055     0.400000        20438         1.67
   14335.999     0.500000        25519         2.00
   15081.471     0.550000        28072         2.22
   15818.751     0.600000        30634         2.50
   16564.223     0.650000        33178         2.86
   17285.119     0.700000        35766         3.33
   18055.167     0.750000        38335         4.00
   18431.999     0.775000        39565         4.44
   18808.831     0.800000        40838         5.00
   19202.047     0.825000        42163         5.71
   19578.879     0.850000        43428         6.67
   19972.095     0.875000        44685         8.00
   20152.319     0.887500        45297         8.89
   20365.311     0.900000        45989        10.00
   20561.919     0.912500        46618        11.43
   20774.911     0.925000        47238        13.33
   21004.287     0.937500        47859        16.00
   21135.359     0.943750        48193        17.78
   21250.047     0.950000        48495        20.00
   21381.119     0.956250        48811        22.86
   21528.575     0.962500        49138        26.67
   21676.031     0.968750        49443        32.00
   21774.335     0.971875        49625        35.56
   21856.255     0.975000        49759        40.00
   21954.559     0.978125        49955        45.71
   22052.863     0.981250        50104        53.33
   22167.551     0.984375        50247        64.00
   22233.087     0.985938        50331        71.11
   22298.623     0.987500        50398        80.00
   22380.543     0.989062        50479        91.43
   22478.847     0.990625        50561       106.67
   22609.919     0.992188        50644       128.00
   22659.071     0.992969        50676       142.22
   22740.991     0.993750        50723       160.00
   22822.911     0.994531        50767       182.86
   22888.447     0.995313        50799       213.33
   22970.367     0.996094        50843       256.00
   23019.519     0.996484        50863       284.44
   23068.671     0.996875        50881       320.00
   23117.823     0.997266        50897       365.71
   23183.359     0.997656        50921       426.67
   23232.511     0.998047        50936       512.00
   23298.047     0.998242        50945       568.89
   23347.199     0.998437        50956       640.00
   23396.351     0.998633        50968       731.43
   23445.503     0.998828        50976       853.33
   23511.039     0.999023        50985      1024.00
   23560.191     0.999121        50991      1137.78
   23609.343     0.999219        50995      1280.00
   23658.495     0.999316        51001      1462.86
   23724.031     0.999414        51006      1706.67
   23740.415     0.999512        51010      2048.00
   23789.567     0.999561        51012      2275.56
   23822.335     0.999609        51017      2560.00
   23822.335     0.999658        51017      2925.71
   23887.871     0.999707        51020      3413.33
   23904.255     0.999756        51022      4096.00
   23920.639     0.999780        51023      4551.11
   24018.943     0.999805        51026      5120.00
   24018.943     0.999829        51026      5851.43
   24051.711     0.999854        51027      6826.67
   24150.015     0.999878        51029      8192.00
   24150.015     0.999890        51029      9102.22
   24215.551     0.999902        51030     10240.00
   24215.551     0.999915        51030     11702.86
   24231.935     0.999927        51031     13653.33
   24231.935     0.999939        51031     16384.00
   24313.855     0.999945        51032     18204.44
   24313.855     0.999951        51032     20480.00
   24313.855     0.999957        51032     23405.71
   24346.623     0.999963        51033     27306.67
   24346.623     0.999969        51033     32768.00
   24346.623     0.999973        51033     36408.89
   24346.623     0.999976        51033     40960.00
   24346.623     0.999979        51033     46811.43
   24428.543     0.999982        51034     54613.33
   24428.543     1.000000        51034          inf
#[Mean    =    14388.479, StdDeviation   =     4334.994]
#[Max     =    24412.160, Total count    =        51034]
#[Buckets =           27, SubBuckets     =         2048]
----------------------------------------------------------
  77451 requests in 30.04s, 806.06MB read
  Non-2xx or 3xx responses: 133
Requests/sec:   2578.66
Transfer/sec:     26.84MB
