Using argument nginx
using  args: threads=4 and connections=512 and duration=30 and requests=7000
Running 30s test @ http://10.10.1.2:8080/wrk2-api/user-timeline/read
  4 threads and 512 connections
  Thread calibration: mean lat.: 3334.712ms, rate sampling interval: 12779ms
  Thread calibration: mean lat.: 3262.482ms, rate sampling interval: 12632ms
  Thread calibration: mean lat.: 3350.317ms, rate sampling interval: 12845ms
  Thread calibration: mean lat.: 3365.672ms, rate sampling interval: 12050ms
  Thread Stats   Avg      Stdev     99%   +/- Stdev
    Latency    14.22s     4.21s   22.02s    59.23%
    Req/Sec   474.25      1.64   477.00     75.00%
  Latency Distribution (HdrHistogram - Recorded Latency)
 50.000%   14.17s 
 75.000%   17.74s 
 90.000%   20.10s 
 99.000%   22.02s 
 99.900%   22.86s 
 99.990%   23.30s 
 99.999%   23.74s 
100.000%   23.74s 

  Detailed Percentile spectrum:
       Value   Percentile   TotalCount 1/(1-Percentile)

    5763.071     0.000000            1         1.00
    8478.719     0.100000         3720         1.11
    9912.319     0.200000         7427         1.25
   11354.111     0.300000        11109         1.43
   12787.711     0.400000        14827         1.67
   14172.159     0.500000        18537         2.00
   14843.903     0.550000        20377         2.22
   15564.799     0.600000        22236         2.50
   16285.695     0.650000        24070         2.86
   17022.975     0.700000        25943         3.33
   17743.871     0.750000        27809         4.00
   18104.319     0.775000        28733         4.44
   18464.767     0.800000        29633         5.00
   18857.983     0.825000        30579         5.71
   19267.583     0.850000        31494         6.67
   19693.567     0.875000        32423         8.00
   19890.175     0.887500        32870         8.89
   20103.167     0.900000        33355        10.00
   20299.775     0.912500        33804        11.43
   20512.767     0.925000        34268        13.33
   20725.759     0.937500        34725        16.00
   20856.831     0.943750        34965        17.78
   20971.519     0.950000        35214        20.00
   21086.207     0.956250        35428        22.86
   21217.279     0.962500        35669        26.67
   21348.351     0.968750        35890        32.00
   21413.887     0.971875        36007        35.56
   21495.807     0.975000        36116        40.00
   21577.727     0.978125        36220        45.71
   21676.031     0.981250        36336        53.33
   21790.719     0.984375        36456        64.00
   21856.255     0.985938        36528        71.11
   21905.407     0.987500        36572        80.00
   21954.559     0.989062        36625        91.43
   22052.863     0.990625        36685       106.67
   22134.783     0.992188        36744       128.00
   22183.935     0.992969        36774       142.22
   22233.087     0.993750        36798       160.00
   22298.623     0.994531        36833       182.86
   22347.775     0.995313        36859       213.33
   22413.311     0.996094        36885       256.00
   22462.463     0.996484        36905       284.44
   22495.231     0.996875        36916       320.00
   22544.383     0.997266        36931       365.71
   22593.535     0.997656        36945       426.67
   22659.071     0.998047        36957       512.00
   22708.223     0.998242        36968       568.89
   22724.607     0.998437        36973       640.00
   22757.375     0.998633        36979       731.43
   22839.295     0.998828        36990       853.33
   22872.063     0.999023        36996      1024.00
   22888.447     0.999121        37000      1137.78
   22921.215     0.999219        37002      1280.00
   22953.983     0.999316        37004      1462.86
   23019.519     0.999414        37009      1706.67
   23052.287     0.999512        37011      2048.00
   23068.671     0.999561        37013      2275.56
   23085.055     0.999609        37015      2560.00
   23134.207     0.999658        37018      2925.71
   23166.975     0.999707        37019      3413.33
   23183.359     0.999756        37020      4096.00
   23232.511     0.999780        37022      4551.11
   23232.511     0.999805        37022      5120.00
   23248.895     0.999829        37023      5851.43
   23265.279     0.999854        37024      6826.67
   23298.047     0.999878        37025      8192.00
   23298.047     0.999890        37025      9102.22
   23314.431     0.999902        37026     10240.00
   23314.431     0.999915        37026     11702.86
   23347.199     0.999927        37027     13653.33
   23347.199     0.999939        37027     16384.00
   23347.199     0.999945        37027     18204.44
   23511.039     0.999951        37028     20480.00
   23511.039     0.999957        37028     23405.71
   23511.039     0.999963        37028     27306.67
   23511.039     0.999969        37028     32768.00
   23511.039     0.999973        37028     36408.89
   23740.415     0.999976        37029     40960.00
   23740.415     1.000000        37029          inf
#[Mean    =    14224.144, StdDeviation   =     4213.585]
#[Max     =    23724.032, Total count    =        37029]
#[Buckets =           27, SubBuckets     =         2048]
----------------------------------------------------------
  56095 requests in 30.00s, 9.84MB read
  Socket errors: connect 0, read 0, write 0, timeout 19
Requests/sec:   1869.84
Transfer/sec:    335.99KB
