Using argument nginx
using  args: threads=4 and connections=512 and duration=30 and requests=20000
Running 30s test @ http://10.10.1.2:8080
  4 threads and 512 connections
  Thread calibration: mean lat.: 1564.908ms, rate sampling interval: 6705ms
  Thread calibration: mean lat.: 1507.574ms, rate sampling interval: 6844ms
  Thread calibration: mean lat.: 1586.852ms, rate sampling interval: 7000ms
  Thread calibration: mean lat.: 1788.176ms, rate sampling interval: 7057ms
  Thread Stats   Avg      Stdev     99%   +/- Stdev
    Latency     5.94s     2.52s   12.94s    69.98%
    Req/Sec     3.64k    93.35     3.76k    50.00%
  Latency Distribution (HdrHistogram - Recorded Latency)
 50.000%    5.57s 
 75.000%    7.42s 
 90.000%    9.40s 
 99.000%   12.94s 
 99.900%   15.03s 
 99.990%   15.79s 
 99.999%   15.98s 
100.000%   16.01s 

  Detailed Percentile spectrum:
       Value   Percentile   TotalCount 1/(1-Percentile)

       0.356     0.000000            1         1.00
    3063.807     0.100000        29043         1.11
    3852.287     0.200000        58040         1.25
    4448.255     0.300000        87180         1.43
    5005.311     0.400000       116117         1.67
    5574.655     0.500000       145084         2.00
    5881.855     0.550000       159690         2.22
    6221.823     0.600000       174050         2.50
    6594.559     0.650000       188671         2.86
    6987.775     0.700000       203127         3.33
    7417.855     0.750000       217622         4.00
    7647.231     0.775000       224825         4.44
    7905.279     0.800000       232031         5.00
    8237.055     0.825000       239322         5.71
    8577.023     0.850000       246548         6.67
    8929.279     0.875000       253810         8.00
    9134.079     0.887500       257400         8.89
    9396.223     0.900000       261123        10.00
    9682.943     0.912500       264656        11.43
   10002.431     0.925000       268293        13.33
   10330.111     0.937500       271906        16.00
   10526.719     0.943750       273714        17.78
   10747.903     0.950000       275561        20.00
   10960.895     0.956250       277338        22.86
   11231.231     0.962500       279172        26.67
   11534.335     0.968750       280965        32.00
   11706.367     0.971875       281901        35.56
   11886.591     0.975000       282790        40.00
   12091.391     0.978125       283699        45.71
   12304.383     0.981250       284598        53.33
   12525.567     0.984375       285525        64.00
   12632.063     0.985938       285945        71.11
   12746.751     0.987500       286420        80.00
   12869.631     0.989062       286854        91.43
   12984.319     0.990625       287322       106.67
   13148.159     0.992188       287767       128.00
   13238.271     0.992969       287988       142.22
   13336.575     0.993750       288211       160.00
   13475.839     0.994531       288442       182.86
   13623.295     0.995313       288674       213.33
   13770.751     0.996094       288891       256.00
   13860.863     0.996484       289006       284.44
   13967.359     0.996875       289121       320.00
   14082.047     0.997266       289236       365.71
   14204.927     0.997656       289345       426.67
   14368.767     0.998047       289461       512.00
   14467.071     0.998242       289518       568.89
   14598.143     0.998437       289570       640.00
   14794.751     0.998633       289626       731.43
   14950.399     0.998828       289684       853.33
   15040.511     0.999023       289749      1024.00
   15073.279     0.999121       289771      1137.78
   15122.431     0.999219       289799      1280.00
   15163.391     0.999316       289828      1462.86
   15212.543     0.999414       289854      1706.67
   15269.887     0.999512       289882      2048.00
   15310.847     0.999561       289895      2275.56
   15351.807     0.999609       289913      2560.00
   15392.767     0.999658       289924      2925.71
   15466.495     0.999707       289938      3413.33
   15556.607     0.999756       289952      4096.00
   15605.759     0.999780       289959      4551.11
   15663.103     0.999805       289968      5120.00
   15704.063     0.999829       289976      5851.43
   15736.831     0.999854       289982      6826.67
   15753.215     0.999878       289987      8192.00
   15794.175     0.999890       289994      9102.22
   15794.175     0.999902       289994     10240.00
   15810.559     0.999915       289998     11702.86
   15843.327     0.999927       290002     13653.33
   15867.903     0.999939       290006     16384.00
   15876.095     0.999945       290007     18204.44
   15892.479     0.999951       290009     20480.00
   15908.863     0.999957       290010     23405.71
   15925.247     0.999963       290012     27306.67
   15949.823     0.999969       290015     32768.00
   15949.823     0.999973       290015     36408.89
   15949.823     0.999976       290015     40960.00
   15966.207     0.999979       290016     46811.43
   15974.399     0.999982       290017     54613.33
   15982.591     0.999985       290020     65536.00
   15982.591     0.999986       290020     72817.78
   15982.591     0.999988       290020     81920.00
   15982.591     0.999989       290020     93622.86
   15982.591     0.999991       290020    109226.67
   15982.591     0.999992       290020    131072.00
   15998.975     0.999993       290021    145635.56
   15998.975     0.999994       290021    163840.00
   15998.975     0.999995       290021    187245.71
   15998.975     0.999995       290021    218453.33
   15998.975     0.999996       290021    262144.00
   16007.167     0.999997       290022    291271.11
   16007.167     1.000000       290022          inf
#[Mean    =     5944.210, StdDeviation   =     2515.776]
#[Max     =    15998.976, Total count    =       290022]
#[Buckets =           27, SubBuckets     =         2048]
----------------------------------------------------------
  417285 requests in 30.00s, 79.82MB read
  Non-2xx or 3xx responses: 93
Requests/sec:  13909.71
Transfer/sec:      2.66MB
