Using argument nginx
using  args: threads=4 and connections=512 and duration=30 and requests=4000
Running 30s test @ http://10.10.1.2:8080/wrk2-api/user-timeline/read
  4 threads and 512 connections
  Thread calibration: mean lat.: 1440.610ms, rate sampling interval: 6197ms
  Thread calibration: mean lat.: 1466.647ms, rate sampling interval: 6291ms
  Thread calibration: mean lat.: 1470.698ms, rate sampling interval: 6352ms
  Thread calibration: mean lat.: 1740.761ms, rate sampling interval: 6709ms
  Thread Stats   Avg      Stdev     99%   +/- Stdev
    Latency     7.48s     2.65s   13.24s    62.64%
    Req/Sec   587.64     18.33   612.00     36.36%
  Latency Distribution (HdrHistogram - Recorded Latency)
 50.000%    7.34s 
 75.000%    9.50s 
 90.000%   11.15s 
 99.000%   13.24s 
 99.900%   14.45s 
 99.990%   14.88s 
 99.999%   15.16s 
100.000%   15.16s 

  Detailed Percentile spectrum:
       Value   Percentile   TotalCount 1/(1-Percentile)

     970.239     0.000000            1         1.00
    4098.047     0.100000         4652         1.11
    4943.871     0.200000         9300         1.25
    5722.111     0.300000        13954         1.43
    6533.119     0.400000        18597         1.67
    7335.935     0.500000        23246         2.00
    7753.727     0.550000        25584         2.22
    8175.615     0.600000        27909         2.50
    8593.407     0.650000        30213         2.86
    9027.583     0.700000        32567         3.33
    9502.719     0.750000        34882         4.00
    9740.287     0.775000        36040         4.44
    9994.239     0.800000        37208         5.00
   10264.575     0.825000        38381         5.71
   10534.911     0.850000        39534         6.67
   10829.823     0.875000        40675         8.00
   10985.471     0.887500        41273         8.89
   11149.311     0.900000        41850        10.00
   11329.535     0.912500        42431        11.43
   11517.951     0.925000        43006        13.33
   11714.559     0.937500        43590        16.00
   11829.247     0.943750        43881        17.78
   11960.319     0.950000        44173        20.00
   12091.391     0.956250        44459        22.86
   12238.847     0.962500        44742        26.67
   12394.495     0.968750        45028        32.00
   12484.607     0.971875        45177        35.56
   12574.719     0.975000        45317        40.00
   12705.791     0.978125        45472        45.71
   12795.903     0.981250        45606        53.33
   12935.167     0.984375        45758        64.00
   13008.895     0.985938        45825        71.11
   13099.007     0.987500        45898        80.00
   13189.119     0.989062        45976        91.43
   13287.423     0.990625        46042       106.67
   13393.919     0.992188        46114       128.00
   13467.647     0.992969        46153       142.22
   13524.991     0.993750        46191       160.00
   13590.527     0.994531        46224       182.86
   13705.215     0.995313        46264       213.33
   13787.135     0.996094        46296       256.00
   13844.479     0.996484        46314       284.44
   13910.015     0.996875        46335       320.00
   13975.551     0.997266        46350       365.71
   14065.663     0.997656        46369       426.67
   14139.391     0.998047        46387       512.00
   14196.735     0.998242        46396       568.89
   14262.271     0.998437        46407       640.00
   14327.807     0.998633        46416       731.43
   14360.575     0.998828        46423       853.33
   14475.263     0.999023        46433      1024.00
   14499.839     0.999121        46437      1137.78
   14532.607     0.999219        46441      1280.00
   14565.375     0.999316        46446      1462.86
   14614.527     0.999414        46450      1706.67
   14647.295     0.999512        46455      2048.00
   14655.487     0.999561        46458      2275.56
   14663.679     0.999609        46459      2560.00
   14680.063     0.999658        46462      2925.71
   14737.407     0.999707        46464      3413.33
   14794.751     0.999756        46466      4096.00
   14802.943     0.999780        46468      4551.11
   14802.943     0.999805        46468      5120.00
   14835.711     0.999829        46470      5851.43
   14843.903     0.999854        46471      6826.67
   14876.671     0.999878        46473      8192.00
   14876.671     0.999890        46473      9102.22
   14876.671     0.999902        46473     10240.00
   14950.399     0.999915        46474     11702.86
   14950.399     0.999927        46474     13653.33
   15024.127     0.999939        46475     16384.00
   15024.127     0.999945        46475     18204.44
   15024.127     0.999951        46475     20480.00
   15048.703     0.999957        46476     23405.71
   15048.703     0.999963        46476     27306.67
   15048.703     0.999969        46476     32768.00
   15048.703     0.999973        46476     36408.89
   15048.703     0.999976        46476     40960.00
   15163.391     0.999979        46477     46811.43
   15163.391     1.000000        46477          inf
#[Mean    =     7482.531, StdDeviation   =     2645.532]
#[Max     =    15155.200, Total count    =        46477]
#[Buckets =           27, SubBuckets     =         2048]
----------------------------------------------------------
  71207 requests in 30.00s, 12.50MB read
Requests/sec:   2373.49
Transfer/sec:    426.49KB
