No argument supplied nginx
using  args: threads=4 and connections=512 and duration=30 and requests=2500
Running 30s test @ http://localhost:5000
  4 threads and 512 connections
  Thread calibration: mean lat.: 2.798ms, rate sampling interval: 10ms
  Thread calibration: mean lat.: 2.770ms, rate sampling interval: 10ms
  Thread calibration: mean lat.: 2.793ms, rate sampling interval: 10ms
  Thread calibration: mean lat.: 2.738ms, rate sampling interval: 10ms
  Thread Stats   Avg      Stdev     99%   +/- Stdev
    Latency     2.78ms    1.22ms   6.84ms   77.48%
    Req/Sec   661.42    261.92     1.33k    73.61%
  Latency Distribution (HdrHistogram - Recorded Latency)
 50.000%    2.41ms
 75.000%    3.31ms
 90.000%    4.42ms
 99.000%    6.84ms
 99.900%    8.97ms
 99.990%   16.33ms
 99.999%   24.58ms
100.000%   24.58ms

  Detailed Percentile spectrum:
       Value   Percentile   TotalCount 1/(1-Percentile)

       0.982     0.000000            1         1.00
       1.590     0.100000         4996         1.11
       1.864     0.200000         9999         1.25
       2.034     0.300000        14976         1.43
       2.195     0.400000        19970         1.67
       2.409     0.500000        24988         2.00
       2.539     0.550000        27457         2.22
       2.683     0.600000        29945         2.50
       2.889     0.650000        32445         2.86
       3.077     0.700000        34950         3.33
       3.307     0.750000        37444         4.00
       3.441     0.775000        38680         4.44
       3.591     0.800000        39930         5.00
       3.739     0.825000        41188         5.71
       3.939     0.850000        42430         6.67
       4.147     0.875000        43674         8.00
       4.275     0.887500        44296         8.89
       4.419     0.900000        44925        10.00
       4.571     0.912500        45546        11.43
       4.735     0.925000        46165        13.33
       4.975     0.937500        46791        16.00
       5.107     0.943750        47101        17.78
       5.235     0.950000        47411        20.00
       5.403     0.956250        47726        22.86
       5.567     0.962500        48041        26.67
       5.751     0.968750        48348        32.00
       5.867     0.971875        48507        35.56
       6.011     0.975000        48659        40.00
       6.143     0.978125        48815        45.71
       6.275     0.981250        48974        53.33
       6.447     0.984375        49127        64.00
       6.559     0.985938        49206        71.11
       6.663     0.987500        49283        80.00
       6.755     0.989062        49362        91.43
       6.919     0.990625        49439       106.67
       7.119     0.992188        49517       128.00
       7.171     0.992969        49557       142.22
       7.267     0.993750        49598       160.00
       7.371     0.994531        49635       182.86
       7.527     0.995313        49673       213.33
       7.727     0.996094        49713       256.00
       7.839     0.996484        49731       284.44
       7.963     0.996875        49752       320.00
       8.043     0.997266        49770       365.71
       8.155     0.997656        49790       426.67
       8.319     0.998047        49809       512.00
       8.399     0.998242        49819       568.89
       8.503     0.998437        49829       640.00
       8.615     0.998633        49839       731.43
       8.871     0.998828        49849       853.33
       8.999     0.999023        49858      1024.00
       9.199     0.999121        49863      1137.78
       9.327     0.999219        49868      1280.00
       9.575     0.999316        49872      1462.86
       9.919     0.999414        49877      1706.67
      10.295     0.999512        49882      2048.00
      10.727     0.999561        49885      2275.56
      11.231     0.999609        49887      2560.00
      11.423     0.999658        49889      2925.71
      11.919     0.999707        49892      3413.33
      12.047     0.999756        49894      4096.00
      12.423     0.999780        49896      4551.11
      12.551     0.999805        49897      5120.00
      12.855     0.999829        49898      5851.43
      13.247     0.999854        49899      6826.67
      16.007     0.999878        49900      8192.00
      16.327     0.999890        49901      9102.22
      16.511     0.999902        49902     10240.00
      16.511     0.999915        49902     11702.86
      16.591     0.999927        49903     13653.33
      16.591     0.999939        49903     16384.00
      21.407     0.999945        49904     18204.44
      21.407     0.999951        49904     20480.00
      21.407     0.999957        49904     23405.71
      21.727     0.999963        49905     27306.67
      21.727     0.999969        49905     32768.00
      21.727     0.999973        49905     36408.89
      21.727     0.999976        49905     40960.00
      21.727     0.999979        49905     46811.43
      24.575     0.999982        49906     54613.33
      24.575     1.000000        49906          inf
#[Mean    =        2.779, StdDeviation   =        1.221]
#[Max     =       24.560, Total count    =        49906]
#[Buckets =           27, SubBuckets     =         2048]
----------------------------------------------------------
  74372 requests in 30.00s, 30.68MB read
  Socket errors: connect 0, read 0, write 0, timeout 1
Requests/sec:   2479.02
Transfer/sec:      1.02MB
