No argument supplied nginx
using  args: threads=4 and connections=512 and duration=30 and requests=3000
Running 30s test @ http://localhost:5000
  4 threads and 512 connections
  Thread calibration: mean lat.: 2.805ms, rate sampling interval: 10ms
  Thread calibration: mean lat.: 2.797ms, rate sampling interval: 10ms
  Thread calibration: mean lat.: 2.801ms, rate sampling interval: 10ms
  Thread calibration: mean lat.: 2.825ms, rate sampling interval: 10ms
  Thread Stats   Avg      Stdev     99%   +/- Stdev
    Latency     2.81ms    1.21ms   6.86ms   76.57%
    Req/Sec   791.74    288.89     1.55k    63.78%
  Latency Distribution (HdrHistogram - Recorded Latency)
 50.000%    2.44ms
 75.000%    3.34ms
 90.000%    4.45ms
 99.000%    6.86ms
 99.900%    8.88ms
 99.990%   13.42ms
 99.999%   18.24ms
100.000%   23.50ms

  Detailed Percentile spectrum:
       Value   Percentile   TotalCount 1/(1-Percentile)

       0.985     0.000000            1         1.00
       1.623     0.100000         5975         1.11
       1.894     0.200000        11945         1.25
       2.069     0.300000        17924         1.43
       2.233     0.400000        23921         1.67
       2.443     0.500000        29853         2.00
       2.571     0.550000        32860         2.22
       2.723     0.600000        35842         2.50
       2.923     0.650000        38813         2.86
       3.111     0.700000        41811         3.33
       3.341     0.750000        44779         4.00
       3.485     0.775000        46286         4.44
       3.627     0.800000        47773         5.00
       3.785     0.825000        49262         5.71
       3.987     0.850000        50760         6.67
       4.183     0.875000        52243         8.00
       4.303     0.887500        53004         8.89
       4.451     0.900000        53754        10.00
       4.611     0.912500        54481        11.43
       4.799     0.925000        55227        13.33
       5.011     0.937500        55975        16.00
       5.119     0.943750        56343        17.78
       5.247     0.950000        56715        20.00
       5.415     0.956250        57094        22.86
       5.595     0.962500        57471        26.67
       5.779     0.968750        57839        32.00
       5.887     0.971875        58021        35.56
       6.011     0.975000        58208        40.00
       6.155     0.978125        58396        45.71
       6.307     0.981250        58583        53.33
       6.495     0.984375        58772        64.00
       6.587     0.985938        58861        71.11
       6.687     0.987500        58954        80.00
       6.787     0.989062        59051        91.43
       6.923     0.990625        59143       106.67
       7.079     0.992188        59236       128.00
       7.171     0.992969        59281       142.22
       7.275     0.993750        59328       160.00
       7.407     0.994531        59374       182.86
       7.531     0.995313        59422       213.33
       7.655     0.996094        59468       256.00
       7.771     0.996484        59491       284.44
       7.879     0.996875        59515       320.00
       7.979     0.997266        59537       365.71
       8.083     0.997656        59561       426.67
       8.271     0.998047        59586       512.00
       8.415     0.998242        59596       568.89
       8.527     0.998437        59607       640.00
       8.591     0.998633        59619       731.43
       8.719     0.998828        59631       853.33
       8.895     0.999023        59643      1024.00
       8.919     0.999121        59649      1137.78
       8.983     0.999219        59654      1280.00
       9.183     0.999316        59660      1462.86
       9.287     0.999414        59666      1706.67
       9.527     0.999512        59671      2048.00
       9.639     0.999561        59674      2275.56
       9.775     0.999609        59677      2560.00
       9.959     0.999658        59680      2925.71
      10.015     0.999707        59683      3413.33
      10.399     0.999756        59686      4096.00
      10.439     0.999780        59687      4551.11
      10.623     0.999805        59689      5120.00
      11.319     0.999829        59690      5851.43
      13.327     0.999854        59692      6826.67
      13.367     0.999878        59693      8192.00
      13.423     0.999890        59694      9102.22
      13.447     0.999902        59695     10240.00
      13.447     0.999915        59695     11702.86
      13.927     0.999927        59696     13653.33
      14.175     0.999939        59697     16384.00
      14.175     0.999945        59697     18204.44
      14.359     0.999951        59698     20480.00
      14.359     0.999957        59698     23405.71
      14.359     0.999963        59698     27306.67
      18.239     0.999969        59699     32768.00
      18.239     0.999973        59699     36408.89
      18.239     0.999976        59699     40960.00
      18.239     0.999979        59699     46811.43
      18.239     0.999982        59699     54613.33
      23.503     0.999985        59700     65536.00
      23.503     1.000000        59700          inf
#[Mean    =        2.812, StdDeviation   =        1.209]
#[Max     =       23.488, Total count    =        59700]
#[Buckets =           27, SubBuckets     =         2048]
----------------------------------------------------------
  89124 requests in 30.00s, 36.89MB read
  Socket errors: connect 0, read 0, write 0, timeout 1
Requests/sec:   2970.39
Transfer/sec:      1.23MB
