No argument supplied nginx
using  args: threads=4 and connections=512 and duration=30 and requests=6000
Running 30s test @ http://localhost:8080
  4 threads and 512 connections
  Thread calibration: mean lat.: 2093.171ms, rate sampling interval: 8781ms
  Thread calibration: mean lat.: 2354.024ms, rate sampling interval: 8904ms
  Thread calibration: mean lat.: 2079.780ms, rate sampling interval: 8699ms
  Thread calibration: mean lat.: 2112.357ms, rate sampling interval: 8724ms
  Thread Stats   Avg      Stdev     99%   +/- Stdev
    Latency    10.03s     3.34s   17.12s    61.54%
    Req/Sec   693.62     12.60   711.00     75.00%
  Latency Distribution (HdrHistogram - Recorded Latency)
 50.000%    9.90s 
 75.000%   12.65s 
 90.000%   14.60s 
 99.000%   17.12s 
 99.900%   18.74s 
 99.990%   20.41s 
 99.999%   20.58s 
100.000%   20.71s 

  Detailed Percentile spectrum:
       Value   Percentile   TotalCount 1/(1-Percentile)

    1949.695     0.000000            1         1.00
    5668.863     0.100000         5509         1.11
    6733.823     0.200000        11004         1.25
    7786.495     0.300000        16508         1.43
    8839.167     0.400000        22008         1.67
    9895.935     0.500000        27532         2.00
   10420.223     0.550000        30256         2.22
   10977.279     0.600000        33026         2.50
   11526.143     0.650000        35775         2.86
   12075.007     0.700000        38500         3.33
   12648.447     0.750000        41273         4.00
   12935.167     0.775000        42636         4.44
   13238.271     0.800000        44006         5.00
   13557.759     0.825000        45411         5.71
   13877.247     0.850000        46773         6.67
   14229.503     0.875000        48133         8.00
   14417.919     0.887500        48833         8.89
   14598.143     0.900000        49507        10.00
   14802.943     0.912500        50197        11.43
   15024.127     0.925000        50877        13.33
   15261.695     0.937500        51570        16.00
   15392.767     0.943750        51918        17.78
   15556.607     0.950000        52260        20.00
   15720.447     0.956250        52600        22.86
   15884.287     0.962500        52955        26.67
   16064.511     0.968750        53286        32.00
   16179.199     0.971875        53460        35.56
   16310.271     0.975000        53630        40.00
   16433.151     0.978125        53798        45.71
   16580.607     0.981250        53980        53.33
   16719.871     0.984375        54146        64.00
   16793.599     0.985938        54232        71.11
   16891.903     0.987500        54316        80.00
   17022.975     0.989062        54400        91.43
   17186.815     0.990625        54487       106.67
   17334.271     0.992188        54579       128.00
   17416.191     0.992969        54621       142.22
   17530.879     0.993750        54663       160.00
   17645.567     0.994531        54703       182.86
   17760.255     0.995313        54744       213.33
   17891.327     0.996094        54793       256.00
   17940.479     0.996484        54810       284.44
   18022.399     0.996875        54838       320.00
   18120.703     0.997266        54852       365.71
   18284.543     0.997656        54874       426.67
   18382.847     0.998047        54894       512.00
   18448.383     0.998242        54906       568.89
   18530.303     0.998437        54917       640.00
   18579.455     0.998633        54925       731.43
   18661.375     0.998828        54937       853.33
   18743.295     0.999023        54947      1024.00
   18776.063     0.999121        54952      1137.78
   18890.751     0.999219        54958      1280.00
   18939.903     0.999316        54963      1462.86
   19021.823     0.999414        54968      1706.67
   19202.047     0.999512        54974      2048.00
   19234.815     0.999561        54976      2275.56
   19398.655     0.999609        54979      2560.00
   19431.423     0.999658        54982      2925.71
   19628.031     0.999707        54984      3413.33
   19726.335     0.999756        54987      4096.00
   19775.487     0.999780        54988      4551.11
   20037.631     0.999805        54990      5120.00
   20283.391     0.999829        54991      5851.43
   20348.927     0.999854        54992      6826.67
   20414.463     0.999878        54994      8192.00
   20414.463     0.999890        54994      9102.22
   20430.847     0.999902        54995     10240.00
   20447.231     0.999915        54996     11702.86
   20447.231     0.999927        54996     13653.33
   20529.151     0.999939        54997     16384.00
   20529.151     0.999945        54997     18204.44
   20545.535     0.999951        54998     20480.00
   20545.535     0.999957        54998     23405.71
   20545.535     0.999963        54998     27306.67
   20578.303     0.999969        54999     32768.00
   20578.303     0.999973        54999     36408.89
   20578.303     0.999976        54999     40960.00
   20578.303     0.999979        54999     46811.43
   20578.303     0.999982        54999     54613.33
   20709.375     0.999985        55000     65536.00
   20709.375     1.000000        55000          inf
#[Mean    =    10026.729, StdDeviation   =     3343.247]
#[Max     =    20692.992, Total count    =        55000]
#[Buckets =           27, SubBuckets     =         2048]
----------------------------------------------------------
  84644 requests in 30.00s, 856.78MB read
  Non-2xx or 3xx responses: 74
Requests/sec:   2821.50
Transfer/sec:     28.56MB
