No argument supplied nginx
using  args: threads=4 and connections=512 and duration=30 and requests=4000
Running 30s test @ http://localhost:8080
  4 threads and 512 connections
  Thread calibration: mean lat.: 118.856ms, rate sampling interval: 705ms
  Thread calibration: mean lat.: 111.923ms, rate sampling interval: 602ms
  Thread calibration: mean lat.: 131.728ms, rate sampling interval: 795ms
  Thread calibration: mean lat.: 122.847ms, rate sampling interval: 761ms
  Thread Stats   Avg      Stdev     99%   +/- Stdev
    Latency     2.32s     2.47s    9.61s    83.05%
    Req/Sec   795.81     28.04     0.85k    70.54%
  Latency Distribution (HdrHistogram - Recorded Latency)
 50.000%    1.44s 
 75.000%    3.68s 
 90.000%    6.10s 
 99.000%    9.61s 
 99.900%   11.65s 
 99.990%   12.85s 
 99.999%   13.32s 
100.000%   13.54s 

  Detailed Percentile spectrum:
       Value   Percentile   TotalCount 1/(1-Percentile)

       1.747     0.000000            1         1.00
      99.903     0.100000         6319         1.11
     187.263     0.200000        12643         1.25
     371.967     0.300000        18953         1.43
     783.359     0.400000        25265         1.67
    1444.863     0.500000        31593         2.00
    1810.431     0.550000        34744         2.22
    2209.791     0.600000        37911         2.50
    2641.919     0.650000        41060         2.86
    3141.631     0.700000        44216         3.33
    3684.351     0.750000        47380         4.00
    3989.503     0.775000        48959         4.44
    4321.279     0.800000        50552         5.00
    4694.015     0.825000        52111         5.71
    5124.095     0.850000        53695         6.67
    5574.655     0.875000        55273         8.00
    5828.607     0.887500        56065         8.89
    6098.943     0.900000        56854        10.00
    6385.663     0.912500        57645        11.43
    6733.823     0.925000        58426        13.33
    7081.983     0.937500        59221        16.00
    7278.591     0.943750        59617        17.78
    7483.391     0.950000        60008        20.00
    7692.287     0.956250        60401        22.86
    7925.759     0.962500        60799        26.67
    8216.575     0.968750        61193        32.00
    8384.511     0.971875        61390        35.56
    8544.255     0.975000        61583        40.00
    8716.287     0.978125        61784        45.71
    8896.511     0.981250        61985        53.33
    9076.735     0.984375        62176        64.00
    9207.807     0.985938        62275        71.11
    9330.687     0.987500        62373        80.00
    9502.719     0.989062        62475        91.43
    9674.751     0.990625        62573       106.67
    9879.551     0.992188        62670       128.00
   10002.431     0.992969        62720       142.22
   10125.311     0.993750        62770       160.00
   10272.767     0.994531        62820       182.86
   10420.223     0.995313        62870       213.33
   10567.679     0.996094        62919       256.00
   10649.599     0.996484        62940       284.44
   10747.903     0.996875        62966       320.00
   10878.975     0.997266        62992       365.71
   10993.663     0.997656        63014       426.67
   11157.503     0.998047        63039       512.00
   11214.847     0.998242        63051       568.89
   11304.959     0.998437        63064       640.00
   11378.687     0.998633        63077       731.43
   11517.951     0.998828        63088       853.33
   11681.791     0.999023        63101      1024.00
   11747.327     0.999121        63107      1137.78
   11902.975     0.999219        63114      1280.00
   11927.551     0.999316        63119      1462.86
   12066.815     0.999414        63125      1706.67
   12173.311     0.999512        63132      2048.00
   12222.463     0.999561        63135      2275.56
   12320.767     0.999609        63138      2560.00
   12402.687     0.999658        63141      2925.71
   12419.071     0.999707        63144      3413.33
   12541.951     0.999756        63147      4096.00
   12599.295     0.999780        63149      4551.11
   12640.255     0.999805        63150      5120.00
   12664.831     0.999829        63152      5851.43
   12697.599     0.999854        63153      6826.67
   12795.903     0.999878        63155      8192.00
   12845.055     0.999890        63156      9102.22
   12845.055     0.999902        63156     10240.00
   12943.359     0.999915        63157     11702.86
   12992.511     0.999927        63158     13653.33
   13238.271     0.999939        63159     16384.00
   13238.271     0.999945        63159     18204.44
   13238.271     0.999951        63159     20480.00
   13271.039     0.999957        63160     23405.71
   13271.039     0.999963        63160     27306.67
   13320.191     0.999969        63161     32768.00
   13320.191     0.999973        63161     36408.89
   13320.191     0.999976        63161     40960.00
   13320.191     0.999979        63161     46811.43
   13320.191     0.999982        63161     54613.33
   13541.375     0.999985        63162     65536.00
   13541.375     1.000000        63162          inf
#[Mean    =     2318.594, StdDeviation   =     2466.470]
#[Max     =    13533.184, Total count    =        63162]
#[Buckets =           27, SubBuckets     =         2048]
----------------------------------------------------------
  99248 requests in 30.03s, 0.90GB read
  Non-2xx or 3xx responses: 2
Requests/sec:   3304.76
Transfer/sec:     30.70MB
