Using argument nginx
using  args: threads=4 and connections=8 and duration=30 and requests=1500
Running 30s test @ http://10.10.1.5:5000
  4 threads and 8 connections
  Thread calibration: mean lat.: 2.837ms, rate sampling interval: 11ms
  Thread calibration: mean lat.: 2.897ms, rate sampling interval: 11ms
  Thread calibration: mean lat.: 2.876ms, rate sampling interval: 11ms
  Thread calibration: mean lat.: 2.960ms, rate sampling interval: 11ms
  Thread Stats   Avg      Stdev     99%   +/- Stdev
    Latency     2.86ms    2.04ms   9.94ms   81.94%
    Req/Sec   390.68    184.65     0.90k    62.78%
  Latency Distribution (HdrHistogram - Recorded Latency)
 50.000%    2.20ms
 75.000%    3.77ms
 90.000%    5.59ms
 99.000%    9.94ms
 99.900%   14.41ms
 99.990%   18.70ms
 99.999%   19.66ms
100.000%   19.66ms

  Detailed Percentile spectrum:
       Value   Percentile   TotalCount 1/(1-Percentile)

       0.349     0.000000            1         1.00
       0.942     0.100000         2985         1.11
       1.334     0.200000         5963         1.25
       1.494     0.300000         8947         1.43
       1.719     0.400000        11928         1.67
       2.201     0.500000        14904         2.00
       2.497     0.550000        16400         2.22
       2.773     0.600000        17887         2.50
       3.053     0.650000        19374         2.86
       3.383     0.700000        20867         3.33
       3.773     0.750000        22355         4.00
       3.989     0.775000        23102         4.44
       4.243     0.800000        23847         5.00
       4.511     0.825000        24596         5.71
       4.815     0.850000        25338         6.67
       5.167     0.875000        26086         8.00
       5.371     0.887500        26457         8.89
       5.591     0.900000        26827        10.00
       5.835     0.912500        27203        11.43
       6.115     0.925000        27575        13.33
       6.467     0.937500        27947        16.00
       6.691     0.943750        28130        17.78
       6.911     0.950000        28316        20.00
       7.135     0.956250        28506        22.86
       7.423     0.962500        28690        26.67
       7.779     0.968750        28875        32.00
       7.983     0.971875        28969        35.56
       8.199     0.975000        29064        40.00
       8.423     0.978125        29155        45.71
       8.679     0.981250        29250        53.33
       9.023     0.984375        29341        64.00
       9.215     0.985938        29387        71.11
       9.423     0.987500        29434        80.00
       9.703     0.989062        29480        91.43
      10.031     0.990625        29529       106.67
      10.375     0.992188        29575       128.00
      10.583     0.992969        29597       142.22
      10.951     0.993750        29622       160.00
      11.159     0.994531        29643       182.86
      11.471     0.995313        29668       213.33
      11.799     0.996094        29690       256.00
      12.031     0.996484        29703       284.44
      12.231     0.996875        29713       320.00
      12.431     0.997266        29725       365.71
      12.767     0.997656        29737       426.67
      13.079     0.998047        29748       512.00
      13.255     0.998242        29754       568.89
      13.623     0.998437        29760       640.00
      13.951     0.998633        29766       731.43
      14.215     0.998828        29772       853.33
      14.447     0.999023        29777      1024.00
      14.615     0.999121        29780      1137.78
      14.759     0.999219        29783      1280.00
      15.071     0.999316        29786      1462.86
      15.839     0.999414        29789      1706.67
      15.991     0.999512        29792      2048.00
      16.023     0.999561        29793      2275.56
      16.303     0.999609        29795      2560.00
      16.623     0.999658        29796      2925.71
      16.959     0.999707        29798      3413.33
      17.151     0.999756        29799      4096.00
      17.887     0.999780        29800      4551.11
      18.031     0.999805        29801      5120.00
      18.031     0.999829        29801      5851.43
      18.415     0.999854        29802      6826.67
      18.703     0.999878        29803      8192.00
      18.703     0.999890        29803      9102.22
      19.055     0.999902        29804     10240.00
      19.055     0.999915        29804     11702.86
      19.055     0.999927        29804     13653.33
      19.311     0.999939        29805     16384.00
      19.311     0.999945        29805     18204.44
      19.311     0.999951        29805     20480.00
      19.311     0.999957        29805     23405.71
      19.311     0.999963        29805     27306.67
      19.663     0.999969        29806     32768.00
      19.663     1.000000        29806          inf
#[Mean    =        2.858, StdDeviation   =        2.044]
#[Max     =       19.648, Total count    =        29806]
#[Buckets =           27, SubBuckets     =         2048]
----------------------------------------------------------
  44793 requests in 30.00s, 18.47MB read
Requests/sec:   1492.93
Transfer/sec:    630.35KB
