Using argument nginx
using  args: threads=4 and connections=8 and duration=30 and requests=1500
Running 30s test @ http://10.10.1.8:8080/wrk2-api/user-timeline/read
  4 threads and 8 connections
  Thread calibration: mean lat.: 5.041ms, rate sampling interval: 15ms
  Thread calibration: mean lat.: 4.559ms, rate sampling interval: 14ms
  Thread calibration: mean lat.: 4.745ms, rate sampling interval: 15ms
  Thread calibration: mean lat.: 5.010ms, rate sampling interval: 16ms
  Thread Stats   Avg      Stdev     99%   +/- Stdev
    Latency     4.30ms    2.25ms  12.51ms   86.40%
    Req/Sec   385.38    143.30   714.00     65.12%
  Latency Distribution (HdrHistogram - Recorded Latency)
 50.000%    3.21ms
 75.000%    5.32ms
 90.000%    7.24ms
 99.000%   12.51ms
 99.900%   17.44ms
 99.990%   21.15ms
 99.999%   24.33ms
100.000%   24.33ms

  Detailed Percentile spectrum:
       Value   Percentile   TotalCount 1/(1-Percentile)

       2.151     0.000000            1         1.00
       2.595     0.100000         3003         1.11
       2.715     0.200000         5970         1.25
       2.825     0.300000         8945         1.43
       2.963     0.400000        11934         1.67
       3.207     0.500000        14908         2.00
       3.503     0.550000        16395         2.22
       3.971     0.600000        17884         2.50
       4.343     0.650000        19374         2.86
       4.835     0.700000        20869         3.33
       5.319     0.750000        22362         4.00
       5.495     0.775000        23107         4.44
       5.691     0.800000        23845         5.00
       5.951     0.825000        24590         5.71
       6.323     0.850000        25340         6.67
       6.751     0.875000        26085         8.00
       6.987     0.887500        26454         8.89
       7.247     0.900000        26828        10.00
       7.591     0.912500        27200        11.43
       7.979     0.925000        27575        13.33
       8.375     0.937500        27951        16.00
       8.599     0.943750        28134        17.78
       8.839     0.950000        28321        20.00
       9.151     0.956250        28505        22.86
       9.543     0.962500        28691        26.67
       9.935     0.968750        28876        32.00
      10.143     0.971875        28968        35.56
      10.447     0.975000        29062        40.00
      10.807     0.978125        29154        45.71
      11.175     0.981250        29249        53.33
      11.519     0.984375        29341        64.00
      11.735     0.985938        29387        71.11
      12.015     0.987500        29434        80.00
      12.287     0.989062        29482        91.43
      12.663     0.990625        29527       106.67
      13.087     0.992188        29575       128.00
      13.399     0.992969        29597       142.22
      13.703     0.993750        29620       160.00
      14.183     0.994531        29643       182.86
      14.519     0.995313        29667       213.33
      14.895     0.996094        29693       256.00
      15.047     0.996484        29703       284.44
      15.263     0.996875        29713       320.00
      15.607     0.997266        29725       365.71
      15.871     0.997656        29737       426.67
      16.095     0.998047        29748       512.00
      16.263     0.998242        29754       568.89
      16.495     0.998437        29760       640.00
      16.927     0.998633        29766       731.43
      17.279     0.998828        29772       853.33
      17.439     0.999023        29777      1024.00
      17.615     0.999121        29780      1137.78
      17.775     0.999219        29783      1280.00
      18.207     0.999316        29787      1462.86
      18.351     0.999414        29789      1706.67
      19.055     0.999512        29792      2048.00
      19.103     0.999561        29793      2275.56
      19.311     0.999609        29795      2560.00
      19.439     0.999658        29796      2925.71
      19.663     0.999707        29798      3413.33
      20.367     0.999756        29799      4096.00
      20.655     0.999780        29800      4551.11
      20.767     0.999805        29801      5120.00
      20.767     0.999829        29801      5851.43
      21.007     0.999854        29802      6826.67
      21.151     0.999878        29803      8192.00
      21.151     0.999890        29803      9102.22
      21.839     0.999902        29804     10240.00
      21.839     0.999915        29804     11702.86
      21.839     0.999927        29804     13653.33
      23.327     0.999939        29805     16384.00
      23.327     0.999945        29805     18204.44
      23.327     0.999951        29805     20480.00
      23.327     0.999957        29805     23405.71
      23.327     0.999963        29805     27306.67
      24.335     0.999969        29806     32768.00
      24.335     1.000000        29806          inf
#[Mean    =        4.301, StdDeviation   =        2.254]
#[Max     =       24.320, Total count    =        29806]
#[Buckets =           27, SubBuckets     =         2048]
----------------------------------------------------------
  44790 requests in 30.00s, 7.86MB read
Requests/sec:   1492.95
Transfer/sec:    268.26KB
