Using argument nginx
using  args: threads=4 and connections=512 and duration=30 and requests=6000
Running 30s test @ http://10.10.1.2:5000
  4 threads and 512 connections
  Thread calibration: mean lat.: 3016.374ms, rate sampling interval: 11059ms
  Thread calibration: mean lat.: 2912.388ms, rate sampling interval: 10567ms
  Thread calibration: mean lat.: 3012.551ms, rate sampling interval: 10690ms
  Thread calibration: mean lat.: 3032.937ms, rate sampling interval: 10993ms
  Thread Stats   Avg      Stdev     99%   +/- Stdev
    Latency    11.73s     3.50s   18.56s    59.60%
    Req/Sec   609.75      3.96   615.00     75.00%
  Latency Distribution (HdrHistogram - Recorded Latency)
 50.000%   11.76s 
 75.000%   14.60s 
 90.000%   16.48s 
 99.000%   18.56s 
 99.900%   19.78s 
 99.990%   20.45s 
 99.999%   20.71s 
100.000%   20.71s 

  Detailed Percentile spectrum:
       Value   Percentile   TotalCount 1/(1-Percentile)

    3424.255     0.000000            1         1.00
    7016.447     0.100000         4903         1.11
    8151.039     0.200000         9804         1.25
    9379.839     0.300000        14716         1.43
   10584.063     0.400000        19601         1.67
   11763.711     0.500000        24514         2.00
   12312.575     0.550000        26935         2.22
   12869.631     0.600000        29376         2.50
   13443.071     0.650000        31835         2.86
   14024.703     0.700000        34272         3.33
   14598.143     0.750000        36747         4.00
   14884.863     0.775000        37948         4.44
   15204.351     0.800000        39194         5.00
   15499.263     0.825000        40392         5.71
   15818.751     0.850000        41621         6.67
   16146.431     0.875000        42839         8.00
   16310.271     0.887500        43471         8.89
   16482.303     0.900000        44085        10.00
   16662.527     0.912500        44681        11.43
   16859.135     0.925000        45298        13.33
   17055.743     0.937500        45930        16.00
   17154.047     0.943750        46220        17.78
   17285.119     0.950000        46536        20.00
   17416.191     0.956250        46822        22.86
   17547.263     0.962500        47117        26.67
   17711.103     0.968750        47444        32.00
   17793.023     0.971875        47587        35.56
   17891.327     0.975000        47748        40.00
   17989.631     0.978125        47887        45.71
   18104.319     0.981250        48038        53.33
   18251.775     0.984375        48188        64.00
   18333.695     0.985938        48275        71.11
   18415.615     0.987500        48352        80.00
   18497.535     0.989062        48421        91.43
   18595.839     0.990625        48505       106.67
   18694.143     0.992188        48576       128.00
   18759.679     0.992969        48612       142.22
   18857.983     0.993750        48651       160.00
   18907.135     0.994531        48686       182.86
   19005.439     0.995313        48732       213.33
   19087.359     0.996094        48763       256.00
   19136.511     0.996484        48784       284.44
   19202.047     0.996875        48800       320.00
   19267.583     0.997266        48828       365.71
   19300.351     0.997656        48840       426.67
   19398.655     0.998047        48857       512.00
   19480.575     0.998242        48867       568.89
   19578.879     0.998437        48878       640.00
   19644.415     0.998633        48888       731.43
   19693.567     0.998828        48895       853.33
   19775.487     0.999023        48905      1024.00
   19857.407     0.999121        48909      1137.78
   19906.559     0.999219        48914      1280.00
   19955.711     0.999316        48919      1462.86
   20054.015     0.999414        48924      1706.67
   20135.935     0.999512        48931      2048.00
   20135.935     0.999561        48931      2275.56
   20168.703     0.999609        48933      2560.00
   20217.855     0.999658        48936      2925.71
   20250.623     0.999707        48938      3413.33
   20381.695     0.999756        48941      4096.00
   20398.079     0.999780        48942      4551.11
   20414.463     0.999805        48944      5120.00
   20414.463     0.999829        48944      5851.43
   20430.847     0.999854        48946      6826.67
   20447.231     0.999878        48947      8192.00
   20447.231     0.999890        48947      9102.22
   20512.767     0.999902        48948     10240.00
   20512.767     0.999915        48948     11702.86
   20529.151     0.999927        48949     13653.33
   20561.919     0.999939        48950     16384.00
   20561.919     0.999945        48950     18204.44
   20561.919     0.999951        48950     20480.00
   20561.919     0.999957        48950     23405.71
   20578.303     0.999963        48951     27306.67
   20578.303     0.999969        48951     32768.00
   20578.303     0.999973        48951     36408.89
   20578.303     0.999976        48951     40960.00
   20578.303     0.999979        48951     46811.43
   20709.375     0.999982        48952     54613.33
   20709.375     1.000000        48952          inf
#[Mean    =    11734.598, StdDeviation   =     3500.094]
#[Max     =    20692.992, Total count    =        48952]
#[Buckets =           27, SubBuckets     =         2048]
----------------------------------------------------------
  73803 requests in 30.01s, 30.59MB read
Requests/sec:   2459.31
Transfer/sec:      1.02MB
