Using argument nginx
using  args: threads=4 and connections=512 and duration=30 and requests=4000
Running 30s test @ http://10.10.1.4:8080/wrk2-api/user-timeline/read
  4 threads and 512 connections
  Thread calibration: mean lat.: 546.235ms, rate sampling interval: 2838ms
  Thread calibration: mean lat.: 584.961ms, rate sampling interval: 3006ms
  Thread calibration: mean lat.: 604.504ms, rate sampling interval: 3174ms
  Thread calibration: mean lat.: 590.631ms, rate sampling interval: 3033ms
  Thread Stats   Avg      Stdev     99%   +/- Stdev
    Latency     3.71s     1.74s    8.04s    66.53%
    Req/Sec   776.68     30.64   834.00     68.00%
  Latency Distribution (HdrHistogram - Recorded Latency)
 50.000%    3.56s 
 75.000%    4.86s 
 90.000%    6.10s 
 99.000%    8.04s 
 99.900%    9.34s 
 99.990%   10.65s 
 99.999%   11.03s 
100.000%   11.04s 

  Detailed Percentile spectrum:
       Value   Percentile   TotalCount 1/(1-Percentile)

      19.727     0.000000            1         1.00
    1554.431     0.100000         6122         1.11
    2156.543     0.200000        12250         1.25
    2637.823     0.300000        18361         1.43
    3110.911     0.400000        24492         1.67
    3555.327     0.500000        30600         2.00
    3794.943     0.550000        33660         2.22
    4057.087     0.600000        36736         2.50
    4313.087     0.650000        39789         2.86
    4575.231     0.700000        42866         3.33
    4861.951     0.750000        45910         4.00
    5029.887     0.775000        47438         4.44
    5206.015     0.800000        48989         5.00
    5390.335     0.825000        50523         5.71
    5595.135     0.850000        52051         6.67
    5828.607     0.875000        53558         8.00
    5947.391     0.887500        54323         8.89
    6098.943     0.900000        55090        10.00
    6258.687     0.912500        55851        11.43
    6414.335     0.925000        56620        13.33
    6610.943     0.937500        57383        16.00
    6717.439     0.943750        57778        17.78
    6823.935     0.950000        58150        20.00
    6938.623     0.956250        58526        22.86
    7069.695     0.962500        58910        26.67
    7213.055     0.968750        59295        32.00
    7294.975     0.971875        59484        35.56
    7389.183     0.975000        59675        40.00
    7483.391     0.978125        59868        45.71
    7610.367     0.981250        60054        53.33
    7729.151     0.984375        60245        64.00
    7798.783     0.985938        60341        71.11
    7892.991     0.987500        60439        80.00
    7974.911     0.989062        60533        91.43
    8089.599     0.990625        60627       106.67
    8224.767     0.992188        60722       128.00
    8306.687     0.992969        60771       142.22
    8396.799     0.993750        60820       160.00
    8495.103     0.994531        60869       182.86
    8568.831     0.995313        60915       213.33
    8691.711     0.996094        60961       256.00
    8757.247     0.996484        60985       284.44
    8822.783     0.996875        61009       320.00
    8896.511     0.997266        61034       365.71
    8970.239     0.997656        61059       426.67
    9060.351     0.998047        61082       512.00
    9109.503     0.998242        61095       568.89
    9166.847     0.998437        61107       640.00
    9215.999     0.998633        61118       731.43
    9306.111     0.998828        61131       853.33
    9355.263     0.999023        61143      1024.00
    9396.223     0.999121        61147      1137.78
    9478.143     0.999219        61154      1280.00
    9527.295     0.999316        61160      1462.86
    9641.983     0.999414        61166      1706.67
    9895.935     0.999512        61171      2048.00
    9977.855     0.999561        61174      2275.56
   10092.543     0.999609        61177      2560.00
   10207.231     0.999658        61180      2925.71
   10436.607     0.999707        61183      3413.33
   10518.527     0.999756        61186      4096.00
   10534.911     0.999780        61187      4551.11
   10543.103     0.999805        61189      5120.00
   10567.679     0.999829        61190      5851.43
   10633.215     0.999854        61192      6826.67
   10641.407     0.999878        61193      8192.00
   10649.599     0.999890        61194      9102.22
   10936.319     0.999902        61195     10240.00
   10936.319     0.999915        61195     11702.86
   10985.471     0.999927        61197     13653.33
   10985.471     0.999939        61197     16384.00
   10985.471     0.999945        61197     18204.44
   11001.855     0.999951        61198     20480.00
   11001.855     0.999957        61198     23405.71
   11001.855     0.999963        61198     27306.67
   11026.431     0.999969        61199     32768.00
   11026.431     0.999973        61199     36408.89
   11026.431     0.999976        61199     40960.00
   11026.431     0.999979        61199     46811.43
   11026.431     0.999982        61199     54613.33
   11042.815     0.999985        61200     65536.00
   11042.815     1.000000        61200          inf
#[Mean    =     3712.736, StdDeviation   =     1735.257]
#[Max     =    11034.624, Total count    =        61200]
#[Buckets =           27, SubBuckets     =         2048]
----------------------------------------------------------
  95079 requests in 30.00s, 16.68MB read
Requests/sec:   3169.09
Transfer/sec:    569.45KB
