Using argument nginx
using  args: threads=4 and connections=512 and duration=30 and requests=15000
Running 30s test @ http://10.10.1.4:8080/wrk2-api/user-timeline/read
  4 threads and 512 connections
  Thread calibration: mean lat.: 3831.962ms, rate sampling interval: 13991ms
  Thread calibration: mean lat.: 3861.918ms, rate sampling interval: 13959ms
  Thread calibration: mean lat.: 3880.655ms, rate sampling interval: 14098ms
  Thread calibration: mean lat.: 3841.420ms, rate sampling interval: 13918ms
  Thread Stats   Avg      Stdev     99%   +/- Stdev
    Latency    15.81s     4.61s   23.46s    56.88%
    Req/Sec   764.75      2.49   768.00     75.00%
  Latency Distribution (HdrHistogram - Recorded Latency)
 50.000%   15.69s 
 75.000%   20.04s 
 90.000%   21.97s 
 99.000%   23.46s 
 99.900%   24.08s 
 99.990%   24.48s 
 99.999%   24.51s 
100.000%   24.66s 

  Detailed Percentile spectrum:
       Value   Percentile   TotalCount 1/(1-Percentile)

    6643.711     0.000000            1         1.00
    9658.367     0.100000         6515         1.11
   11042.815     0.200000        13002         1.25
   12394.495     0.300000        19452         1.43
   13991.935     0.400000        25968         1.67
   15687.679     0.500000        32439         2.00
   16719.871     0.550000        35674         2.22
   17727.487     0.600000        38932         2.50
   18677.759     0.650000        42163         2.86
   19398.655     0.700000        45450         3.33
   20037.631     0.750000        48700         4.00
   20348.927     0.775000        50271         4.44
   20676.607     0.800000        51939         5.00
   21004.287     0.825000        53564         5.71
   21315.583     0.850000        55112         6.67
   21643.263     0.875000        56764         8.00
   21807.103     0.887500        57561         8.89
   21970.943     0.900000        58351        10.00
   22151.167     0.912500        59236        11.43
   22315.007     0.925000        60007        13.33
   22495.231     0.937500        60834        16.00
   22577.151     0.943750        61193        17.78
   22675.455     0.950000        61645        20.00
   22757.375     0.956250        62001        22.86
   22872.063     0.962500        62439        26.67
   22970.367     0.968750        62827        32.00
   23035.903     0.971875        63039        35.56
   23101.439     0.975000        63257        40.00
   23166.975     0.978125        63465        45.71
   23232.511     0.981250        63663        53.33
   23298.047     0.984375        63844        64.00
   23330.815     0.985938        63921        71.11
   23379.967     0.987500        64027        80.00
   23429.119     0.989062        64144        91.43
   23494.655     0.990625        64248       106.67
   23543.807     0.992188        64337       128.00
   23576.575     0.992969        64384       142.22
   23609.343     0.993750        64429       160.00
   23658.495     0.994531        64495       182.86
   23691.263     0.995313        64534       213.33
   23740.415     0.996094        64586       256.00
   23773.183     0.996484        64611       284.44
   23805.951     0.996875        64638       320.00
   23838.719     0.997266        64661       365.71
   23887.871     0.997656        64685       426.67
   23937.023     0.998047        64714       512.00
   23953.407     0.998242        64726       568.89
   23969.791     0.998437        64733       640.00
   24002.559     0.998633        64747       731.43
   24051.711     0.998828        64761       853.33
   24084.479     0.999023        64768      1024.00
   24133.631     0.999121        64777      1137.78
   24150.015     0.999219        64782      1280.00
   24182.783     0.999316        64788      1462.86
   24231.935     0.999414        64798      1706.67
   24248.319     0.999512        64801      2048.00
   24297.471     0.999561        64806      2275.56
   24297.471     0.999609        64806      2560.00
   24330.239     0.999658        64812      2925.71
   24346.623     0.999707        64814      3413.33
   24379.391     0.999756        64817      4096.00
   24379.391     0.999780        64817      4551.11
   24395.775     0.999805        64819      5120.00
   24412.159     0.999829        64820      5851.43
   24444.927     0.999854        64822      6826.67
   24477.695     0.999878        64826      8192.00
   24477.695     0.999890        64826      9102.22
   24477.695     0.999902        64826     10240.00
   24477.695     0.999915        64826     11702.86
   24494.079     0.999927        64827     13653.33
   24510.463     0.999939        64830     16384.00
   24510.463     0.999945        64830     18204.44
   24510.463     0.999951        64830     20480.00
   24510.463     0.999957        64830     23405.71
   24510.463     0.999963        64830     27306.67
   24510.463     0.999969        64830     32768.00
   24510.463     0.999973        64830     36408.89
   24510.463     0.999976        64830     40960.00
   24510.463     0.999979        64830     46811.43
   24510.463     0.999982        64830     54613.33
   24657.919     0.999985        64831     65536.00
   24657.919     1.000000        64831          inf
#[Mean    =    15812.518, StdDeviation   =     4607.348]
#[Max     =    24641.536, Total count    =        64831]
#[Buckets =           27, SubBuckets     =         2048]
----------------------------------------------------------
  99262 requests in 30.00s, 17.42MB read
  Socket errors: connect 0, read 0, write 0, timeout 995
  Non-2xx or 3xx responses: 1
Requests/sec:   3308.66
Transfer/sec:    594.53KB
