Using argument nginx
using  args: threads=4 and connections=512 and duration=30 and requests=1000
Running 30s test @ http://10.10.1.4:8080/wrk2-api/user-timeline/read
  4 threads and 512 connections
  Thread calibration: mean lat.: 4.159ms, rate sampling interval: 10ms
  Thread calibration: mean lat.: 4.169ms, rate sampling interval: 10ms
  Thread calibration: mean lat.: 4.173ms, rate sampling interval: 10ms
  Thread calibration: mean lat.: 4.195ms, rate sampling interval: 10ms
  Thread Stats   Avg      Stdev     99%   +/- Stdev
    Latency     4.17ms  452.52us   5.60ms   77.55%
    Req/Sec   263.39    165.63   700.00     75.12%
  Latency Distribution (HdrHistogram - Recorded Latency)
 50.000%    4.11ms
 75.000%    4.38ms
 90.000%    4.68ms
 99.000%    5.60ms
 99.900%    7.81ms
 99.990%    8.66ms
 99.999%    9.20ms
100.000%    9.20ms

  Detailed Percentile spectrum:
       Value   Percentile   TotalCount 1/(1-Percentile)

       3.221     0.000000            1         1.00
       3.703     0.100000         1995         1.11
       3.829     0.200000         3980         1.25
       3.929     0.300000         5970         1.43
       4.019     0.400000         7977         1.67
       4.111     0.500000        10008         2.00
       4.155     0.550000        10949         2.22
       4.207     0.600000        11964         2.50
       4.259     0.650000        12958         2.86
       4.315     0.700000        13958         3.33
       4.375     0.750000        14926         4.00
       4.415     0.775000        15453         4.44
       4.455     0.800000        15920         5.00
       4.503     0.825000        16430         5.71
       4.547     0.850000        16891         6.67
       4.607     0.875000        17422         8.00
       4.639     0.887500        17655         8.89
       4.675     0.900000        17899        10.00
       4.715     0.912500        18145        11.43
       4.763     0.925000        18387        13.33
       4.819     0.937500        18636        16.00
       4.855     0.943750        18759        17.78
       4.895     0.950000        18878        20.00
       4.939     0.956250        19005        22.86
       4.991     0.962500        19126        26.67
       5.067     0.968750        19255        32.00
       5.107     0.971875        19319        35.56
       5.151     0.975000        19380        40.00
       5.195     0.978125        19437        45.71
       5.263     0.981250        19501        53.33
       5.343     0.984375        19561        64.00
       5.403     0.985938        19592        71.11
       5.467     0.987500        19624        80.00
       5.547     0.989062        19654        91.43
       5.663     0.990625        19685       106.67
       5.783     0.992188        19717       128.00
       5.899     0.992969        19732       142.22
       6.015     0.993750        19747       160.00
       6.259     0.994531        19764       182.86
       6.479     0.995313        19778       213.33
       6.675     0.996094        19796       256.00
       6.727     0.996484        19803       284.44
       6.859     0.996875        19809       320.00
       6.983     0.997266        19817       365.71
       7.123     0.997656        19825       426.67
       7.271     0.998047        19833       512.00
       7.399     0.998242        19837       568.89
       7.427     0.998437        19840       640.00
       7.599     0.998633        19844       731.43
       7.727     0.998828        19848       853.33
       7.807     0.999023        19852      1024.00
       7.875     0.999121        19854      1137.78
       7.999     0.999219        19856      1280.00
       8.163     0.999316        19858      1462.86
       8.271     0.999414        19860      1706.67
       8.311     0.999512        19862      2048.00
       8.343     0.999561        19863      2275.56
       8.383     0.999609        19864      2560.00
       8.391     0.999658        19865      2925.71
       8.423     0.999707        19866      3413.33
       8.527     0.999756        19867      4096.00
       8.527     0.999780        19867      4551.11
       8.607     0.999805        19868      5120.00
       8.607     0.999829        19868      5851.43
       8.663     0.999854        19869      6826.67
       8.663     0.999878        19869      8192.00
       8.663     0.999890        19869      9102.22
       8.991     0.999902        19870     10240.00
       8.991     0.999915        19870     11702.86
       8.991     0.999927        19870     13653.33
       8.991     0.999939        19870     16384.00
       8.991     0.999945        19870     18204.44
       9.199     0.999951        19871     20480.00
       9.199     1.000000        19871          inf
#[Mean    =        4.171, StdDeviation   =        0.453]
#[Max     =        9.192, Total count    =        19871]
#[Buckets =           27, SubBuckets     =         2048]
----------------------------------------------------------
  29630 requests in 30.00s, 5.20MB read
  Socket errors: connect 0, read 0, write 0, timeout 149
Requests/sec:    987.56
Transfer/sec:    177.45KB
