Using argument nginx
using  args: threads=4 and connections=512 and duration=30 and requests=10000
Running 30s test @ http://10.10.1.4:8080/wrk2-api/user-timeline/read
  4 threads and 512 connections
  Thread calibration: mean lat.: 2970.587ms, rate sampling interval: 11231ms
  Thread calibration: mean lat.: 2994.848ms, rate sampling interval: 11378ms
  Thread calibration: mean lat.: 3035.862ms, rate sampling interval: 11517ms
  Thread calibration: mean lat.: 2990.331ms, rate sampling interval: 10616ms
  Thread Stats   Avg      Stdev     99%   +/- Stdev
    Latency    12.69s     3.70s   19.87s    62.28%
    Req/Sec   840.50      5.17   846.00     75.00%
  Latency Distribution (HdrHistogram - Recorded Latency)
 50.000%   12.61s 
 75.000%   15.63s 
 90.000%   17.84s 
 99.000%   19.87s 
 99.900%   20.74s 
 99.990%   21.22s 
 99.999%   21.32s 
100.000%   21.41s 

  Detailed Percentile spectrum:
       Value   Percentile   TotalCount 1/(1-Percentile)

    4763.647     0.000000            1         1.00
    7610.367     0.100000         6454         1.11
    9158.655     0.200000        12931         1.25
   10264.575     0.300000        19336         1.43
   11460.607     0.400000        25820         1.67
   12607.487     0.500000        32226         2.00
   13197.311     0.550000        35450         2.22
   13803.519     0.600000        38694         2.50
   14409.727     0.650000        41923         2.86
   15024.127     0.700000        45136         3.33
   15630.335     0.750000        48356         4.00
   15941.631     0.775000        49969         4.44
   16269.311     0.800000        51561         5.00
   16621.567     0.825000        53181         5.71
   17006.591     0.850000        54790         6.67
   17416.191     0.875000        56412         8.00
   17629.183     0.887500        57203         8.89
   17842.175     0.900000        58009        10.00
   18071.551     0.912500        58847        11.43
   18300.927     0.925000        59653        13.33
   18546.687     0.937500        60480        16.00
   18661.375     0.943750        60840        17.78
   18792.447     0.950000        61257        20.00
   18923.519     0.956250        61652        22.86
   19054.591     0.962500        62062        26.67
   19202.047     0.968750        62475        32.00
   19283.967     0.971875        62664        35.56
   19365.887     0.975000        62862        40.00
   19447.807     0.978125        63046        45.71
   19546.111     0.981250        63270        53.33
   19644.415     0.984375        63457        64.00
   19693.567     0.985938        63552        71.11
   19759.103     0.987500        63647        80.00
   19824.639     0.989062        63747        91.43
   19906.559     0.990625        63860       106.67
   19972.095     0.992188        63961       128.00
   20004.863     0.992969        63996       142.22
   20070.399     0.993750        64062       160.00
   20119.551     0.994531        64103       182.86
   20185.087     0.995313        64155       213.33
   20267.007     0.996094        64204       256.00
   20299.775     0.996484        64230       284.44
   20348.927     0.996875        64255       320.00
   20414.463     0.997266        64282       365.71
   20447.231     0.997656        64297       426.67
   20512.767     0.998047        64327       512.00
   20545.535     0.998242        64336       568.89
   20594.687     0.998437        64354       640.00
   20643.839     0.998633        64362       731.43
   20709.375     0.998828        64374       853.33
   20742.143     0.999023        64386      1024.00
   20791.295     0.999121        64394      1137.78
   20824.063     0.999219        64401      1280.00
   20873.215     0.999316        64407      1462.86
   20905.983     0.999414        64411      1706.67
   20938.751     0.999512        64420      2048.00
   20938.751     0.999561        64420      2275.56
   20987.903     0.999609        64423      2560.00
   21020.671     0.999658        64427      2925.71
   21069.823     0.999707        64432      3413.33
   21086.207     0.999756        64433      4096.00
   21102.591     0.999780        64434      4551.11
   21135.359     0.999805        64436      5120.00
   21151.743     0.999829        64438      5851.43
   21168.127     0.999854        64439      6826.67
   21184.511     0.999878        64441      8192.00
   21184.511     0.999890        64441      9102.22
   21217.279     0.999902        64442     10240.00
   21233.663     0.999915        64443     11702.86
   21282.815     0.999927        64446     13653.33
   21282.815     0.999939        64446     16384.00
   21282.815     0.999945        64446     18204.44
   21282.815     0.999951        64446     20480.00
   21282.815     0.999957        64446     23405.71
   21282.815     0.999963        64446     27306.67
   21315.583     0.999969        64447     32768.00
   21315.583     0.999973        64447     36408.89
   21315.583     0.999976        64447     40960.00
   21315.583     0.999979        64447     46811.43
   21315.583     0.999982        64447     54613.33
   21413.887     0.999985        64448     65536.00
   21413.887     1.000000        64448          inf
#[Mean    =    12688.606, StdDeviation   =     3702.912]
#[Max     =    21397.504, Total count    =        64448]
#[Buckets =           27, SubBuckets     =         2048]
----------------------------------------------------------
  100396 requests in 30.03s, 17.62MB read
  Socket errors: connect 0, read 0, write 0, timeout 35
  Non-2xx or 3xx responses: 1
Requests/sec:   3343.45
Transfer/sec:    600.78KB
