Using argument nginx
using  args: threads=4 and connections=512 and duration=30 and requests=15000
Running 30s test @ http://10.10.1.6:5000
  4 threads and 512 connections
  Thread calibration: mean lat.: 63.663ms, rate sampling interval: 276ms
  Thread calibration: mean lat.: 55.954ms, rate sampling interval: 247ms
  Thread calibration: mean lat.: 58.502ms, rate sampling interval: 265ms
  Thread calibration: mean lat.: 61.439ms, rate sampling interval: 266ms
  Thread Stats   Avg      Stdev     99%   +/- Stdev
    Latency    30.02ms   55.97ms 298.24ms   91.95%
    Req/Sec     3.76k   402.05     4.48k    86.96%
  Latency Distribution (HdrHistogram - Recorded Latency)
 50.000%   13.01ms
 75.000%   22.19ms
 90.000%   59.87ms
 99.000%  298.24ms
 99.900%  424.45ms
 99.990%  563.20ms
 99.999%  618.49ms
100.000%  647.17ms

  Detailed Percentile spectrum:
       Value   Percentile   TotalCount 1/(1-Percentile)

       0.383     0.000000            1         1.00
       4.311     0.100000        29909         1.11
       6.575     0.200000        59789         1.25
       8.703     0.300000        89719         1.43
      10.783     0.400000       119646         1.67
      13.007     0.500000       149490         2.00
      14.231     0.550000       164504         2.22
      15.591     0.600000       179386         2.50
      17.263     0.650000       194421         2.86
      19.343     0.700000       209289         3.33
      22.191     0.750000       224289         4.00
      24.031     0.775000       231707         4.44
      26.447     0.800000       239179         5.00
      29.583     0.825000       246651         5.71
      34.335     0.850000       254120         6.67
      42.399     0.875000       261596         8.00
      49.503     0.887500       265313         8.89
      59.871     0.900000       269061        10.00
      75.135     0.912500       272798        11.43
      95.615     0.925000       276535        13.33
     121.727     0.937500       280272        16.00
     137.087     0.943750       282141        17.78
     152.959     0.950000       283996        20.00
     170.751     0.956250       285865        22.86
     189.311     0.962500       287739        26.67
     208.767     0.968750       289610        32.00
     219.135     0.971875       290547        35.56
     230.527     0.975000       291476        40.00
     242.175     0.978125       292415        45.71
     254.719     0.981250       293340        53.33
     269.567     0.984375       294276        64.00
     276.223     0.985938       294741        71.11
     284.159     0.987500       295221        80.00
     292.607     0.989062       295681        91.43
     302.079     0.990625       296152       106.67
     311.807     0.992188       296615       128.00
     318.207     0.992969       296848       142.22
     324.351     0.993750       297085       160.00
     331.775     0.994531       297316       182.86
     339.967     0.995313       297545       213.33
     350.207     0.996094       297777       256.00
     355.839     0.996484       297893       284.44
     362.239     0.996875       298009       320.00
     370.431     0.997266       298128       365.71
     377.855     0.997656       298243       426.67
     387.583     0.998047       298360       512.00
     394.239     0.998242       298418       568.89
     401.663     0.998437       298478       640.00
     409.087     0.998633       298535       731.43
     416.511     0.998828       298593       853.33
     427.263     0.999023       298652      1024.00
     433.663     0.999121       298682      1137.78
     437.759     0.999219       298711      1280.00
     447.231     0.999316       298739      1462.86
     454.143     0.999414       298768      1706.67
     464.127     0.999512       298798      2048.00
     472.063     0.999561       298814      2275.56
     478.719     0.999609       298827      2560.00
     488.191     0.999658       298841      2925.71
     495.359     0.999707       298856      3413.33
     509.951     0.999756       298871      4096.00
     515.839     0.999780       298878      4551.11
     521.471     0.999805       298887      5120.00
     527.359     0.999829       298893      5851.43
     536.063     0.999854       298900      6826.67
     547.839     0.999878       298907      8192.00
     552.959     0.999890       298911      9102.22
     564.735     0.999902       298914     10240.00
     570.367     0.999915       298918     11702.86
     573.439     0.999927       298922     13653.33
     577.535     0.999939       298925     16384.00
     581.631     0.999945       298927     18204.44
     593.407     0.999951       298929     20480.00
     600.063     0.999957       298931     23405.71
     605.695     0.999963       298933     27306.67
     606.719     0.999969       298934     32768.00
     607.231     0.999973       298935     36408.89
     609.279     0.999976       298936     40960.00
     613.887     0.999979       298937     46811.43
     614.911     0.999982       298938     54613.33
     615.935     0.999985       298939     65536.00
     615.935     0.999986       298939     72817.78
     618.495     0.999988       298940     81920.00
     618.495     0.999989       298940     93622.86
     632.319     0.999991       298942    109226.67
     632.319     0.999992       298942    131072.00
     632.319     0.999993       298942    145635.56
     632.319     0.999994       298942    163840.00
     632.319     0.999995       298942    187245.71
     632.319     0.999995       298942    218453.33
     632.319     0.999996       298942    262144.00
     632.319     0.999997       298942    291271.11
     647.167     0.999997       298943    327680.00
     647.167     1.000000       298943          inf
#[Mean    =       30.015, StdDeviation   =       55.974]
#[Max     =      646.656, Total count    =       298943]
#[Buckets =           27, SubBuckets     =         2048]
----------------------------------------------------------
  442424 requests in 30.00s, 183.12MB read
Requests/sec:  14747.79
Transfer/sec:      6.10MB
