Using argument nginx
using  args: threads=4 and connections=512 and duration=30 and requests=4000
Running 30s test @ http://10.10.1.6:5000
  4 threads and 512 connections
  Thread calibration: mean lat.: 2.033ms, rate sampling interval: 10ms
  Thread calibration: mean lat.: 2.035ms, rate sampling interval: 10ms
  Thread calibration: mean lat.: 2.040ms, rate sampling interval: 10ms
  Thread calibration: mean lat.: 2.028ms, rate sampling interval: 10ms
  Thread Stats   Avg      Stdev     99%   +/- Stdev
    Latency     2.05ms    1.87ms   5.88ms   91.92%
    Req/Sec     1.06k   342.59     1.90k    68.01%
  Latency Distribution (HdrHistogram - Recorded Latency)
 50.000%    1.58ms
 75.000%    2.68ms
 90.000%    3.70ms
 99.000%    5.88ms
 99.900%   28.37ms
 99.990%   62.17ms
 99.999%   73.15ms
100.000%   78.27ms

  Detailed Percentile spectrum:
       Value   Percentile   TotalCount 1/(1-Percentile)

       0.349     0.000000            1         1.00
       0.789     0.100000         8019         1.11
       0.923     0.200000        15983         1.25
       1.220     0.300000        23956         1.43
       1.430     0.400000        31955         1.67
       1.583     0.500000        39918         2.00
       1.692     0.550000        43913         2.22
       1.889     0.600000        47905         2.50
       2.203     0.650000        51914         2.86
       2.451     0.700000        55916         3.33
       2.681     0.750000        59880         4.00
       2.805     0.775000        61868         4.44
       2.941     0.800000        63872         5.00
       3.087     0.825000        65854         5.71
       3.261     0.850000        67868         6.67
       3.463     0.875000        69861         8.00
       3.579     0.887500        70856         8.89
       3.703     0.900000        71854        10.00
       3.847     0.912500        72851        11.43
       4.001     0.925000        73844        13.33
       4.183     0.937500        74852        16.00
       4.291     0.943750        75333        17.78
       4.419     0.950000        75845        20.00
       4.551     0.956250        76338        22.86
       4.703     0.962500        76836        26.67
       4.887     0.968750        77329        32.00
       4.979     0.971875        77584        35.56
       5.071     0.975000        77830        40.00
       5.199     0.978125        78080        45.71
       5.335     0.981250        78329        53.33
       5.491     0.984375        78581        64.00
       5.579     0.985938        78704        71.11
       5.667     0.987500        78831        80.00
       5.795     0.989062        78953        91.43
       5.939     0.990625        79074       106.67
       6.123     0.992188        79203       128.00
       6.227     0.992969        79263       142.22
       6.399     0.993750        79324       160.00
       6.587     0.994531        79386       182.86
       6.891     0.995313        79448       213.33
       7.315     0.996094        79511       256.00
       7.703     0.996484        79542       284.44
       8.279     0.996875        79573       320.00
       9.175     0.997266        79606       365.71
      11.535     0.997656        79635       426.67
      15.031     0.998047        79667       512.00
      17.119     0.998242        79682       568.89
      19.599     0.998437        79698       640.00
      22.591     0.998633        79713       731.43
      25.519     0.998828        79729       853.33
      28.895     0.999023        79746      1024.00
      30.367     0.999121        79752      1137.78
      31.407     0.999219        79760      1280.00
      32.383     0.999316        79768      1462.86
      35.327     0.999414        79776      1706.67
      37.087     0.999512        79784      2048.00
      37.567     0.999561        79787      2275.56
      39.327     0.999609        79791      2560.00
      42.207     0.999658        79795      2925.71
      43.551     0.999707        79799      3413.33
      45.727     0.999756        79803      4096.00
      45.887     0.999780        79805      4551.11
      46.879     0.999805        79807      5120.00
      51.487     0.999829        79809      5851.43
      52.511     0.999854        79811      6826.67
      56.959     0.999878        79813      8192.00
      62.175     0.999890        79814      9102.22
      63.007     0.999902        79815     10240.00
      63.967     0.999915        79816     11702.86
      66.111     0.999927        79817     13653.33
      66.495     0.999939        79818     16384.00
      66.495     0.999945        79818     18204.44
      68.287     0.999951        79819     20480.00
      68.287     0.999957        79819     23405.71
      68.671     0.999963        79820     27306.67
      68.671     0.999969        79820     32768.00
      68.671     0.999973        79820     36408.89
      73.151     0.999976        79821     40960.00
      73.151     0.999979        79821     46811.43
      73.151     0.999982        79821     54613.33
      73.151     0.999985        79821     65536.00
      73.151     0.999986        79821     72817.78
      78.271     0.999988        79822     81920.00
      78.271     1.000000        79822          inf
#[Mean    =        2.054, StdDeviation   =        1.868]
#[Max     =       78.208, Total count    =        79822]
#[Buckets =           27, SubBuckets     =         2048]
----------------------------------------------------------
  118950 requests in 30.00s, 49.13MB read
Requests/sec:   3964.92
Transfer/sec:      1.64MB
