Using argument nginx
using  args: threads=4 and connections=512 and duration=30 and requests=2000
Running 30s test @ http://10.10.1.6:5000
  4 threads and 512 connections
  Thread calibration: mean lat.: 1.825ms, rate sampling interval: 10ms
  Thread calibration: mean lat.: 1.796ms, rate sampling interval: 10ms
  Thread calibration: mean lat.: 1.840ms, rate sampling interval: 10ms
  Thread calibration: mean lat.: 1.839ms, rate sampling interval: 10ms
  Thread Stats   Avg      Stdev     99%   +/- Stdev
    Latency     1.80ms    1.20ms   5.25ms   86.15%
    Req/Sec   526.92    238.07     1.11k    68.36%
  Latency Distribution (HdrHistogram - Recorded Latency)
 50.000%    1.43ms
 75.000%    2.41ms
 90.000%    3.28ms
 99.000%    5.25ms
 99.900%   12.73ms
 99.990%   21.82ms
 99.999%   25.71ms
100.000%   25.71ms

  Detailed Percentile spectrum:
       Value   Percentile   TotalCount 1/(1-Percentile)

       0.322     0.000000            1         1.00
       0.748     0.100000         3981         1.11
       0.839     0.200000         7951         1.25
       1.097     0.300000        11931         1.43
       1.315     0.400000        15902         1.67
       1.428     0.500000        19882         2.00
       1.489     0.550000        21883         2.22
       1.576     0.600000        23844         2.50
       1.818     0.650000        25831         2.86
       2.195     0.700000        27822         3.33
       2.409     0.750000        29804         4.00
       2.509     0.775000        30803         4.44
       2.621     0.800000        31798         5.00
       2.757     0.825000        32791         5.71
       2.905     0.850000        33778         6.67
       3.071     0.875000        34777         8.00
       3.171     0.887500        35277         8.89
       3.283     0.900000        35763        10.00
       3.423     0.912500        36267        11.43
       3.561     0.925000        36761        13.33
       3.717     0.937500        37253        16.00
       3.811     0.943750        37503        17.78
       3.919     0.950000        37750        20.00
       4.037     0.956250        38001        22.86
       4.159     0.962500        38253        26.67
       4.315     0.968750        38497        32.00
       4.403     0.971875        38621        35.56
       4.503     0.975000        38743        40.00
       4.603     0.978125        38869        45.71
       4.739     0.981250        38992        53.33
       4.883     0.984375        39116        64.00
       4.947     0.985938        39179        71.11
       5.031     0.987500        39241        80.00
       5.179     0.989062        39302        91.43
       5.287     0.990625        39367       106.67
       5.443     0.992188        39426       128.00
       5.523     0.992969        39458       142.22
       5.651     0.993750        39489       160.00
       5.767     0.994531        39520       182.86
       5.999     0.995313        39550       213.33
       6.359     0.996094        39581       256.00
       6.491     0.996484        39597       284.44
       6.739     0.996875        39612       320.00
       7.167     0.997266        39628       365.71
       7.655     0.997656        39643       426.67
       8.815     0.998047        39659       512.00
       9.847     0.998242        39668       568.89
      11.015     0.998437        39674       640.00
      11.351     0.998633        39682       731.43
      11.919     0.998828        39690       853.33
      13.039     0.999023        39698      1024.00
      14.919     0.999121        39702      1137.78
      15.223     0.999219        39705      1280.00
      15.783     0.999316        39710      1462.86
      16.015     0.999414        39713      1706.67
      16.591     0.999512        39717      2048.00
      16.799     0.999561        39719      2275.56
      17.551     0.999609        39721      2560.00
      18.175     0.999658        39723      2925.71
      19.343     0.999707        39725      3413.33
      20.015     0.999756        39727      4096.00
      20.399     0.999780        39728      4551.11
      20.751     0.999805        39729      5120.00
      21.023     0.999829        39730      5851.43
      21.167     0.999854        39731      6826.67
      21.823     0.999878        39732      8192.00
      21.823     0.999890        39732      9102.22
      22.127     0.999902        39733     10240.00
      22.127     0.999915        39733     11702.86
      23.951     0.999927        39734     13653.33
      23.951     0.999939        39734     16384.00
      23.951     0.999945        39734     18204.44
      24.223     0.999951        39735     20480.00
      24.223     0.999957        39735     23405.71
      24.223     0.999963        39735     27306.67
      24.223     0.999969        39735     32768.00
      24.223     0.999973        39735     36408.89
      25.711     0.999976        39736     40960.00
      25.711     1.000000        39736          inf
#[Mean    =        1.802, StdDeviation   =        1.204]
#[Max     =       25.696, Total count    =        39736]
#[Buckets =           27, SubBuckets     =         2048]
----------------------------------------------------------
  59648 requests in 30.00s, 24.71MB read
  Socket errors: connect 0, read 0, write 0, timeout 6
Requests/sec:   1988.09
Transfer/sec:    843.27KB
