No argument supplied nginx
using  args: threads=4 and connections=512 and duration=30 and requests=10000
Running 30s test @ http://localhost:5000
  4 threads and 512 connections
  Thread calibration: mean lat.: 3544.902ms, rate sampling interval: 12443ms
  Thread calibration: mean lat.: 3561.924ms, rate sampling interval: 12525ms
  Thread calibration: mean lat.: 3511.678ms, rate sampling interval: 12287ms
  Thread calibration: mean lat.: 3505.076ms, rate sampling interval: 12320ms
  Thread Stats   Avg      Stdev     99%   +/- Stdev
    Latency    13.79s     4.01s   21.10s    58.69%
    Req/Sec   771.25      0.83   772.00    100.00%
  Latency Distribution (HdrHistogram - Recorded Latency)
 50.000%   13.66s 
 75.000%   17.24s 
 90.000%   19.37s 
 99.000%   21.10s 
 99.900%   21.97s 
 99.990%   22.38s 
 99.999%   22.54s 
100.000%   22.66s 

  Detailed Percentile spectrum:
       Value   Percentile   TotalCount 1/(1-Percentile)

    5242.879     0.000000            1         1.00
    8343.551     0.100000         6119         1.11
    9723.903     0.200000        12211         1.25
   11018.239     0.300000        18333         1.43
   12345.343     0.400000        24423         1.67
   13664.255     0.500000        30508         2.00
   14352.383     0.550000        33583         2.22
   15089.663     0.600000        36617         2.50
   15826.943     0.650000        39685         2.86
   16539.647     0.700000        42720         3.33
   17235.967     0.750000        45815         4.00
   17596.415     0.775000        47337         4.44
   17940.479     0.800000        48854         5.00
   18284.543     0.825000        50349         5.71
   18644.991     0.850000        51892         6.67
   19005.439     0.875000        53397         8.00
   19185.663     0.887500        54197         8.89
   19365.887     0.900000        54937        10.00
   19546.111     0.912500        55708        11.43
   19726.335     0.925000        56468        13.33
   19939.327     0.937500        57253        16.00
   20037.631     0.943750        57633        17.78
   20135.935     0.950000        57975        20.00
   20250.623     0.956250        58389        22.86
   20365.311     0.962500        58773        26.67
   20496.383     0.968750        59144        32.00
   20561.919     0.971875        59325        35.56
   20643.839     0.975000        59510        40.00
   20725.759     0.978125        59715        45.71
   20807.679     0.981250        59866        53.33
   20905.983     0.984375        60086        64.00
   20955.135     0.985938        60161        71.11
   21004.287     0.987500        60251        80.00
   21069.823     0.989062        60365        91.43
   21135.359     0.990625        60458       106.67
   21200.895     0.992188        60540       128.00
   21250.047     0.992969        60591       142.22
   21299.199     0.993750        60640       160.00
   21348.351     0.994531        60683       182.86
   21397.503     0.995313        60724       213.33
   21479.423     0.996094        60781       256.00
   21512.191     0.996484        60803       284.44
   21544.959     0.996875        60822       320.00
   21594.111     0.997266        60844       365.71
   21643.263     0.997656        60868       426.67
   21725.183     0.998047        60895       512.00
   21741.567     0.998242        60902       568.89
   21790.719     0.998437        60916       640.00
   21839.871     0.998633        60929       731.43
   21889.023     0.998828        60939       853.33
   21970.943     0.999023        60950      1024.00
   21987.327     0.999121        60959      1137.78
   22020.095     0.999219        60965      1280.00
   22052.863     0.999316        60968      1462.86
   22102.015     0.999414        60974      1706.67
   22134.783     0.999512        60982      2048.00
   22151.167     0.999561        60986      2275.56
   22151.167     0.999609        60986      2560.00
   22183.935     0.999658        60990      2925.71
   22200.319     0.999707        60994      3413.33
   22233.087     0.999756        60995      4096.00
   22265.855     0.999780        60996      4551.11
   22298.623     0.999805        60998      5120.00
   22315.007     0.999829        60999      5851.43
   22380.543     0.999854        61003      6826.67
   22380.543     0.999878        61003      8192.00
   22380.543     0.999890        61003      9102.22
   22396.927     0.999902        61005     10240.00
   22396.927     0.999915        61005     11702.86
   22396.927     0.999927        61005     13653.33
   22413.311     0.999939        61006     16384.00
   22413.311     0.999945        61006     18204.44
   22495.231     0.999951        61007     20480.00
   22495.231     0.999957        61007     23405.71
   22495.231     0.999963        61007     27306.67
   22544.383     0.999969        61008     32768.00
   22544.383     0.999973        61008     36408.89
   22544.383     0.999976        61008     40960.00
   22544.383     0.999979        61008     46811.43
   22544.383     0.999982        61008     54613.33
   22659.071     0.999985        61009     65536.00
   22659.071     1.000000        61009          inf
#[Mean    =    13794.340, StdDeviation   =     4013.192]
#[Max     =    22642.688, Total count    =        61009]
#[Buckets =           27, SubBuckets     =         2048]
----------------------------------------------------------
  91319 requests in 30.02s, 37.71MB read
Requests/sec:   3041.47
Transfer/sec:      1.26MB
