No argument supplied nginx
using  args: threads=4 and connections=512 and duration=30 and requests=6000
Running 30s test @ http://localhost:5000
  4 threads and 512 connections
  Thread calibration: mean lat.: 2905.835ms, rate sampling interval: 12181ms
  Thread calibration: mean lat.: 3262.105ms, rate sampling interval: 11714ms
  Thread calibration: mean lat.: 3075.677ms, rate sampling interval: 12296ms
  Thread calibration: mean lat.: 3016.299ms, rate sampling interval: 12247ms
  Thread Stats   Avg      Stdev     99%   +/- Stdev
    Latency    13.70s     4.15s   21.50s    58.72%
    Req/Sec   450.50      2.06   453.00    100.00%
  Latency Distribution (HdrHistogram - Recorded Latency)
 50.000%   13.66s 
 75.000%   17.22s 
 90.000%   19.37s 
 99.000%   21.50s 
 99.900%   22.51s 
 99.990%   23.56s 
 99.999%   24.08s 
100.000%   24.08s 

  Detailed Percentile spectrum:
       Value   Percentile   TotalCount 1/(1-Percentile)

    4231.167     0.000000            1         1.00
    8110.079     0.100000         3599         1.11
    9412.607     0.200000         7209         1.25
   10772.479     0.300000        10805         1.43
   12173.311     0.400000        14383         1.67
   13664.255     0.500000        17994         2.00
   14393.343     0.550000        19787         2.22
   15138.815     0.600000        21591         2.50
   15851.519     0.650000        23391         2.86
   16531.455     0.700000        25171         3.33
   17219.583     0.750000        27014         4.00
   17530.879     0.775000        27873         4.44
   17891.327     0.800000        28782         5.00
   18251.775     0.825000        29675         5.71
   18612.223     0.850000        30576         6.67
   18989.055     0.875000        31478         8.00
   19169.279     0.887500        31936         8.89
   19365.887     0.900000        32381        10.00
   19562.495     0.912500        32827        11.43
   19775.487     0.925000        33266        13.33
   20004.863     0.937500        33727        16.00
   20119.551     0.943750        33950        17.78
   20250.623     0.950000        34184        20.00
   20381.695     0.956250        34388        22.86
   20529.151     0.962500        34619        26.67
   20692.991     0.968750        34833        32.00
   20774.911     0.971875        34947        35.56
   20889.599     0.975000        35075        40.00
   20987.903     0.978125        35174        45.71
   21102.591     0.981250        35295        53.33
   21217.279     0.984375        35404        64.00
   21266.431     0.985938        35459        71.11
   21348.351     0.987500        35507        80.00
   21430.271     0.989062        35565        91.43
   21528.575     0.990625        35623       106.67
   21610.495     0.992188        35678       128.00
   21659.647     0.992969        35704       142.22
   21725.183     0.993750        35732       160.00
   21790.719     0.994531        35760       182.86
   21889.023     0.995313        35794       213.33
   21938.175     0.996094        35818       256.00
   21970.943     0.996484        35832       284.44
   22003.711     0.996875        35843       320.00
   22102.015     0.997266        35862       365.71
   22151.167     0.997656        35873       426.67
   22216.703     0.998047        35887       512.00
   22249.471     0.998242        35892       568.89
   22347.775     0.998437        35900       640.00
   22413.311     0.998633        35907       731.43
   22446.079     0.998828        35913       853.33
   22527.999     0.999023        35922      1024.00
   22544.383     0.999121        35925      1137.78
   22577.151     0.999219        35928      1280.00
   22609.919     0.999316        35931      1462.86
   22675.455     0.999414        35934      1706.67
   22872.063     0.999512        35938      2048.00
   22904.831     0.999561        35940      2275.56
   22937.599     0.999609        35941      2560.00
   22970.367     0.999658        35943      2925.71
   23052.287     0.999707        35945      3413.33
   23216.127     0.999756        35947      4096.00
   23248.895     0.999780        35948      4551.11
   23248.895     0.999805        35948      5120.00
   23265.279     0.999829        35949      5851.43
   23396.351     0.999854        35950      6826.67
   23560.191     0.999878        35951      8192.00
   23592.959     0.999890        35952      9102.22
   23592.959     0.999902        35952     10240.00
   23592.959     0.999915        35952     11702.86
   23658.495     0.999927        35954     13653.33
   23658.495     0.999939        35954     16384.00
   23658.495     0.999945        35954     18204.44
   23658.495     0.999951        35954     20480.00
   23658.495     0.999957        35954     23405.71
   23658.495     0.999963        35954     27306.67
   23658.495     0.999969        35954     32768.00
   24084.479     0.999973        35955     36408.89
   24084.479     1.000000        35955          inf
#[Mean    =    13696.355, StdDeviation   =     4153.863]
#[Max     =    24068.096, Total count    =        35955]
#[Buckets =           27, SubBuckets     =         2048]
----------------------------------------------------------
  53595 requests in 30.06s, 22.22MB read
Requests/sec:   1782.97
Transfer/sec:    756.98KB
