No argument supplied nginx
using  args: threads=4 and connections=512 and duration=30 and requests=10000
Running 30s test @ http://localhost:8080
  4 threads and 512 connections
  Thread calibration: mean lat.: 3557.055ms, rate sampling interval: 14893ms
  Thread calibration: mean lat.: 3537.930ms, rate sampling interval: 14753ms
  Thread calibration: mean lat.: 3822.997ms, rate sampling interval: 13950ms
  Thread calibration: mean lat.: 3964.818ms, rate sampling interval: 14163ms
  Thread Stats   Avg      Stdev     99%   +/- Stdev
    Latency    16.66s     4.94s   25.33s    58.62%
    Req/Sec   355.75      2.49   359.00     75.00%
  Latency Distribution (HdrHistogram - Recorded Latency)
 50.000%   16.70s 
 75.000%   20.89s 
 90.000%   23.46s 
 99.000%   25.33s 
 99.900%   26.13s 
 99.990%   26.41s 
 99.999%   26.66s 
100.000%   26.66s 

  Detailed Percentile spectrum:
       Value   Percentile   TotalCount 1/(1-Percentile)

    6823.935     0.000000            1         1.00
    9814.015     0.100000         2840         1.11
   11591.679     0.200000         5672         1.25
   13287.423     0.300000         8511         1.43
   14991.359     0.400000        11345         1.67
   16703.487     0.500000        14186         2.00
   17547.263     0.550000        15608         2.22
   18350.079     0.600000        17022         2.50
   19202.047     0.650000        18464         2.86
   20021.247     0.700000        19851         3.33
   20889.599     0.750000        21287         4.00
   21315.583     0.775000        21987         4.44
   21725.183     0.800000        22702         5.00
   22151.167     0.825000        23418         5.71
   22593.535     0.850000        24121         6.67
   23035.903     0.875000        24834         8.00
   23248.895     0.887500        25178         8.89
   23461.887     0.900000        25530        10.00
   23674.879     0.912500        25886        11.43
   23887.871     0.925000        26234        13.33
   24100.863     0.937500        26598        16.00
   24215.551     0.943750        26769        17.78
   24330.239     0.950000        26950        20.00
   24461.311     0.956250        27126        22.86
   24575.999     0.962500        27305        26.67
   24707.071     0.968750        27478        32.00
   24788.991     0.971875        27569        35.56
   24887.295     0.975000        27671        40.00
   24952.831     0.978125        27746        45.71
   25051.135     0.981250        27841        53.33
   25149.439     0.984375        27928        64.00
   25182.207     0.985938        27962        71.11
   25231.359     0.987500        28004        80.00
   25296.895     0.989062        28054        91.43
   25378.815     0.990625        28103       106.67
   25427.967     0.992188        28136       128.00
   25460.735     0.992969        28158       142.22
   25509.887     0.993750        28183       160.00
   25559.039     0.994531        28203       182.86
   25624.575     0.995313        28226       213.33
   25690.111     0.996094        28247       256.00
   25739.263     0.996484        28262       284.44
   25772.031     0.996875        28269       320.00
   25804.799     0.997266        28281       365.71
   25870.335     0.997656        28294       426.67
   25903.103     0.998047        28303       512.00
   25935.871     0.998242        28309       568.89
   26001.407     0.998437        28316       640.00
   26017.791     0.998633        28319       731.43
   26083.327     0.998828        28325       853.33
   26148.863     0.999023        28330      1024.00
   26181.631     0.999121        28334      1137.78
   26198.015     0.999219        28336      1280.00
   26247.167     0.999316        28341      1462.86
   26247.167     0.999414        28341      1706.67
   26279.935     0.999512        28348      2048.00
   26279.935     0.999561        28348      2275.56
   26279.935     0.999609        28348      2560.00
   26279.935     0.999658        28348      2925.71
   26312.703     0.999707        28353      3413.33
   26312.703     0.999756        28353      4096.00
   26312.703     0.999780        28353      4551.11
   26312.703     0.999805        28353      5120.00
   26312.703     0.999829        28353      5851.43
   26312.703     0.999854        28353      6826.67
   26411.007     0.999878        28354      8192.00
   26411.007     0.999890        28354      9102.22
   26509.311     0.999902        28355     10240.00
   26509.311     0.999915        28355     11702.86
   26509.311     0.999927        28355     13653.33
   26623.999     0.999939        28356     16384.00
   26623.999     0.999945        28356     18204.44
   26623.999     0.999951        28356     20480.00
   26623.999     0.999957        28356     23405.71
   26623.999     0.999963        28356     27306.67
   26656.767     0.999969        28357     32768.00
   26656.767     1.000000        28357          inf
#[Mean    =    16663.363, StdDeviation   =     4935.339]
#[Max     =    26640.384, Total count    =        28357]
#[Buckets =           27, SubBuckets     =         2048]
----------------------------------------------------------
  42708 requests in 30.01s, 406.28MB read
  Non-2xx or 3xx responses: 65
Requests/sec:   1423.19
Transfer/sec:     13.54MB
