No argument supplied nginx
using  args: threads=4 and connections=512 and duration=30 and requests=2000
Running 30s test @ http://localhost:8080
  4 threads and 512 connections
  Thread calibration: mean lat.: 3.864ms, rate sampling interval: 11ms
  Thread calibration: mean lat.: 3.851ms, rate sampling interval: 11ms
  Thread calibration: mean lat.: 3.872ms, rate sampling interval: 11ms
  Thread calibration: mean lat.: 3.862ms, rate sampling interval: 11ms
  Thread Stats   Avg      Stdev     99%   +/- Stdev
    Latency     3.98ms    1.52ms   7.41ms   62.42%
    Req/Sec   523.68    220.98     1.10k    66.04%
  Latency Distribution (HdrHistogram - Recorded Latency)
 50.000%    4.39ms
 75.000%    4.99ms
 90.000%    5.64ms
 99.000%    7.41ms
 99.900%    9.20ms
 99.990%   11.03ms
 99.999%   12.92ms
100.000%   12.92ms

  Detailed Percentile spectrum:
       Value   Percentile   TotalCount 1/(1-Percentile)

       1.137     0.000000            1         1.00
       1.736     0.100000         3978         1.11
       1.994     0.200000         7943         1.25
       3.221     0.300000        11913         1.43
       4.035     0.400000        15880         1.67
       4.391     0.500000        19882         2.00
       4.515     0.550000        21868         2.22
       4.631     0.600000        23862         2.50
       4.747     0.650000        25863         2.86
       4.863     0.700000        27794         3.33
       4.995     0.750000        29808         4.00
       5.067     0.775000        30782         4.44
       5.147     0.800000        31766         5.00
       5.243     0.825000        32748         5.71
       5.351     0.850000        33748         6.67
       5.479     0.875000        34751         8.00
       5.555     0.887500        35244         8.89
       5.639     0.900000        35736        10.00
       5.739     0.912500        36219        11.43
       5.851     0.925000        36721        13.33
       5.991     0.937500        37207        16.00
       6.067     0.943750        37456        17.78
       6.167     0.950000        37704        20.00
       6.267     0.956250        37958        22.86
       6.391     0.962500        38200        26.67
       6.527     0.968750        38446        32.00
       6.603     0.971875        38572        35.56
       6.699     0.975000        38694        40.00
       6.803     0.978125        38819        45.71
       6.927     0.981250        38942        53.33
       7.083     0.984375        39066        64.00
       7.159     0.985938        39129        71.11
       7.255     0.987500        39190        80.00
       7.351     0.989062        39255        91.43
       7.467     0.990625        39314       106.67
       7.599     0.992188        39378       128.00
       7.711     0.992969        39409       142.22
       7.779     0.993750        39438       160.00
       7.867     0.994531        39469       182.86
       7.991     0.995313        39500       213.33
       8.163     0.996094        39531       256.00
       8.231     0.996484        39547       284.44
       8.335     0.996875        39563       320.00
       8.447     0.997266        39578       365.71
       8.551     0.997656        39593       426.67
       8.719     0.998047        39609       512.00
       8.783     0.998242        39618       568.89
       8.871     0.998437        39626       640.00
       8.927     0.998633        39632       731.43
       9.031     0.998828        39640       853.33
       9.223     0.999023        39648      1024.00
       9.383     0.999121        39652      1137.78
       9.455     0.999219        39655      1280.00
       9.615     0.999316        39659      1462.86
       9.663     0.999414        39663      1706.67
       9.839     0.999512        39667      2048.00
       9.903     0.999561        39669      2275.56
      10.071     0.999609        39671      2560.00
      10.247     0.999658        39673      2925.71
      10.375     0.999707        39675      3413.33
      10.623     0.999756        39677      4096.00
      10.663     0.999780        39678      4551.11
      10.767     0.999805        39679      5120.00
      10.807     0.999829        39680      5851.43
      10.903     0.999854        39681      6826.67
      11.031     0.999878        39682      8192.00
      11.031     0.999890        39682      9102.22
      11.407     0.999902        39683     10240.00
      11.407     0.999915        39683     11702.86
      12.119     0.999927        39684     13653.33
      12.119     0.999939        39684     16384.00
      12.119     0.999945        39684     18204.44
      12.871     0.999951        39685     20480.00
      12.871     0.999957        39685     23405.71
      12.871     0.999963        39685     27306.67
      12.871     0.999969        39685     32768.00
      12.871     0.999973        39685     36408.89
      12.919     0.999976        39686     40960.00
      12.919     1.000000        39686          inf
#[Mean    =        3.982, StdDeviation   =        1.523]
#[Max     =       12.912, Total count    =        39686]
#[Buckets =           27, SubBuckets     =         2048]
----------------------------------------------------------
  59180 requests in 30.00s, 484.16MB read
  Socket errors: connect 0, read 0, write 0, timeout 8
Requests/sec:   1972.44
Transfer/sec:     16.14MB
