Using argument nginx
using  args: threads=4 and connections=512 and duration=150 and requests=6000
Running 2m test @ http://10.10.1.4:8080/wrk2-api/user-timeline/read
  4 threads and 512 connections
  Thread calibration: mean lat.: 200.779ms, rate sampling interval: 1003ms
  Thread calibration: mean lat.: 202.911ms, rate sampling interval: 1019ms
  Thread calibration: mean lat.: 260.886ms, rate sampling interval: 1348ms
  Thread calibration: mean lat.: 215.106ms, rate sampling interval: 1111ms
  Thread Stats   Avg      Stdev     99%   +/- Stdev
    Latency    25.60s    23.29s    1.00m    53.27%
    Req/Sec     0.89k   518.50     1.46k    52.28%
  Latency Distribution (HdrHistogram - Recorded Latency)
 50.000%    9.91s 
 75.000%   48.63s 
 90.000%    0.90m 
 99.000%    1.00m 
 99.900%    1.05m 
 99.990%    1.08m 
 99.999%    1.10m 
100.000%    1.11m 

  Detailed Percentile spectrum:
       Value   Percentile   TotalCount 1/(1-Percentile)

      11.167     0.000000            1         1.00
    1420.287     0.100000        49851         1.11
    2103.295     0.200000        99693         1.25
    3024.895     0.300000       149572         1.43
    4583.423     0.400000       199405         1.67
    9912.319     0.500000       249213         2.00
   42369.023     0.550000       274307         2.22
   44367.871     0.600000       299521         2.50
   45842.431     0.650000       324419         2.86
   47218.687     0.700000       349158         3.33
   48627.711     0.750000       373895         4.00
   49414.143     0.775000       386749         4.44
   50200.575     0.800000       398944         5.00
   51052.543     0.825000       411633         5.71
   51937.279     0.850000       423959         6.67
   52887.551     0.875000       436178         8.00
   53411.839     0.887500       442523         8.89
   53968.895     0.900000       448860        10.00
   54558.719     0.912500       455116        11.43
   55148.543     0.925000       461144        13.33
   55803.903     0.937500       467320        16.00
   56164.351     0.943750       470554        17.78
   56524.799     0.950000       473561        20.00
   56918.015     0.956250       476792        22.86
   57311.231     0.962500       479882        26.67
   57737.215     0.968750       482935        32.00
   57999.359     0.971875       484551        35.56
   58261.503     0.975000       486064        40.00
   58556.415     0.978125       487662        45.71
   58884.095     0.981250       489184        53.33
   59244.543     0.984375       490699        64.00
   59441.151     0.985938       491427        71.11
   59670.527     0.987500       492250        80.00
   59899.903     0.989062       492975        91.43
   60194.815     0.990625       493765       106.67
   60522.495     0.992188       494555       128.00
   60719.103     0.992969       494976       142.22
   60915.711     0.993750       495355       160.00
   61112.319     0.994531       495717       182.86
   61341.695     0.995313       496121       213.33
   61603.839     0.996094       496493       256.00
   61734.911     0.996484       496669       284.44
   61931.519     0.996875       496872       320.00
   62128.127     0.997266       497075       365.71
   62357.503     0.997656       497278       426.67
   62586.879     0.998047       497467       512.00
   62717.951     0.998242       497561       568.89
   62881.791     0.998437       497662       640.00
   62980.095     0.998633       497739       731.43
   63111.167     0.998828       497837       853.33
   63275.007     0.999023       497932      1024.00
   63373.311     0.999121       497989      1137.78
   63471.615     0.999219       498041      1280.00
   63569.919     0.999316       498081      1462.86
   63700.991     0.999414       498139      1706.67
   63799.295     0.999512       498176      2048.00
   63864.831     0.999561       498202      2275.56
   63963.135     0.999609       498226      2560.00
   64094.207     0.999658       498254      2925.71
   64192.511     0.999707       498273      3413.33
   64356.351     0.999756       498300      4096.00
   64454.655     0.999780       498311      4551.11
   64520.191     0.999805       498323      5120.00
   64585.727     0.999829       498334      5851.43
   64684.031     0.999854       498348      6826.67
   64782.335     0.999878       498361      8192.00
   64815.103     0.999890       498364      9102.22
   64946.175     0.999902       498371     10240.00
   65044.479     0.999915       498377     11702.86
   65208.319     0.999927       498382     13653.33
   65306.623     0.999939       498388     16384.00
   65568.767     0.999945       498391     18204.44
   65732.607     0.999951       498394     20480.00
   65994.751     0.999957       498397     23405.71
   66060.287     0.999963       498402     27306.67
   66093.055     0.999969       498404     32768.00
   66125.823     0.999973       498407     36408.89
   66125.823     0.999976       498407     40960.00
   66158.591     0.999979       498408     46811.43
   66224.127     0.999982       498410     54613.33
   66256.895     0.999985       498411     65536.00
   66289.663     0.999986       498413     72817.78
   66289.663     0.999988       498413     81920.00
   66289.663     0.999989       498413     93622.86
   66387.967     0.999991       498415    109226.67
   66387.967     0.999992       498415    131072.00
   66387.967     0.999993       498415    145635.56
   66387.967     0.999994       498415    163840.00
   66420.735     0.999995       498417    187245.71
   66420.735     0.999995       498417    218453.33
   66420.735     0.999996       498417    262144.00
   66420.735     0.999997       498417    291271.11
   66420.735     0.999997       498417    327680.00
   66420.735     0.999997       498417    374491.43
   66420.735     0.999998       498417    436906.67
   66519.039     0.999998       498418    524288.00
   66519.039     1.000000       498418          inf
#[Mean    =    25602.778, StdDeviation   =    23291.654]
#[Max     =    66486.272, Total count    =       498418]
#[Buckets =           27, SubBuckets     =         2048]
----------------------------------------------------------
  548433 requests in 2.50m, 96.30MB read
  Socket errors: connect 0, read 0, write 0, timeout 553
  Non-2xx or 3xx responses: 387
Requests/sec:   3652.96
Transfer/sec:    656.83KB
