Using argument nginx
using  args: threads=4 and connections=8 and duration=30 and requests=2500
Running 30s test @ http://10.10.1.8:8080/wrk2-api/user-timeline/read
  4 threads and 8 connections
  Thread calibration: mean lat.: 31.121ms, rate sampling interval: 146ms
  Thread calibration: mean lat.: 37.065ms, rate sampling interval: 163ms
  Thread calibration: mean lat.: 22.282ms, rate sampling interval: 96ms
  Thread calibration: mean lat.: 46.173ms, rate sampling interval: 182ms
  Thread Stats   Avg      Stdev     99%   +/- Stdev
    Latency   168.09ms  113.23ms 436.22ms   61.30%
    Req/Sec   625.03     58.07   663.00     97.04%
  Latency Distribution (HdrHistogram - Recorded Latency)
 50.000%  154.88ms
 75.000%  246.27ms
 90.000%  337.15ms
 99.000%  436.22ms
 99.900%  471.04ms
 99.990%  484.86ms
 99.999%  495.87ms
100.000%  495.87ms

  Detailed Percentile spectrum:
       Value   Percentile   TotalCount 1/(1-Percentile)

       2.567     0.000000            1         1.00
      24.335     0.100000         4985         1.11
      53.183     0.200000         9971         1.25
      93.503     0.300000        14958         1.43
     124.351     0.400000        19948         1.67
     154.879     0.500000        24925         2.00
     170.623     0.550000        27442         2.22
     185.983     0.600000        29924         2.50
     206.079     0.650000        32405         2.86
     226.943     0.700000        34902         3.33
     246.271     0.750000        37388         4.00
     259.455     0.775000        38636         4.44
     272.383     0.800000        39905         5.00
     285.439     0.825000        41145         5.71
     301.055     0.850000        42377         6.67
     320.255     0.875000        43633         8.00
     331.007     0.887500        44263         8.89
     337.151     0.900000        44875        10.00
     343.807     0.912500        45517        11.43
     351.487     0.925000        46126        13.33
     361.983     0.937500        46744        16.00
     366.591     0.943750        47053        17.78
     371.199     0.950000        47373        20.00
     377.599     0.956250        47672        22.86
     384.767     0.962500        47990        26.67
     396.543     0.968750        48295        32.00
     401.919     0.971875        48454        35.56
     406.527     0.975000        48612        40.00
     410.623     0.978125        48768        45.71
     414.719     0.981250        48920        53.33
     419.839     0.984375        49072        64.00
     423.935     0.985938        49153        71.11
     428.031     0.987500        49228        80.00
     433.407     0.989062        49307        91.43
     439.039     0.990625        49383       106.67
     444.927     0.992188        49463       128.00
     447.231     0.992969        49503       142.22
     450.303     0.993750        49541       160.00
     453.375     0.994531        49585       182.86
     455.167     0.995313        49617       213.33
     457.215     0.996094        49656       256.00
     459.007     0.996484        49677       284.44
     459.775     0.996875        49695       320.00
     461.311     0.997266        49714       365.71
     463.359     0.997656        49734       426.67
     466.175     0.998047        49755       512.00
     467.199     0.998242        49764       568.89
     467.967     0.998437        49773       640.00
     469.247     0.998633        49784       731.43
     470.271     0.998828        49793       853.33
     471.295     0.999023        49804      1024.00
     472.063     0.999121        49807      1137.78
     472.831     0.999219        49812      1280.00
     473.087     0.999316        49816      1462.86
     473.855     0.999414        49821      1706.67
     474.623     0.999512        49827      2048.00
     475.647     0.999561        49829      2275.56
     477.183     0.999609        49831      2560.00
     477.695     0.999658        49833      2925.71
     479.743     0.999707        49836      3413.33
     483.327     0.999756        49839      4096.00
     484.095     0.999780        49840      4551.11
     484.351     0.999805        49841      5120.00
     484.607     0.999829        49842      5851.43
     484.863     0.999854        49845      6826.67
     484.863     0.999878        49845      8192.00
     484.863     0.999890        49845      9102.22
     486.399     0.999902        49846     10240.00
     486.399     0.999915        49846     11702.86
     487.935     0.999927        49847     13653.33
     487.935     0.999939        49847     16384.00
     489.727     0.999945        49848     18204.44
     489.727     0.999951        49848     20480.00
     489.727     0.999957        49848     23405.71
     492.799     0.999963        49849     27306.67
     492.799     0.999969        49849     32768.00
     492.799     0.999973        49849     36408.89
     492.799     0.999976        49849     40960.00
     492.799     0.999979        49849     46811.43
     495.871     0.999982        49850     54613.33
     495.871     1.000000        49850          inf
#[Mean    =      168.091, StdDeviation   =      113.228]
#[Max     =      495.616, Total count    =        49850]
#[Buckets =           27, SubBuckets     =         2048]
----------------------------------------------------------
  74593 requests in 30.00s, 13.09MB read
Requests/sec:   2486.46
Transfer/sec:    446.79KB
