No argument supplied nginx
using  args: threads=4 and connections=512 and duration=30 and requests=3000
Running 30s test @ http://localhost:8080
  4 threads and 512 connections
  Thread calibration: mean lat.: 4.135ms, rate sampling interval: 11ms
  Thread calibration: mean lat.: 4.111ms, rate sampling interval: 11ms
  Thread calibration: mean lat.: 4.155ms, rate sampling interval: 11ms
  Thread calibration: mean lat.: 4.198ms, rate sampling interval: 11ms
  Thread Stats   Avg      Stdev     99%   +/- Stdev
    Latency     4.27ms    1.58ms   8.49ms   66.68%
    Req/Sec   787.61    274.05     1.50k    66.38%
  Latency Distribution (HdrHistogram - Recorded Latency)
 50.000%    4.45ms
 75.000%    5.13ms
 90.000%    5.99ms
 99.000%    8.49ms
 99.900%   11.90ms
 99.990%   14.94ms
 99.999%   21.89ms
100.000%   51.39ms

  Detailed Percentile spectrum:
       Value   Percentile   TotalCount 1/(1-Percentile)

       1.176     0.000000            2         1.00
       1.962     0.100000         5991         1.11
       2.421     0.200000        11946         1.25
       3.671     0.300000        17922         1.43
       4.179     0.400000        23933         1.67
       4.451     0.500000        29920         2.00
       4.571     0.550000        32873         2.22
       4.695     0.600000        35839         2.50
       4.823     0.650000        38814         2.86
       4.963     0.700000        41801         3.33
       5.127     0.750000        44808         4.00
       5.219     0.775000        46290         4.44
       5.323     0.800000        47775         5.00
       5.447     0.825000        49271         5.71
       5.595     0.850000        50780         6.67
       5.775     0.875000        52248         8.00
       5.883     0.887500        53020         8.89
       5.995     0.900000        53748        10.00
       6.131     0.912500        54491        11.43
       6.299     0.925000        55230        13.33
       6.491     0.937500        55980        16.00
       6.603     0.943750        56348        17.78
       6.723     0.950000        56725        20.00
       6.859     0.956250        57098        22.86
       7.027     0.962500        57476        26.67
       7.227     0.968750        57844        32.00
       7.347     0.971875        58033        35.56
       7.479     0.975000        58217        40.00
       7.623     0.978125        58403        45.71
       7.787     0.981250        58589        53.33
       7.975     0.984375        58776        64.00
       8.107     0.985938        58869        71.11
       8.223     0.987500        58963        80.00
       8.375     0.989062        59056        91.43
       8.551     0.990625        59149       106.67
       8.767     0.992188        59242       128.00
       8.919     0.992969        59287       142.22
       9.087     0.993750        59333       160.00
       9.263     0.994531        59381       182.86
       9.463     0.995313        59427       213.33
       9.679     0.996094        59473       256.00
       9.887     0.996484        59497       284.44
      10.023     0.996875        59520       320.00
      10.239     0.997266        59543       365.71
      10.463     0.997656        59567       426.67
      10.791     0.998047        59590       512.00
      10.959     0.998242        59602       568.89
      11.175     0.998437        59613       640.00
      11.407     0.998633        59625       731.43
      11.687     0.998828        59638       853.33
      11.927     0.999023        59649      1024.00
      12.167     0.999121        59654      1137.78
      12.423     0.999219        59660      1280.00
      12.583     0.999316        59666      1462.86
      12.831     0.999414        59672      1706.67
      13.119     0.999512        59677      2048.00
      13.223     0.999561        59680      2275.56
      13.623     0.999609        59683      2560.00
      13.735     0.999658        59686      2925.71
      14.031     0.999707        59689      3413.33
      14.103     0.999756        59692      4096.00
      14.175     0.999780        59693      4551.11
      14.271     0.999805        59695      5120.00
      14.303     0.999829        59696      5851.43
      14.511     0.999854        59698      6826.67
      14.751     0.999878        59699      8192.00
      14.935     0.999890        59700      9102.22
      14.983     0.999902        59701     10240.00
      14.983     0.999915        59701     11702.86
      15.135     0.999927        59702     13653.33
      16.015     0.999939        59703     16384.00
      16.015     0.999945        59703     18204.44
      16.383     0.999951        59704     20480.00
      16.383     0.999957        59704     23405.71
      16.383     0.999963        59704     27306.67
      21.887     0.999969        59705     32768.00
      21.887     0.999973        59705     36408.89
      21.887     0.999976        59705     40960.00
      21.887     0.999979        59705     46811.43
      21.887     0.999982        59705     54613.33
      51.391     0.999985        59706     65536.00
      51.391     1.000000        59706          inf
#[Mean    =        4.266, StdDeviation   =        1.577]
#[Max     =       51.360, Total count    =        59706]
#[Buckets =           27, SubBuckets     =         2048]
----------------------------------------------------------
  89120 requests in 30.00s, 772.14MB read
  Socket errors: connect 0, read 0, write 0, timeout 1
Requests/sec:   2970.62
Transfer/sec:     25.74MB
