No argument supplied nginx
using  args: threads=4 and connections=512 and duration=30 and requests=2000
Running 30s test @ http://localhost:8080
  4 threads and 512 connections
  Thread calibration: mean lat.: 3.690ms, rate sampling interval: 10ms
  Thread calibration: mean lat.: 3.696ms, rate sampling interval: 10ms
  Thread calibration: mean lat.: 3.666ms, rate sampling interval: 10ms
  Thread calibration: mean lat.: 3.726ms, rate sampling interval: 10ms
  Thread Stats   Avg      Stdev     99%   +/- Stdev
    Latency    14.93ms   58.52ms 340.73ms   95.62%
    Req/Sec   526.20    316.39     1.78k    76.23%
  Latency Distribution (HdrHistogram - Recorded Latency)
 50.000%    4.30ms
 75.000%    4.98ms
 90.000%    6.54ms
 99.000%  340.73ms
 99.900%  604.67ms
 99.990%  889.34ms
 99.999%    1.26s 
100.000%    1.26s 

  Detailed Percentile spectrum:
       Value   Percentile   TotalCount 1/(1-Percentile)

       1.124     0.000000            1         1.00
       1.843     0.100000         3974         1.11
       2.127     0.200000         7953         1.25
       3.379     0.300000        11907         1.43
       4.017     0.400000        15897         1.67
       4.303     0.500000        19852         2.00
       4.423     0.550000        21853         2.22
       4.543     0.600000        23822         2.50
       4.671     0.650000        25847         2.86
       4.811     0.700000        27838         3.33
       4.979     0.750000        29782         4.00
       5.083     0.775000        30766         4.44
       5.215     0.800000        31765         5.00
       5.383     0.825000        32767         5.71
       5.603     0.850000        33739         6.67
       5.959     0.875000        34733         8.00
       6.195     0.887500        35226         8.89
       6.539     0.900000        35721        10.00
       7.115     0.912500        36217        11.43
       8.983     0.925000        36715        13.33
      31.407     0.937500        37209        16.00
      44.127     0.943750        37458        17.78
      57.279     0.950000        37705        20.00
      73.791     0.956250        37953        22.86
      89.983     0.962500        38201        26.67
     114.239     0.968750        38449        32.00
     129.919     0.971875        38573        35.56
     147.967     0.975000        38697        40.00
     164.991     0.978125        38821        45.71
     185.855     0.981250        38945        53.33
     222.847     0.984375        39069        64.00
     252.159     0.985938        39131        71.11
     287.487     0.987500        39194        80.00
     319.999     0.989062        39255        91.43
     355.583     0.990625        39317       106.67
     396.031     0.992188        39379       128.00
     423.423     0.992969        39411       142.22
     440.575     0.993750        39441       160.00
     467.455     0.994531        39472       182.86
     490.751     0.995313        39503       213.33
     527.871     0.996094        39534       256.00
     535.551     0.996484        39550       284.44
     541.695     0.996875        39565       320.00
     549.375     0.997266        39582       365.71
     556.543     0.997656        39596       426.67
     562.687     0.998047        39613       512.00
     565.759     0.998242        39620       568.89
     569.343     0.998437        39627       640.00
     581.631     0.998633        39635       731.43
     595.967     0.998828        39643       853.33
     611.839     0.999023        39651      1024.00
     626.687     0.999121        39655      1137.78
     634.879     0.999219        39658      1280.00
     646.143     0.999316        39662      1462.86
     666.111     0.999414        39666      1706.67
     679.423     0.999512        39670      2048.00
     680.959     0.999561        39672      2275.56
     700.415     0.999609        39674      2560.00
     726.015     0.999658        39676      2925.71
     768.511     0.999707        39678      3413.33
     833.535     0.999756        39680      4096.00
     842.751     0.999780        39681      4551.11
     859.647     0.999805        39682      5120.00
     860.159     0.999829        39683      5851.43
     887.807     0.999854        39684      6826.67
     889.343     0.999878        39685      8192.00
     889.343     0.999890        39685      9102.22
    1188.863     0.999902        39686     10240.00
    1188.863     0.999915        39686     11702.86
    1195.007     0.999927        39687     13653.33
    1195.007     0.999939        39687     16384.00
    1195.007     0.999945        39687     18204.44
    1205.247     0.999951        39688     20480.00
    1205.247     0.999957        39688     23405.71
    1205.247     0.999963        39688     27306.67
    1205.247     0.999969        39688     32768.00
    1205.247     0.999973        39688     36408.89
    1261.567     0.999976        39689     40960.00
    1261.567     1.000000        39689          inf
#[Mean    =       14.934, StdDeviation   =       58.516]
#[Max     =     1260.544, Total count    =        39689]
#[Buckets =           27, SubBuckets     =         2048]
----------------------------------------------------------
  59187 requests in 30.00s, 461.64MB read
  Socket errors: connect 0, read 0, write 0, timeout 8
  Non-2xx or 3xx responses: 9
Requests/sec:   1972.75
Transfer/sec:     15.39MB
