No argument supplied nginx
using  args: threads=4 and connections=512 and duration=30 and requests=6000
Running 30s test @ http://localhost:8080
  4 threads and 512 connections
  Thread calibration: mean lat.: 1745.543ms, rate sampling interval: 7897ms
  Thread calibration: mean lat.: 1987.881ms, rate sampling interval: 8036ms
  Thread calibration: mean lat.: 1803.658ms, rate sampling interval: 7974ms
  Thread calibration: mean lat.: 1793.995ms, rate sampling interval: 7954ms
  Thread Stats   Avg      Stdev     99%   +/- Stdev
    Latency     8.40s     4.00s   17.60s    67.35%
    Req/Sec   781.88     17.58   807.00     75.00%
  Latency Distribution (HdrHistogram - Recorded Latency)
 50.000%    8.11s 
 75.000%   11.16s 
 90.000%   13.92s 
 99.000%   17.60s 
 99.900%   19.30s 
 99.990%   20.19s 
 99.999%   20.37s 
100.000%   20.41s 

  Detailed Percentile spectrum:
       Value   Percentile   TotalCount 1/(1-Percentile)

      37.631     0.000000            1         1.00
    3239.935     0.100000         6218         1.11
    5013.503     0.200000        12432         1.25
    6111.231     0.300000        18649         1.43
    7081.983     0.400000        24879         1.67
    8110.079     0.500000        31070         2.00
    8691.711     0.550000        34197         2.22
    9256.959     0.600000        37310         2.50
    9846.783     0.650000        40388         2.86
   10477.567     0.700000        43500         3.33
   11157.503     0.750000        46606         4.00
   11534.335     0.775000        48154         4.44
   11927.551     0.800000        49710         5.00
   12378.111     0.825000        51288         5.71
   12845.055     0.850000        52833         6.67
   13352.959     0.875000        54386         8.00
   13639.679     0.887500        55161         8.89
   13918.207     0.900000        55926        10.00
   14229.503     0.912500        56702        11.43
   14606.335     0.925000        57479        13.33
   14974.975     0.937500        58253        16.00
   15171.583     0.943750        58637        17.78
   15400.959     0.950000        59039        20.00
   15646.719     0.956250        59420        22.86
   15892.479     0.962500        59801        26.67
   16187.391     0.968750        60205        32.00
   16326.655     0.971875        60391        35.56
   16474.111     0.975000        60579        40.00
   16654.335     0.978125        60775        45.71
   16842.751     0.981250        60974        53.33
   17088.511     0.984375        61170        64.00
   17219.583     0.985938        61268        71.11
   17334.271     0.987500        61354        80.00
   17481.727     0.989062        61455        91.43
   17661.951     0.990625        61551       106.67
   17858.559     0.992188        61658       128.00
   17940.479     0.992969        61696       142.22
   18055.167     0.993750        61742       160.00
   18169.855     0.994531        61793       182.86
   18284.543     0.995313        61843       213.33
   18431.999     0.996094        61890       256.00
   18513.919     0.996484        61914       284.44
   18595.839     0.996875        61936       320.00
   18694.143     0.997266        61963       365.71
   18792.447     0.997656        61985       426.67
   18907.135     0.998047        62012       512.00
   19005.439     0.998242        62023       568.89
   19087.359     0.998437        62034       640.00
   19136.511     0.998633        62048       731.43
   19218.431     0.998828        62058       853.33
   19316.735     0.999023        62072      1024.00
   19349.503     0.999121        62077      1137.78
   19415.039     0.999219        62085      1280.00
   19464.191     0.999316        62088      1462.86
   19562.495     0.999414        62095      1706.67
   19709.951     0.999512        62100      2048.00
   19775.487     0.999561        62105      2275.56
   19791.871     0.999609        62106      2560.00
   19857.407     0.999658        62109      2925.71
   19890.175     0.999707        62112      3413.33
   19988.479     0.999756        62116      4096.00
   20021.247     0.999780        62118      4551.11
   20021.247     0.999805        62118      5120.00
   20054.015     0.999829        62120      5851.43
   20135.935     0.999854        62121      6826.67
   20185.087     0.999878        62124      8192.00
   20185.087     0.999890        62124      9102.22
   20185.087     0.999902        62124     10240.00
   20234.239     0.999915        62125     11702.86
   20299.775     0.999927        62126     13653.33
   20332.543     0.999939        62127     16384.00
   20332.543     0.999945        62127     18204.44
   20332.543     0.999951        62127     20480.00
   20348.927     0.999957        62128     23405.71
   20348.927     0.999963        62128     27306.67
   20365.311     0.999969        62129     32768.00
   20365.311     0.999973        62129     36408.89
   20365.311     0.999976        62129     40960.00
   20365.311     0.999979        62129     46811.43
   20365.311     0.999982        62129     54613.33
   20414.463     0.999985        62130     65536.00
   20414.463     1.000000        62130          inf
#[Mean    =     8399.705, StdDeviation   =     3997.397]
#[Max     =    20398.080, Total count    =        62130]
#[Buckets =           27, SubBuckets     =         2048]
----------------------------------------------------------
  94678 requests in 30.04s, 0.90GB read
  Non-2xx or 3xx responses: 6
Requests/sec:   3152.10
Transfer/sec:     30.55MB
