No argument supplied nginx
using  args: threads=4 and connections=512 and duration=30 and requests=10000
Running 30s test @ http://localhost:8080
  4 threads and 512 connections
  Thread calibration: mean lat.: 3418.833ms, rate sampling interval: 12591ms
  Thread calibration: mean lat.: 3377.375ms, rate sampling interval: 12623ms
  Thread calibration: mean lat.: 3380.645ms, rate sampling interval: 12566ms
  Thread calibration: mean lat.: 3383.717ms, rate sampling interval: 12402ms
  Thread Stats   Avg      Stdev     99%   +/- Stdev
    Latency    14.05s     4.21s   21.86s    58.55%
    Req/Sec   712.00      4.24   718.00     75.00%
  Latency Distribution (HdrHistogram - Recorded Latency)
 50.000%   13.98s 
 75.000%   17.61s 
 90.000%   19.87s 
 99.000%   21.86s 
 99.900%   22.90s 
 99.990%   23.18s 
 99.999%   23.36s 
100.000%   23.41s 

  Detailed Percentile spectrum:
       Value   Percentile   TotalCount 1/(1-Percentile)

    5230.591     0.000000            1         1.00
    8355.839     0.100000         5599         1.11
    9715.711     0.200000        11203         1.25
   11116.543     0.300000        16799         1.43
   12517.375     0.400000        22377         1.67
   13975.551     0.500000        27987         2.00
   14680.063     0.550000        30768         2.22
   15417.343     0.600000        33575         2.50
   16146.431     0.650000        36365         2.86
   16891.903     0.700000        39206         3.33
   17612.799     0.750000        41962         4.00
   17989.631     0.775000        43385         4.44
   18350.079     0.800000        44748         5.00
   18743.295     0.825000        46184         5.71
   19120.127     0.850000        47586         6.67
   19496.959     0.875000        48976         8.00
   19693.567     0.887500        49683         8.89
   19873.791     0.900000        50340        10.00
   20086.783     0.912500        51074        11.43
   20283.391     0.925000        51769        13.33
   20496.383     0.937500        52456        16.00
   20611.071     0.943750        52787        17.78
   20742.143     0.950000        53170        20.00
   20873.215     0.956250        53505        22.86
   21004.287     0.962500        53856        26.67
   21151.743     0.968750        54213        32.00
   21233.663     0.971875        54385        35.56
   21299.199     0.975000        54529        40.00
   21413.887     0.978125        54722        45.71
   21512.191     0.981250        54874        53.33
   21626.879     0.984375        55063        64.00
   21692.415     0.985938        55154        71.11
   21741.567     0.987500        55225        80.00
   21823.487     0.989062        55325        91.43
   21889.023     0.990625        55400       106.67
   22020.095     0.992188        55493       128.00
   22069.247     0.992969        55531       142.22
   22118.399     0.993750        55573       160.00
   22183.935     0.994531        55617       182.86
   22265.855     0.995313        55662       213.33
   22347.775     0.996094        55711       256.00
   22380.543     0.996484        55727       284.44
   22429.695     0.996875        55748       320.00
   22495.231     0.997266        55775       365.71
   22544.383     0.997656        55797       426.67
   22609.919     0.998047        55815       512.00
   22642.687     0.998242        55825       568.89
   22724.607     0.998437        55835       640.00
   22790.143     0.998633        55846       731.43
   22855.679     0.998828        55858       853.33
   22904.831     0.999023        55869      1024.00
   22921.215     0.999121        55873      1137.78
   22953.983     0.999219        55880      1280.00
   23003.135     0.999316        55886      1462.86
   23019.519     0.999414        55893      1706.67
   23035.903     0.999512        55896      2048.00
   23052.287     0.999561        55898      2275.56
   23068.671     0.999609        55901      2560.00
   23101.439     0.999658        55904      2925.71
   23117.823     0.999707        55906      3413.33
   23134.207     0.999756        55909      4096.00
   23150.591     0.999780        55911      4551.11
   23166.975     0.999805        55914      5120.00
   23166.975     0.999829        55914      5851.43
   23166.975     0.999854        55914      6826.67
   23183.359     0.999878        55916      8192.00
   23183.359     0.999890        55916      9102.22
   23216.127     0.999902        55917     10240.00
   23248.895     0.999915        55918     11702.86
   23248.895     0.999927        55918     13653.33
   23298.047     0.999939        55920     16384.00
   23298.047     0.999945        55920     18204.44
   23298.047     0.999951        55920     20480.00
   23298.047     0.999957        55920     23405.71
   23298.047     0.999963        55920     27306.67
   23363.583     0.999969        55921     32768.00
   23363.583     0.999973        55921     36408.89
   23363.583     0.999976        55921     40960.00
   23363.583     0.999979        55921     46811.43
   23363.583     0.999982        55921     54613.33
   23412.735     0.999985        55922     65536.00
   23412.735     1.000000        55922          inf
#[Mean    =    14047.238, StdDeviation   =     4213.429]
#[Max     =    23396.352, Total count    =        55922]
#[Buckets =           27, SubBuckets     =         2048]
----------------------------------------------------------
  85642 requests in 30.03s, 858.59MB read
  Non-2xx or 3xx responses: 136
Requests/sec:   2852.22
Transfer/sec:     28.59MB
