No argument supplied nginx
using  args: threads=4 and connections=512 and duration=30 and requests=1000
Running 30s test @ http://localhost:8080
  4 threads and 512 connections
  Thread calibration: mean lat.: 3.527ms, rate sampling interval: 10ms
  Thread calibration: mean lat.: 3.541ms, rate sampling interval: 10ms
  Thread calibration: mean lat.: 3.476ms, rate sampling interval: 10ms
  Thread calibration: mean lat.: 3.401ms, rate sampling interval: 10ms
  Thread Stats   Avg      Stdev     99%   +/- Stdev
    Latency     3.70ms    1.45ms   6.66ms   58.24%
    Req/Sec   263.20    165.49   700.00     75.11%
  Latency Distribution (HdrHistogram - Recorded Latency)
 50.000%    4.13ms
 75.000%    4.82ms
 90.000%    5.36ms
 99.000%    6.66ms
 99.900%    8.52ms
 99.990%    9.70ms
 99.999%   12.22ms
100.000%   12.22ms

  Detailed Percentile spectrum:
       Value   Percentile   TotalCount 1/(1-Percentile)

       1.170     0.000000            1         1.00
       1.780     0.100000         1988         1.11
       2.031     0.200000         3975         1.25
       2.365     0.300000         5972         1.43
       3.257     0.400000         7951         1.67
       4.127     0.500000         9947         2.00
       4.303     0.550000        10950         2.22
       4.443     0.600000        11926         2.50
       4.571     0.650000        12937         2.86
       4.691     0.700000        13927         3.33
       4.819     0.750000        14911         4.00
       4.891     0.775000        15404         4.44
       4.967     0.800000        15923         5.00
       5.043     0.825000        16406         5.71
       5.135     0.850000        16916         6.67
       5.231     0.875000        17405         8.00
       5.287     0.887500        17643         8.89
       5.359     0.900000        17903        10.00
       5.431     0.912500        18136        11.43
       5.519     0.925000        18391        13.33
       5.623     0.937500        18637        16.00
       5.687     0.943750        18766        17.78
       5.743     0.950000        18888        20.00
       5.807     0.956250        19006        22.86
       5.887     0.962500        19135        26.67
       5.967     0.968750        19260        32.00
       6.019     0.971875        19318        35.56
       6.099     0.975000        19380        40.00
       6.187     0.978125        19444        45.71
       6.275     0.981250        19508        53.33
       6.391     0.984375        19565        64.00
       6.455     0.985938        19597        71.11
       6.531     0.987500        19628        80.00
       6.611     0.989062        19658        91.43
       6.719     0.990625        19689       106.67
       6.835     0.992188        19720       128.00
       6.911     0.992969        19736       142.22
       7.019     0.993750        19751       160.00
       7.167     0.994531        19768       182.86
       7.295     0.995313        19782       213.33
       7.423     0.996094        19798       256.00
       7.483     0.996484        19806       284.44
       7.543     0.996875        19813       320.00
       7.695     0.997266        19821       365.71
       7.783     0.997656        19829       426.67
       7.903     0.998047        19837       512.00
       8.011     0.998242        19841       568.89
       8.063     0.998437        19844       640.00
       8.127     0.998633        19848       731.43
       8.407     0.998828        19852       853.33
       8.559     0.999023        19856      1024.00
       8.623     0.999121        19858      1137.78
       8.839     0.999219        19860      1280.00
       8.887     0.999316        19862      1462.86
       9.063     0.999414        19864      1706.67
       9.135     0.999512        19866      2048.00
       9.143     0.999561        19867      2275.56
       9.255     0.999609        19868      2560.00
       9.423     0.999658        19869      2925.71
       9.487     0.999707        19870      3413.33
       9.567     0.999756        19871      4096.00
       9.567     0.999780        19871      4551.11
       9.655     0.999805        19872      5120.00
       9.655     0.999829        19872      5851.43
       9.703     0.999854        19873      6826.67
       9.703     0.999878        19873      8192.00
       9.703     0.999890        19873      9102.22
      12.175     0.999902        19874     10240.00
      12.175     0.999915        19874     11702.86
      12.175     0.999927        19874     13653.33
      12.175     0.999939        19874     16384.00
      12.175     0.999945        19874     18204.44
      12.223     0.999951        19875     20480.00
      12.223     1.000000        19875          inf
#[Mean    =        3.695, StdDeviation   =        1.448]
#[Max     =       12.216, Total count    =        19875]
#[Buckets =           27, SubBuckets     =         2048]
----------------------------------------------------------
  29634 requests in 30.01s, 177.70MB read
  Socket errors: connect 0, read 0, write 0, timeout 148
Requests/sec:    987.39
Transfer/sec:      5.92MB
