No argument supplied nginx
using  args: threads=4 and connections=512 and duration=30 and requests=4000
Running 30s test @ http://localhost:8080
  4 threads and 512 connections
  Thread calibration: mean lat.: 8.282ms, rate sampling interval: 15ms
  Thread calibration: mean lat.: 8.268ms, rate sampling interval: 15ms
  Thread calibration: mean lat.: 8.163ms, rate sampling interval: 15ms
  Thread calibration: mean lat.: 8.882ms, rate sampling interval: 15ms
  Thread Stats   Avg      Stdev     99%   +/- Stdev
    Latency     1.81s     1.48s    6.12s    68.59%
    Req/Sec   849.49    828.91     2.50k    40.80%
  Latency Distribution (HdrHistogram - Recorded Latency)
 50.000%    1.45s 
 75.000%    2.67s 
 90.000%    3.95s 
 99.000%    6.12s 
 99.900%    7.42s 
 99.990%    8.39s 
 99.999%    8.70s 
100.000%    8.81s 

  Detailed Percentile spectrum:
       Value   Percentile   TotalCount 1/(1-Percentile)

       1.681     0.000000            1         1.00
     226.943     0.100000         6533         1.11
     457.727     0.200000        13067         1.25
     742.911     0.300000        19590         1.43
    1074.175     0.400000        26120         1.67
    1449.983     0.500000        32671         2.00
    1661.951     0.550000        35916         2.22
    1875.967     0.600000        39186         2.50
    2111.487     0.650000        42447         2.86
    2373.631     0.700000        45728         3.33
    2672.639     0.750000        48986         4.00
    2842.623     0.775000        50617         4.44
    3031.039     0.800000        52254         5.00
    3217.407     0.825000        53874         5.71
    3432.447     0.850000        55505         6.67
    3678.207     0.875000        57146         8.00
    3815.423     0.887500        57964         8.89
    3946.495     0.900000        58777        10.00
    4089.855     0.912500        59584        11.43
    4268.031     0.925000        60406        13.33
    4472.831     0.937500        61221        16.00
    4591.615     0.943750        61628        17.78
    4726.783     0.950000        62033        20.00
    4890.623     0.956250        62449        22.86
    5054.463     0.962500        62858        26.67
    5226.495     0.968750        63266        32.00
    5324.799     0.971875        63465        35.56
    5443.583     0.975000        63669        40.00
    5578.751     0.978125        63869        45.71
    5705.727     0.981250        64074        53.33
    5844.991     0.984375        64281        64.00
    5910.527     0.985938        64382        71.11
    5988.351     0.987500        64484        80.00
    6070.271     0.989062        64585        91.43
    6164.479     0.990625        64686       106.67
    6266.879     0.992188        64787       128.00
    6336.511     0.992969        64840       142.22
    6418.431     0.993750        64891       160.00
    6533.119     0.994531        64943       182.86
    6631.423     0.995313        64991       213.33
    6750.207     0.996094        65044       256.00
    6828.031     0.996484        65073       284.44
    6893.567     0.996875        65094       320.00
    6955.007     0.997266        65121       365.71
    7032.831     0.997656        65145       426.67
    7127.039     0.998047        65171       512.00
    7167.999     0.998242        65183       568.89
    7221.247     0.998437        65195       640.00
    7311.359     0.998633        65209       731.43
    7364.607     0.998828        65221       853.33
    7426.047     0.999023        65235      1024.00
    7462.911     0.999121        65242      1137.78
    7495.679     0.999219        65246      1280.00
    7544.831     0.999316        65253      1462.86
    7614.463     0.999414        65259      1706.67
    7733.247     0.999512        65266      2048.00
    7786.495     0.999561        65269      2275.56
    7843.839     0.999609        65272      2560.00
    7880.703     0.999658        65275      2925.71
    7917.567     0.999707        65278      3413.33
    7966.719     0.999756        65282      4096.00
    8028.159     0.999780        65283      4551.11
    8073.215     0.999805        65286      5120.00
    8073.215     0.999829        65286      5851.43
    8114.175     0.999854        65288      6826.67
    8388.607     0.999878        65290      8192.00
    8388.607     0.999890        65290      9102.22
    8486.911     0.999902        65292     10240.00
    8486.911     0.999915        65292     11702.86
    8593.407     0.999927        65293     13653.33
    8650.751     0.999939        65294     16384.00
    8650.751     0.999945        65294     18204.44
    8650.751     0.999951        65294     20480.00
    8675.327     0.999957        65295     23405.71
    8675.327     0.999963        65295     27306.67
    8699.903     0.999969        65296     32768.00
    8699.903     0.999973        65296     36408.89
    8699.903     0.999976        65296     40960.00
    8699.903     0.999979        65296     46811.43
    8699.903     0.999982        65296     54613.33
    8806.399     0.999985        65297     65536.00
    8806.399     1.000000        65297          inf
#[Mean    =     1808.428, StdDeviation   =     1478.127]
#[Max     =     8798.208, Total count    =        65297]
#[Buckets =           27, SubBuckets     =         2048]
----------------------------------------------------------
  104725 requests in 30.02s, 0.94GB read
  Non-2xx or 3xx responses: 48
Requests/sec:   3488.19
Transfer/sec:     32.13MB
