No argument supplied nginx
using  args: threads=4 and connections=512 and duration=30 and requests=6000
Running 30s test @ http://localhost:5000
  4 threads and 512 connections
  Thread calibration: mean lat.: 2799.228ms, rate sampling interval: 10207ms
  Thread calibration: mean lat.: 2806.181ms, rate sampling interval: 10149ms
  Thread calibration: mean lat.: 2815.180ms, rate sampling interval: 10133ms
  Thread calibration: mean lat.: 2817.838ms, rate sampling interval: 10248ms
  Thread Stats   Avg      Stdev     99%   +/- Stdev
    Latency    10.60s     3.09s   16.84s    60.77%
    Req/Sec   729.25      0.83   730.00    100.00%
  Latency Distribution (HdrHistogram - Recorded Latency)
 50.000%   10.55s 
 75.000%   13.11s 
 90.000%   14.80s 
 99.000%   16.84s 
 99.900%   17.92s 
 99.990%   18.51s 
 99.999%   18.89s 
100.000%   19.07s 

  Detailed Percentile spectrum:
       Value   Percentile   TotalCount 1/(1-Percentile)

    2787.327     0.000000            1         1.00
    6488.063     0.100000         5855         1.11
    7516.159     0.200000        11685         1.25
    8527.871     0.300000        17555         1.43
    9535.487     0.400000        23366         1.67
   10551.295     0.500000        29201         2.00
   11075.583     0.550000        32126         2.22
   11583.487     0.600000        35041         2.50
   12091.391     0.650000        37966         2.86
   12599.295     0.700000        40883         3.33
   13107.199     0.750000        43839         4.00
   13361.151     0.775000        45257         4.44
   13623.295     0.800000        46738         5.00
   13885.439     0.825000        48207         5.71
   14172.159     0.850000        49666         6.67
   14475.263     0.875000        51087         8.00
   14639.103     0.887500        51844         8.89
   14802.943     0.900000        52555        10.00
   14974.975     0.912500        53282        11.43
   15163.391     0.925000        54032        13.33
   15359.999     0.937500        54761        16.00
   15474.687     0.943750        55122        17.78
   15581.183     0.950000        55464        20.00
   15712.255     0.956250        55852        22.86
   15851.519     0.962500        56199        26.67
   16015.359     0.968750        56562        32.00
   16105.471     0.971875        56751        35.56
   16195.583     0.975000        56930        40.00
   16293.887     0.978125        57115        45.71
   16416.767     0.981250        57292        53.33
   16539.647     0.984375        57473        64.00
   16621.567     0.985938        57569        71.11
   16695.295     0.987500        57653        80.00
   16793.599     0.989062        57759        91.43
   16875.519     0.990625        57842       106.67
   16957.439     0.992188        57932       128.00
   17006.591     0.992969        57977       142.22
   17055.743     0.993750        58018       160.00
   17154.047     0.994531        58074       182.86
   17235.967     0.995313        58117       213.33
   17334.271     0.996094        58160       256.00
   17383.423     0.996484        58182       284.44
   17432.575     0.996875        58204       320.00
   17498.111     0.997266        58225       365.71
   17580.031     0.997656        58247       426.67
   17645.567     0.998047        58269       512.00
   17711.103     0.998242        58281       568.89
   17743.871     0.998437        58291       640.00
   17809.407     0.998633        58305       731.43
   17858.559     0.998828        58318       853.33
   17940.479     0.999023        58326      1024.00
   17973.247     0.999121        58333      1137.78
   18006.015     0.999219        58339      1280.00
   18022.399     0.999316        58343      1462.86
   18087.935     0.999414        58348      1706.67
   18153.471     0.999512        58354      2048.00
   18202.623     0.999561        58357      2275.56
   18219.007     0.999609        58360      2560.00
   18268.159     0.999658        58363      2925.71
   18284.543     0.999707        58365      3413.33
   18333.695     0.999756        58368      4096.00
   18399.231     0.999780        58370      4551.11
   18431.999     0.999805        58372      5120.00
   18464.767     0.999829        58374      5851.43
   18464.767     0.999854        58374      6826.67
   18497.535     0.999878        58375      8192.00
   18513.919     0.999890        58376      9102.22
   18530.303     0.999902        58377     10240.00
   18563.071     0.999915        58378     11702.86
   18563.071     0.999927        58378     13653.33
   18628.607     0.999939        58379     16384.00
   18628.607     0.999945        58379     18204.44
   18710.527     0.999951        58380     20480.00
   18710.527     0.999957        58380     23405.71
   18710.527     0.999963        58380     27306.67
   18890.751     0.999969        58381     32768.00
   18890.751     0.999973        58381     36408.89
   18890.751     0.999976        58381     40960.00
   18890.751     0.999979        58381     46811.43
   18890.751     0.999982        58381     54613.33
   19070.975     0.999985        58382     65536.00
   19070.975     1.000000        58382          inf
#[Mean    =    10603.598, StdDeviation   =     3090.585]
#[Max     =    19054.592, Total count    =        58382]
#[Buckets =           27, SubBuckets     =         2048]
----------------------------------------------------------
  85350 requests in 30.01s, 35.36MB read
Requests/sec:   2844.03
Transfer/sec:      1.18MB
