No argument supplied nginx
using  args: threads=4 and connections=512 and duration=30 and requests=4000
Running 30s test @ http://localhost:8080
  4 threads and 512 connections
  Thread calibration: mean lat.: 5.122ms, rate sampling interval: 14ms
  Thread calibration: mean lat.: 5.020ms, rate sampling interval: 14ms
  Thread calibration: mean lat.: 4.989ms, rate sampling interval: 14ms
  Thread calibration: mean lat.: 5.028ms, rate sampling interval: 14ms
  Thread Stats   Avg      Stdev     99%   +/- Stdev
    Latency     2.09s     1.95s    6.89s    56.77%
    Req/Sec   756.28    728.33     2.31k    42.51%
  Latency Distribution (HdrHistogram - Recorded Latency)
 50.000%    1.70s 
 75.000%    3.56s 
 90.000%    4.94s 
 99.000%    6.89s 
 99.900%    8.26s 
 99.990%    9.33s 
 99.999%    9.67s 
100.000%    9.88s 

  Detailed Percentile spectrum:
       Value   Percentile   TotalCount 1/(1-Percentile)

       1.352     0.000000            1         1.00
       5.095     0.100000         5804         1.11
      14.991     0.200000        11582         1.25
     373.759     0.300000        17374         1.43
     991.743     0.400000        23167         1.67
    1703.935     0.500000        28955         2.00
    2044.927     0.550000        31851         2.22
    2396.159     0.600000        34755         2.50
    2783.231     0.650000        37643         2.86
    3178.495     0.700000        40545         3.33
    3563.519     0.750000        43437         4.00
    3768.319     0.775000        44883         4.44
    3969.023     0.800000        46330         5.00
    4182.015     0.825000        47777         5.71
    4419.583     0.850000        49233         6.67
    4669.439     0.875000        50675         8.00
    4796.415     0.887500        51406         8.89
    4943.871     0.900000        52132        10.00
    5099.519     0.912500        52844        11.43
    5275.647     0.925000        53569        13.33
    5468.159     0.937500        54294        16.00
    5566.463     0.943750        54662        17.78
    5681.151     0.950000        55020        20.00
    5791.743     0.956250        55381        22.86
    5918.719     0.962500        55738        26.67
    6062.079     0.968750        56102        32.00
    6148.095     0.971875        56285        35.56
    6246.399     0.975000        56463        40.00
    6356.991     0.978125        56644        45.71
    6492.159     0.981250        56826        53.33
    6610.943     0.984375        57007        64.00
    6692.863     0.985938        57097        71.11
    6754.303     0.987500        57185        80.00
    6828.031     0.989062        57280        91.43
    6946.815     0.990625        57372       106.67
    7049.215     0.992188        57458       128.00
    7135.231     0.992969        57503       142.22
    7217.151     0.993750        57547       160.00
    7299.071     0.994531        57594       182.86
    7376.895     0.995313        57637       213.33
    7479.295     0.996094        57682       256.00
    7540.735     0.996484        57706       284.44
    7618.559     0.996875        57730       320.00
    7688.191     0.997266        57753       365.71
    7798.783     0.997656        57773       426.67
    7905.279     0.998047        57795       512.00
    7946.239     0.998242        57807       568.89
    8032.255     0.998437        57818       640.00
    8110.079     0.998633        57829       731.43
    8204.287     0.998828        57841       853.33
    8269.823     0.999023        57852      1024.00
    8298.495     0.999121        57858      1137.78
    8359.935     0.999219        57864      1280.00
    8396.799     0.999316        57869      1462.86
    8486.911     0.999414        57875      1706.67
    8552.447     0.999512        57881      2048.00
    8626.175     0.999561        57883      2275.56
    8683.519     0.999609        57886      2560.00
    8757.247     0.999658        57889      2925.71
    8847.359     0.999707        57892      3413.33
    8880.127     0.999756        57895      4096.00
    8937.471     0.999780        57896      4551.11
    8945.663     0.999805        57897      5120.00
    9084.927     0.999829        57899      5851.43
    9093.119     0.999854        57900      6826.67
    9289.727     0.999878        57901      8192.00
    9330.687     0.999890        57902      9102.22
    9355.263     0.999902        57903     10240.00
    9543.679     0.999915        57904     11702.86
    9543.679     0.999927        57904     13653.33
    9584.639     0.999939        57905     16384.00
    9584.639     0.999945        57905     18204.44
    9609.215     0.999951        57906     20480.00
    9609.215     0.999957        57906     23405.71
    9609.215     0.999963        57906     27306.67
    9666.559     0.999969        57907     32768.00
    9666.559     0.999973        57907     36408.89
    9666.559     0.999976        57907     40960.00
    9666.559     0.999979        57907     46811.43
    9666.559     0.999982        57907     54613.33
    9879.551     0.999985        57908     65536.00
    9879.551     1.000000        57908          inf
#[Mean    =     2088.532, StdDeviation   =     1952.534]
#[Max     =     9871.360, Total count    =        57908]
#[Buckets =           27, SubBuckets     =         2048]
----------------------------------------------------------
  97026 requests in 30.00s, 0.88GB read
  Non-2xx or 3xx responses: 25
Requests/sec:   3234.21
Transfer/sec:     30.06MB
