Using argument nginx
using  args: threads=4 and connections=512 and duration=30 and requests=12000
Running 30s test @ http://10.10.1.6:5000
  4 threads and 512 connections
  Thread calibration: mean lat.: 1.877ms, rate sampling interval: 10ms
  Thread calibration: mean lat.: 1.872ms, rate sampling interval: 10ms
  Thread calibration: mean lat.: 1.855ms, rate sampling interval: 10ms
  Thread calibration: mean lat.: 1.491ms, rate sampling interval: 10ms
  Thread Stats   Avg      Stdev     99%   +/- Stdev
    Latency    19.15ms   18.80ms  98.37ms   90.65%
    Req/Sec     3.18k     0.98k    5.78k    70.49%
  Latency Distribution (HdrHistogram - Recorded Latency)
 50.000%   14.57ms
 75.000%   23.42ms
 90.000%   36.80ms
 99.000%   98.37ms
 99.900%  180.99ms
 99.990%  272.89ms
 99.999%  342.27ms
100.000%  352.00ms

  Detailed Percentile spectrum:
       Value   Percentile   TotalCount 1/(1-Percentile)

       0.333     0.000000            1         1.00
       4.531     0.100000        24027         1.11
       7.043     0.200000        48022         1.25
       9.511     0.300000        72023         1.43
      11.975     0.400000        96033         1.67
      14.575     0.500000       120027         2.00
      15.959     0.550000       131965         2.22
      17.487     0.600000       144022         2.50
      19.183     0.650000       155978         2.86
      21.103     0.700000       168021         3.33
      23.423     0.750000       179969         4.00
      24.831     0.775000       186017         4.44
      26.383     0.800000       191993         5.00
      28.239     0.825000       197982         5.71
      30.447     0.850000       203992         6.67
      33.247     0.875000       209976         8.00
      34.911     0.887500       212963         8.89
      36.799     0.900000       215955        10.00
      39.039     0.912500       218950        11.43
      41.727     0.925000       221945        13.33
      45.215     0.937500       224940        16.00
      47.359     0.943750       226452        17.78
      49.759     0.950000       227945        20.00
      52.863     0.956250       229454        22.86
      56.799     0.962500       230958        26.67
      61.535     0.968750       232438        32.00
      64.639     0.971875       233191        35.56
      68.159     0.975000       233948        40.00
      71.999     0.978125       234693        45.71
      77.055     0.981250       235445        53.33
      83.007     0.984375       236187        64.00
      86.655     0.985938       236565        71.11
      90.431     0.987500       236937        80.00
      95.167     0.989062       237314        91.43
     100.543     0.990625       237687       106.67
     107.071     0.992188       238066       128.00
     110.783     0.992969       238249       142.22
     115.263     0.993750       238437       160.00
     120.127     0.994531       238625       182.86
     125.759     0.995313       238813       213.33
     132.607     0.996094       239001       256.00
     136.063     0.996484       239093       284.44
     140.415     0.996875       239187       320.00
     146.431     0.997266       239282       365.71
     151.807     0.997656       239374       426.67
     157.951     0.998047       239472       512.00
     161.919     0.998242       239515       568.89
     166.655     0.998437       239563       640.00
     171.903     0.998633       239608       731.43
     176.511     0.998828       239655       853.33
     181.631     0.999023       239703      1024.00
     184.575     0.999121       239727      1137.78
     188.287     0.999219       239749      1280.00
     193.023     0.999316       239772      1462.86
     200.191     0.999414       239796      1706.67
     206.079     0.999512       239819      2048.00
     211.455     0.999561       239831      2275.56
     216.575     0.999609       239843      2560.00
     221.567     0.999658       239855      2925.71
     226.175     0.999707       239866      3413.33
     235.391     0.999756       239878      4096.00
     240.511     0.999780       239884      4551.11
     244.991     0.999805       239890      5120.00
     248.703     0.999829       239896      5851.43
     251.903     0.999854       239901      6826.67
     263.679     0.999878       239907      8192.00
     272.383     0.999890       239911      9102.22
     276.991     0.999902       239913     10240.00
     278.783     0.999915       239916     11702.86
     284.671     0.999927       239919     13653.33
     291.583     0.999939       239922     16384.00
     294.143     0.999945       239923     18204.44
     296.191     0.999951       239925     20480.00
     299.519     0.999957       239926     23405.71
     302.847     0.999963       239928     27306.67
     304.895     0.999969       239929     32768.00
     307.711     0.999973       239930     36408.89
     310.783     0.999976       239932     40960.00
     310.783     0.999979       239932     46811.43
     310.783     0.999982       239932     54613.33
     342.015     0.999985       239933     65536.00
     342.015     0.999986       239933     72817.78
     342.271     0.999988       239934     81920.00
     342.271     0.999989       239934     93622.86
     342.271     0.999991       239934    109226.67
     345.855     0.999992       239935    131072.00
     345.855     0.999993       239935    145635.56
     345.855     0.999994       239935    163840.00
     345.855     0.999995       239935    187245.71
     345.855     0.999995       239935    218453.33
     351.999     0.999996       239936    262144.00
     351.999     1.000000       239936          inf
#[Mean    =       19.151, StdDeviation   =       18.799]
#[Max     =      351.744, Total count    =       239936]
#[Buckets =           27, SubBuckets     =         2048]
----------------------------------------------------------
  357381 requests in 30.00s, 143.35MB read
  Non-2xx or 3xx responses: 69327
Requests/sec:  11912.98
Transfer/sec:      4.78MB
