No argument supplied nginx
using  args: threads=4 and connections=512 and duration=30 and requests=2000
Running 30s test @ http://localhost:5000
  4 threads and 512 connections
  Thread calibration: mean lat.: 2.832ms, rate sampling interval: 10ms
  Thread calibration: mean lat.: 2.835ms, rate sampling interval: 10ms
  Thread calibration: mean lat.: 2.821ms, rate sampling interval: 10ms
  Thread calibration: mean lat.: 3.616ms, rate sampling interval: 11ms
  Thread Stats   Avg      Stdev     99%   +/- Stdev
    Latency     2.82ms    1.32ms   7.12ms   78.62%
    Req/Sec   525.18    234.79     1.11k    69.74%
  Latency Distribution (HdrHistogram - Recorded Latency)
 50.000%    2.37ms
 75.000%    3.42ms
 90.000%    4.62ms
 99.000%    7.12ms
 99.900%   10.20ms
 99.990%   20.67ms
 99.999%   23.18ms
100.000%   23.18ms

  Detailed Percentile spectrum:
       Value   Percentile   TotalCount 1/(1-Percentile)

       1.004     0.000000            1         1.00
       1.558     0.100000         3966         1.11
       1.834     0.200000         7946         1.25
       1.992     0.300000        11915         1.43
       2.139     0.400000        15863         1.67
       2.367     0.500000        19842         2.00
       2.537     0.550000        21830         2.22
       2.701     0.600000        23810         2.50
       2.953     0.650000        25789         2.86
       3.153     0.700000        27767         3.33
       3.423     0.750000        29745         4.00
       3.569     0.775000        30749         4.44
       3.713     0.800000        31730         5.00
       3.913     0.825000        32720         5.71
       4.115     0.850000        33715         6.67
       4.339     0.875000        34706         8.00
       4.479     0.887500        35202         8.89
       4.619     0.900000        35687        10.00
       4.767     0.912500        36185        11.43
       4.975     0.925000        36683        13.33
       5.187     0.937500        37181        16.00
       5.299     0.943750        37423        17.78
       5.463     0.950000        37671        20.00
       5.619     0.956250        37921        22.86
       5.775     0.962500        38166        26.67
       5.991     0.968750        38413        32.00
       6.123     0.971875        38540        35.56
       6.235     0.975000        38661        40.00
       6.395     0.978125        38787        45.71
       6.543     0.981250        38909        53.33
       6.703     0.984375        39032        64.00
       6.823     0.985938        39097        71.11
       6.947     0.987500        39158        80.00
       7.063     0.989062        39218        91.43
       7.187     0.990625        39282       106.67
       7.339     0.992188        39346       128.00
       7.431     0.992969        39373       142.22
       7.543     0.993750        39405       160.00
       7.635     0.994531        39435       182.86
       7.831     0.995313        39467       213.33
       7.963     0.996094        39497       256.00
       8.051     0.996484        39512       284.44
       8.159     0.996875        39528       320.00
       8.319     0.997266        39543       365.71
       8.471     0.997656        39559       426.67
       8.735     0.998047        39574       512.00
       8.959     0.998242        39583       568.89
       9.159     0.998437        39590       640.00
       9.255     0.998633        39597       731.43
       9.695     0.998828        39605       853.33
      10.207     0.999023        39613      1024.00
      10.591     0.999121        39617      1137.78
      10.687     0.999219        39621      1280.00
      10.823     0.999316        39624      1462.86
      11.039     0.999414        39628      1706.67
      11.239     0.999512        39632      2048.00
      11.287     0.999561        39634      2275.56
      11.351     0.999609        39636      2560.00
      11.887     0.999658        39638      2925.71
      12.191     0.999707        39640      3413.33
      14.215     0.999756        39642      4096.00
      14.279     0.999780        39643      4551.11
      14.591     0.999805        39644      5120.00
      17.231     0.999829        39645      5851.43
      17.711     0.999854        39646      6826.67
      20.671     0.999878        39647      8192.00
      20.671     0.999890        39647      9102.22
      21.759     0.999902        39648     10240.00
      21.759     0.999915        39648     11702.86
      22.191     0.999927        39649     13653.33
      22.191     0.999939        39649     16384.00
      22.191     0.999945        39649     18204.44
      23.039     0.999951        39650     20480.00
      23.039     0.999957        39650     23405.71
      23.039     0.999963        39650     27306.67
      23.039     0.999969        39650     32768.00
      23.039     0.999973        39650     36408.89
      23.183     0.999976        39651     40960.00
      23.183     1.000000        39651          inf
#[Mean    =        2.817, StdDeviation   =        1.323]
#[Max     =       23.168, Total count    =        39651]
#[Buckets =           27, SubBuckets     =         2048]
----------------------------------------------------------
  58711 requests in 30.00s, 24.15MB read
  Socket errors: connect 0, read 0, write 0, timeout 11
Requests/sec:   1956.78
Transfer/sec:    824.24KB
