No argument supplied nginx
using  args: threads=4 and connections=512 and duration=30 and requests=2000
Running 30s test @ http://localhost:5000
  4 threads and 512 connections
  Thread calibration: mean lat.: 2.914ms, rate sampling interval: 10ms
  Thread calibration: mean lat.: 2.869ms, rate sampling interval: 10ms
  Thread calibration: mean lat.: 2.909ms, rate sampling interval: 10ms
  Thread calibration: mean lat.: 2.885ms, rate sampling interval: 10ms
  Thread Stats   Avg      Stdev     99%   +/- Stdev
    Latency     2.84ms    1.21ms   6.84ms   75.51%
    Req/Sec   526.80    236.76     1.11k    69.48%
  Latency Distribution (HdrHistogram - Recorded Latency)
 50.000%    2.46ms
 75.000%    3.43ms
 90.000%    4.55ms
 99.000%    6.84ms
 99.900%    8.50ms
 99.990%   10.33ms
 99.999%   13.06ms
100.000%   13.06ms

  Detailed Percentile spectrum:
       Value   Percentile   TotalCount 1/(1-Percentile)

       0.927     0.000000            1         1.00
       1.653     0.100000         3987         1.11
       1.920     0.200000         7965         1.25
       2.067     0.300000        11953         1.43
       2.227     0.400000        15936         1.67
       2.457     0.500000        19884         2.00
       2.581     0.550000        21864         2.22
       2.745     0.600000        23848         2.50
       2.979     0.650000        25840         2.86
       3.179     0.700000        27828         3.33
       3.435     0.750000        29810         4.00
       3.573     0.775000        30800         4.44
       3.703     0.800000        31806         5.00
       3.877     0.825000        32792         5.71
       4.069     0.850000        33783         6.67
       4.275     0.875000        34789         8.00
       4.403     0.887500        35271         8.89
       4.547     0.900000        35773        10.00
       4.683     0.912500        36268        11.43
       4.851     0.925000        36763        13.33
       5.067     0.937500        37265        16.00
       5.171     0.943750        37516        17.78
       5.283     0.950000        37753        20.00
       5.455     0.956250        38002        22.86
       5.619     0.962500        38253        26.67
       5.795     0.968750        38503        32.00
       5.891     0.971875        38625        35.56
       5.995     0.975000        38747        40.00
       6.127     0.978125        38871        45.71
       6.243     0.981250        38996        53.33
       6.411     0.984375        39123        64.00
       6.523     0.985938        39184        71.11
       6.631     0.987500        39244        80.00
       6.767     0.989062        39310        91.43
       6.899     0.990625        39369       106.67
       7.007     0.992188        39432       128.00
       7.095     0.992969        39462       142.22
       7.195     0.993750        39492       160.00
       7.331     0.994531        39524       182.86
       7.399     0.995313        39554       213.33
       7.523     0.996094        39586       256.00
       7.591     0.996484        39601       284.44
       7.683     0.996875        39616       320.00
       7.799     0.997266        39633       365.71
       7.887     0.997656        39647       426.67
       8.039     0.998047        39664       512.00
       8.111     0.998242        39672       568.89
       8.175     0.998437        39678       640.00
       8.295     0.998633        39687       731.43
       8.463     0.998828        39695       853.33
       8.551     0.999023        39702      1024.00
       8.591     0.999121        39706      1137.78
       8.639     0.999219        39709      1280.00
       8.839     0.999316        39713      1462.86
       8.951     0.999414        39717      1706.67
       9.111     0.999512        39721      2048.00
       9.255     0.999561        39723      2275.56
       9.511     0.999609        39725      2560.00
       9.599     0.999658        39727      2925.71
       9.631     0.999707        39729      3413.33
       9.711     0.999756        39731      4096.00
       9.767     0.999780        39732      4551.11
      10.023     0.999805        39733      5120.00
      10.151     0.999829        39734      5851.43
      10.223     0.999854        39735      6826.67
      10.327     0.999878        39736      8192.00
      10.327     0.999890        39736      9102.22
      10.439     0.999902        39737     10240.00
      10.439     0.999915        39737     11702.86
      10.567     0.999927        39738     13653.33
      10.567     0.999939        39738     16384.00
      10.567     0.999945        39738     18204.44
      10.607     0.999951        39739     20480.00
      10.607     0.999957        39739     23405.71
      10.607     0.999963        39739     27306.67
      10.607     0.999969        39739     32768.00
      10.607     0.999973        39739     36408.89
      13.063     0.999976        39740     40960.00
      13.063     1.000000        39740          inf
#[Mean    =        2.843, StdDeviation   =        1.208]
#[Max     =       13.056, Total count    =        39740]
#[Buckets =           27, SubBuckets     =         2048]
----------------------------------------------------------
  59651 requests in 30.00s, 24.59MB read
  Socket errors: connect 0, read 0, write 0, timeout 6
Requests/sec:   1988.11
Transfer/sec:    839.25KB
