No argument supplied nginx
using  args: threads=4 and connections=512 and duration=30 and requests=2500
Running 30s test @ http://localhost:5000
  4 threads and 512 connections
  Thread calibration: mean lat.: 2.795ms, rate sampling interval: 10ms
  Thread calibration: mean lat.: 2.813ms, rate sampling interval: 10ms
  Thread calibration: mean lat.: 2.804ms, rate sampling interval: 10ms
  Thread calibration: mean lat.: 2.797ms, rate sampling interval: 10ms
  Thread Stats   Avg      Stdev     99%   +/- Stdev
    Latency     2.83ms    1.22ms   6.87ms   76.57%
    Req/Sec   661.42    266.66     1.33k    73.20%
  Latency Distribution (HdrHistogram - Recorded Latency)
 50.000%    2.43ms
 75.000%    3.40ms
 90.000%    4.53ms
 99.000%    6.87ms
 99.900%    8.95ms
 99.990%   12.31ms
 99.999%   13.43ms
100.000%   13.43ms

  Detailed Percentile spectrum:
       Value   Percentile   TotalCount 1/(1-Percentile)

       0.922     0.000000            1         1.00
       1.653     0.100000         4999         1.11
       1.921     0.200000         9988         1.25
       2.075     0.300000        15037         1.43
       2.231     0.400000        19985         1.67
       2.435     0.500000        24994         2.00
       2.561     0.550000        27475         2.22
       2.715     0.600000        29966         2.50
       2.939     0.650000        32446         2.86
       3.141     0.700000        34948         3.33
       3.397     0.750000        37451         4.00
       3.535     0.775000        38681         4.44
       3.681     0.800000        39942         5.00
       3.851     0.825000        41178         5.71
       4.057     0.850000        42436         6.67
       4.263     0.875000        43693         8.00
       4.391     0.887500        44318         8.89
       4.535     0.900000        44937        10.00
       4.679     0.912500        45557        11.43
       4.851     0.925000        46180        13.33
       5.059     0.937500        46799        16.00
       5.183     0.943750        47111        17.78
       5.295     0.950000        47416        20.00
       5.431     0.956250        47728        22.86
       5.619     0.962500        48044        26.67
       5.807     0.968750        48352        32.00
       5.923     0.971875        48512        35.56
       6.047     0.975000        48668        40.00
       6.179     0.978125        48826        45.71
       6.315     0.981250        48978        53.33
       6.483     0.984375        49131        64.00
       6.583     0.985938        49209        71.11
       6.691     0.987500        49288        80.00
       6.791     0.989062        49366        91.43
       6.935     0.990625        49443       106.67
       7.123     0.992188        49523       128.00
       7.199     0.992969        49560       142.22
       7.295     0.993750        49599       160.00
       7.395     0.994531        49638       182.86
       7.507     0.995313        49678       213.33
       7.635     0.996094        49717       256.00
       7.711     0.996484        49738       284.44
       7.795     0.996875        49756       320.00
       7.911     0.997266        49774       365.71
       8.067     0.997656        49794       426.67
       8.187     0.998047        49813       512.00
       8.319     0.998242        49823       568.89
       8.463     0.998437        49833       640.00
       8.535     0.998633        49842       731.43
       8.759     0.998828        49852       853.33
       8.959     0.999023        49862      1024.00
       9.055     0.999121        49868      1137.78
       9.119     0.999219        49872      1280.00
       9.383     0.999316        49876      1462.86
       9.631     0.999414        49881      1706.67
       9.943     0.999512        49886      2048.00
      10.055     0.999561        49889      2275.56
      10.143     0.999609        49891      2560.00
      10.759     0.999658        49893      2925.71
      10.823     0.999707        49896      3413.33
      10.975     0.999756        49898      4096.00
      11.175     0.999780        49900      4551.11
      11.223     0.999805        49901      5120.00
      11.343     0.999829        49902      5851.43
      11.575     0.999854        49903      6826.67
      11.815     0.999878        49904      8192.00
      12.311     0.999890        49905      9102.22
      12.407     0.999902        49906     10240.00
      12.407     0.999915        49906     11702.86
      12.807     0.999927        49907     13653.33
      12.807     0.999939        49907     16384.00
      13.031     0.999945        49908     18204.44
      13.031     0.999951        49908     20480.00
      13.031     0.999957        49908     23405.71
      13.367     0.999963        49909     27306.67
      13.367     0.999969        49909     32768.00
      13.367     0.999973        49909     36408.89
      13.367     0.999976        49909     40960.00
      13.367     0.999979        49909     46811.43
      13.431     0.999982        49910     54613.33
      13.431     1.000000        49910          inf
#[Mean    =        2.835, StdDeviation   =        1.217]
#[Max     =       13.424, Total count    =        49910]
#[Buckets =           27, SubBuckets     =         2048]
----------------------------------------------------------
  74375 requests in 30.00s, 30.80MB read
  Socket errors: connect 0, read 0, write 0, timeout 1
Requests/sec:   2479.21
Transfer/sec:      1.03MB
