No argument supplied nginx
using  args: threads=4 and connections=512 and duration=30 and requests=4000
Running 30s test @ http://localhost:5000
  4 threads and 512 connections
  Thread calibration: mean lat.: 2418.975ms, rate sampling interval: 9297ms
  Thread calibration: mean lat.: 2399.463ms, rate sampling interval: 9150ms
  Thread calibration: mean lat.: 2435.480ms, rate sampling interval: 9207ms
  Thread calibration: mean lat.: 2758.049ms, rate sampling interval: 9093ms
  Thread Stats   Avg      Stdev     99%   +/- Stdev
    Latency     9.98s     3.26s   16.66s    61.38%
    Req/Sec   470.75     17.48   492.00     50.00%
  Latency Distribution (HdrHistogram - Recorded Latency)
 50.000%    9.85s 
 75.000%   12.59s 
 90.000%   14.43s 
 99.000%   16.66s 
 99.900%   17.78s 
 99.990%   18.20s 
 99.999%   18.42s 
100.000%   18.42s 

  Detailed Percentile spectrum:
       Value   Percentile   TotalCount 1/(1-Percentile)

    1919.999     0.000000            1         1.00
    5730.303     0.100000         3756         1.11
    6766.591     0.200000         7512         1.25
    7770.111     0.300000        11274         1.43
    8781.823     0.400000        15022         1.67
    9854.975     0.500000        18770         2.00
   10412.031     0.550000        20659         2.22
   10977.279     0.600000        22547         2.50
   11534.335     0.650000        24401         2.86
   12075.007     0.700000        26284         3.33
   12591.103     0.750000        28166         4.00
   12869.631     0.775000        29111         4.44
   13139.967     0.800000        30039         5.00
   13434.879     0.825000        30977         5.71
   13746.175     0.850000        31917         6.67
   14073.855     0.875000        32850         8.00
   14245.887     0.887500        33321         8.89
   14434.303     0.900000        33799        10.00
   14622.719     0.912500        34254        11.43
   14843.903     0.925000        34723        13.33
   15081.471     0.937500        35192        16.00
   15204.351     0.943750        35441        17.78
   15319.039     0.950000        35671        20.00
   15482.879     0.956250        35902        22.86
   15622.143     0.962500        36133        26.67
   15818.751     0.968750        36370        32.00
   15908.863     0.971875        36487        35.56
   16007.167     0.975000        36612        40.00
   16105.471     0.978125        36717        45.71
   16211.967     0.981250        36835        53.33
   16351.231     0.984375        36954        64.00
   16416.767     0.985938        37012        71.11
   16515.071     0.987500        37072        80.00
   16613.375     0.989062        37129        91.43
   16711.679     0.990625        37188       106.67
   16826.367     0.992188        37248       128.00
   16891.903     0.992969        37277       142.22
   16957.439     0.993750        37307       160.00
   17055.743     0.994531        37337       182.86
   17121.279     0.995313        37369       213.33
   17219.583     0.996094        37395       256.00
   17285.119     0.996484        37410       284.44
   17317.887     0.996875        37421       320.00
   17399.807     0.997266        37438       365.71
   17465.343     0.997656        37453       426.67
   17530.879     0.998047        37468       512.00
   17563.647     0.998242        37476       568.89
   17596.415     0.998437        37482       640.00
   17612.799     0.998633        37487       731.43
   17743.871     0.998828        37497       853.33
   17793.023     0.999023        37503      1024.00
   17825.791     0.999121        37507      1137.78
   17842.175     0.999219        37512      1280.00
   17858.559     0.999316        37516      1462.86
   17891.327     0.999414        37519      1706.67
   17907.711     0.999512        37520      2048.00
   17940.479     0.999561        37522      2275.56
   17989.631     0.999609        37524      2560.00
   18055.167     0.999658        37527      2925.71
   18071.551     0.999707        37528      3413.33
   18087.935     0.999756        37529      4096.00
   18104.319     0.999780        37530      4551.11
   18137.087     0.999805        37531      5120.00
   18153.471     0.999829        37533      5851.43
   18153.471     0.999854        37533      6826.67
   18202.623     0.999878        37534      8192.00
   18202.623     0.999890        37534      9102.22
   18235.391     0.999902        37536     10240.00
   18235.391     0.999915        37536     11702.86
   18235.391     0.999927        37536     13653.33
   18235.391     0.999939        37536     16384.00
   18235.391     0.999945        37536     18204.44
   18333.695     0.999951        37537     20480.00
   18333.695     0.999957        37537     23405.71
   18333.695     0.999963        37537     27306.67
   18333.695     0.999969        37537     32768.00
   18333.695     0.999973        37537     36408.89
   18415.615     0.999976        37538     40960.00
   18415.615     1.000000        37538          inf
#[Mean    =     9980.403, StdDeviation   =     3259.862]
#[Max     =    18399.232, Total count    =        37538]
#[Buckets =           27, SubBuckets     =         2048]
----------------------------------------------------------
  56921 requests in 30.02s, 23.52MB read
Requests/sec:   1896.04
Transfer/sec:    802.11KB
