Using argument nginx
using  args: threads=4 and connections=512 and duration=30 and requests=10000
Running 30s test @ http://10.10.1.4:5000
  4 threads and 512 connections
  Thread calibration: mean lat.: 3118.731ms, rate sampling interval: 11485ms
  Thread calibration: mean lat.: 3052.213ms, rate sampling interval: 11296ms
  Thread calibration: mean lat.: 3079.041ms, rate sampling interval: 11354ms
  Thread calibration: mean lat.: 3022.259ms, rate sampling interval: 10706ms
  Thread Stats   Avg      Stdev     99%   +/- Stdev
    Latency    12.64s     3.83s   19.76s    58.67%
    Req/Sec     0.88k     0.83     0.88k   100.00%
  Latency Distribution (HdrHistogram - Recorded Latency)
 50.000%   12.63s 
 75.000%   15.88s 
 90.000%   17.86s 
 99.000%   19.76s 
 99.900%   20.64s 
 99.990%   21.14s 
 99.999%   21.25s 
100.000%   21.30s 

  Detailed Percentile spectrum:
       Value   Percentile   TotalCount 1/(1-Percentile)

    4349.951     0.000000            1         1.00
    7462.911     0.100000         7052         1.11
    8716.287     0.200000        14097         1.25
    9945.087     0.300000        21124         1.43
   11255.807     0.400000        28179         1.67
   12632.063     0.500000        35201         2.00
   13311.999     0.550000        38721         2.22
   13983.743     0.600000        42263         2.50
   14606.335     0.650000        45775         2.86
   15228.927     0.700000        49264         3.33
   15884.287     0.750000        52779         4.00
   16203.775     0.775000        54556         4.44
   16539.647     0.800000        56307         5.00
   16859.135     0.825000        58054         5.71
   17186.815     0.850000        59843         6.67
   17514.495     0.875000        61614         8.00
   17678.335     0.887500        62476         8.89
   17858.559     0.900000        63377        10.00
   18038.783     0.912500        64223        11.43
   18251.775     0.925000        65131        13.33
   18448.383     0.937500        66001        16.00
   18563.071     0.943750        66441        17.78
   18694.143     0.950000        66908        20.00
   18808.831     0.956250        67315        22.86
   18939.903     0.962500        67777        26.67
   19087.359     0.968750        68199        32.00
   19152.895     0.971875        68386        35.56
   19251.199     0.975000        68635        40.00
   19349.503     0.978125        68848        45.71
   19431.423     0.981250        69059        53.33
   19529.727     0.984375        69274        64.00
   19595.263     0.985938        69396        71.11
   19660.799     0.987500        69498        80.00
   19726.335     0.989062        69607        91.43
   19791.871     0.990625        69720       106.67
   19873.791     0.992188        69834       128.00
   19922.943     0.992969        69890       142.22
   19955.711     0.993750        69926       160.00
   20021.247     0.994531        69987       182.86
   20103.167     0.995313        70040       213.33
   20168.703     0.996094        70092       256.00
   20201.471     0.996484        70121       284.44
   20234.239     0.996875        70146       320.00
   20299.775     0.997266        70174       365.71
   20365.311     0.997656        70201       426.67
   20430.847     0.998047        70228       512.00
   20463.615     0.998242        70241       568.89
   20512.767     0.998437        70256       640.00
   20561.919     0.998633        70276       731.43
   20594.687     0.998828        70282       853.33
   20660.223     0.999023        70301      1024.00
   20692.991     0.999121        70305      1137.78
   20725.759     0.999219        70310      1280.00
   20758.527     0.999316        70316      1462.86
   20824.063     0.999414        70324      1706.67
   20873.215     0.999512        70330      2048.00
   20889.599     0.999561        70335      2275.56
   20922.367     0.999609        70338      2560.00
   20955.135     0.999658        70340      2925.71
   20987.903     0.999707        70344      3413.33
   21020.671     0.999756        70347      4096.00
   21053.439     0.999780        70350      4551.11
   21069.823     0.999805        70352      5120.00
   21069.823     0.999829        70352      5851.43
   21102.591     0.999854        70354      6826.67
   21135.359     0.999878        70357      8192.00
   21135.359     0.999890        70357      9102.22
   21151.743     0.999902        70358     10240.00
   21151.743     0.999915        70358     11702.86
   21168.127     0.999927        70360     13653.33
   21168.127     0.999939        70360     16384.00
   21184.511     0.999945        70361     18204.44
   21184.511     0.999951        70361     20480.00
   21184.511     0.999957        70361     23405.71
   21200.895     0.999963        70362     27306.67
   21200.895     0.999969        70362     32768.00
   21250.047     0.999973        70363     36408.89
   21250.047     0.999976        70363     40960.00
   21250.047     0.999979        70363     46811.43
   21250.047     0.999982        70363     54613.33
   21250.047     0.999985        70363     65536.00
   21299.199     0.999986        70364     72817.78
   21299.199     1.000000        70364          inf
#[Mean    =    12640.277, StdDeviation   =     3831.764]
#[Max     =    21282.816, Total count    =        70364]
#[Buckets =           27, SubBuckets     =         2048]
----------------------------------------------------------
  105695 requests in 30.01s, 43.67MB read
Requests/sec:   3521.73
Transfer/sec:      1.45MB
