Using argument nginx
using  args: threads=4 and connections=512 and duration=30 and requests=5000
Running 30s test @ http://10.10.1.4:8080/wrk2-api/user-timeline/read
  4 threads and 512 connections
  Thread calibration: mean lat.: 3.323ms, rate sampling interval: 10ms
  Thread calibration: mean lat.: 2.379ms, rate sampling interval: 10ms
  Thread calibration: mean lat.: 3.998ms, rate sampling interval: 10ms
  Thread calibration: mean lat.: 3.019ms, rate sampling interval: 10ms
  Thread Stats   Avg      Stdev     99%   +/- Stdev
    Latency     4.10ms   18.88ms  61.89ms   98.45%
    Req/Sec     1.32k   402.60     2.40k    67.37%
  Latency Distribution (HdrHistogram - Recorded Latency)
 50.000%    1.94ms
 75.000%    2.51ms
 90.000%    3.47ms
 99.000%   61.89ms
 99.900%  288.51ms
 99.990%  476.42ms
 99.999%  602.62ms
100.000%  705.02ms

  Detailed Percentile spectrum:
       Value   Percentile   TotalCount 1/(1-Percentile)

       1.041     0.000000            1         1.00
       1.450     0.100000        10004         1.11
       1.573     0.200000        19997         1.25
       1.685     0.300000        29959         1.43
       1.802     0.400000        39945         1.67
       1.936     0.500000        49883         2.00
       2.015     0.550000        54843         2.22
       2.105     0.600000        59899         2.50
       2.211     0.650000        64866         2.86
       2.343     0.700000        69812         3.33
       2.505     0.750000        74778         4.00
       2.603     0.775000        77290         4.44
       2.715     0.800000        79771         5.00
       2.845     0.825000        82252         5.71
       2.999     0.850000        84746         6.67
       3.201     0.875000        87253         8.00
       3.325     0.887500        88492         8.89
       3.469     0.900000        89744        10.00
       3.655     0.912500        90978        11.43
       3.897     0.925000        92229        13.33
       4.251     0.937500        93467        16.00
       4.499     0.943750        94090        17.78
       4.795     0.950000        94716        20.00
       5.223     0.956250        95336        22.86
       5.855     0.962500        95959        26.67
       6.911     0.968750        96580        32.00
       7.651     0.971875        96892        35.56
       8.511     0.975000        97203        40.00
       9.575     0.978125        97516        45.71
      11.263     0.981250        97826        53.33
      22.271     0.984375        98138        64.00
      30.335     0.985938        98294        71.11
      41.535     0.987500        98449        80.00
      53.247     0.989062        98605        91.43
      68.159     0.990625        98761       106.67
      85.823     0.992188        98917       128.00
      95.935     0.992969        98996       142.22
     108.351     0.993750        99072       160.00
     123.327     0.994531        99151       182.86
     141.439     0.995313        99229       213.33
     160.639     0.996094        99306       256.00
     170.111     0.996484        99345       284.44
     184.831     0.996875        99384       320.00
     196.607     0.997266        99424       365.71
     212.479     0.997656        99462       426.67
     233.343     0.998047        99501       512.00
     243.199     0.998242        99520       568.89
     250.495     0.998437        99541       640.00
     262.655     0.998633        99559       731.43
     277.503     0.998828        99579       853.33
     290.815     0.999023        99598      1024.00
     302.847     0.999121        99608      1137.78
     318.975     0.999219        99618      1280.00
     329.983     0.999316        99627      1462.86
     345.599     0.999414        99637      1706.67
     366.079     0.999512        99647      2048.00
     372.735     0.999561        99652      2275.56
     382.463     0.999609        99657      2560.00
     391.423     0.999658        99661      2925.71
     409.599     0.999707        99666      3413.33
     426.239     0.999756        99671      4096.00
     430.591     0.999780        99674      4551.11
     443.391     0.999805        99676      5120.00
     446.719     0.999829        99678      5851.43
     457.727     0.999854        99681      6826.67
     468.735     0.999878        99683      8192.00
     476.415     0.999890        99685      9102.22
     488.447     0.999902        99686     10240.00
     491.775     0.999915        99687     11702.86
     501.759     0.999927        99688     13653.33
     512.255     0.999939        99689     16384.00
     531.455     0.999945        99690     18204.44
     548.351     0.999951        99691     20480.00
     548.351     0.999957        99691     23405.71
     570.367     0.999963        99692     27306.67
     570.367     0.999969        99692     32768.00
     592.383     0.999973        99693     36408.89
     592.383     0.999976        99693     40960.00
     592.383     0.999979        99693     46811.43
     602.623     0.999982        99694     54613.33
     602.623     0.999985        99694     65536.00
     602.623     0.999986        99694     72817.78
     602.623     0.999988        99694     81920.00
     602.623     0.999989        99694     93622.86
     705.023     0.999991        99695    109226.67
     705.023     1.000000        99695          inf
#[Mean    =        4.096, StdDeviation   =       18.880]
#[Max     =      704.512, Total count    =        99695]
#[Buckets =           27, SubBuckets     =         2048]
----------------------------------------------------------
  148605 requests in 30.00s, 26.16MB read
  Non-2xx or 3xx responses: 508
Requests/sec:   4953.58
Transfer/sec:      0.87MB
