Using argument nginx
using  args: threads=4 and connections=512 and duration=30 and requests=3000
Running 30s test @ http://10.10.1.2:8080/wrk2-api/user-timeline/read
  4 threads and 512 connections
  Thread calibration: mean lat.: 253.036ms, rate sampling interval: 1470ms
  Thread calibration: mean lat.: 296.118ms, rate sampling interval: 1670ms
  Thread calibration: mean lat.: 262.749ms, rate sampling interval: 1521ms
  Thread calibration: mean lat.: 279.756ms, rate sampling interval: 1684ms
  Thread Stats   Avg      Stdev     99%   +/- Stdev
    Latency     1.78s     1.25s    5.47s    69.14%
    Req/Sec   661.56     17.19   697.00     66.67%
  Latency Distribution (HdrHistogram - Recorded Latency)
 50.000%    1.52s 
 75.000%    2.49s 
 90.000%    3.52s 
 99.000%    5.47s 
 99.900%    6.57s 
 99.990%    8.28s 
 99.999%    8.60s 
100.000%    8.71s 

  Detailed Percentile spectrum:
       Value   Percentile   TotalCount 1/(1-Percentile)

       4.891     0.000000            1         1.00
     392.703     0.100000         5258         1.11
     657.919     0.200000        10526         1.25
     918.015     0.300000        15773         1.43
    1199.103     0.400000        21043         1.67
    1516.543     0.500000        26295         2.00
    1690.623     0.550000        28915         2.22
    1874.943     0.600000        31556         2.50
    2070.527     0.650000        34165         2.86
    2269.183     0.700000        36809         3.33
    2494.463     0.750000        39430         4.00
    2619.391     0.775000        40735         4.44
    2756.607     0.800000        42061         5.00
    2906.111     0.825000        43362         5.71
    3084.287     0.850000        44680         6.67
    3284.991     0.875000        45997         8.00
    3397.631     0.887500        46649         8.89
    3518.463     0.900000        47310        10.00
    3661.823     0.912500        47967        11.43
    3819.519     0.925000        48624        13.33
    3997.695     0.937500        49277        16.00
    4106.239     0.943750        49606        17.78
    4227.071     0.950000        49938        20.00
    4362.239     0.956250        50265        22.86
    4505.599     0.962500        50592        26.67
    4665.343     0.968750        50923        32.00
    4751.359     0.971875        51093        35.56
    4845.567     0.975000        51249        40.00
    4952.063     0.978125        51417        45.71
    5074.943     0.981250        51574        53.33
    5201.919     0.984375        51744        64.00
    5271.551     0.985938        51825        71.11
    5357.567     0.987500        51904        80.00
    5431.295     0.989062        51985        91.43
    5505.023     0.990625        52067       106.67
    5586.943     0.992188        52150       128.00
    5652.479     0.992969        52190       142.22
    5697.535     0.993750        52231       160.00
    5763.071     0.994531        52273       182.86
    5824.511     0.995313        52313       213.33
    5906.431     0.996094        52356       256.00
    5967.871     0.996484        52375       284.44
    6017.023     0.996875        52395       320.00
    6078.463     0.997266        52416       365.71
    6152.191     0.997656        52436       426.67
    6246.399     0.998047        52457       512.00
    6283.263     0.998242        52467       568.89
    6320.127     0.998437        52477       640.00
    6393.855     0.998633        52488       731.43
    6475.775     0.998828        52499       853.33
    6615.039     0.999023        52508      1024.00
    6696.959     0.999121        52513      1137.78
    6758.399     0.999219        52518      1280.00
    6897.663     0.999316        52525      1462.86
    7073.791     0.999414        52529      1706.67
    7237.631     0.999512        52534      2048.00
    7249.919     0.999561        52536      2275.56
    7319.551     0.999609        52539      2560.00
    7409.663     0.999658        52542      2925.71
    7467.007     0.999707        52544      3413.33
    7606.271     0.999756        52547      4096.00
    7782.399     0.999780        52549      4551.11
    7782.399     0.999805        52549      5120.00
    7942.143     0.999829        52551      5851.43
    8118.271     0.999854        52552      6826.67
    8167.423     0.999878        52553      8192.00
    8282.111     0.999890        52554      9102.22
    8282.111     0.999902        52554     10240.00
    8335.359     0.999915        52555     11702.86
    8368.127     0.999927        52556     13653.33
    8368.127     0.999939        52556     16384.00
    8527.871     0.999945        52557     18204.44
    8527.871     0.999951        52557     20480.00
    8527.871     0.999957        52557     23405.71
    8601.599     0.999963        52558     27306.67
    8601.599     0.999969        52558     32768.00
    8601.599     0.999973        52558     36408.89
    8601.599     0.999976        52558     40960.00
    8601.599     0.999979        52558     46811.43
    8708.095     0.999982        52559     54613.33
    8708.095     1.000000        52559          inf
#[Mean    =     1775.739, StdDeviation   =     1246.062]
#[Max     =     8699.904, Total count    =        52559]
#[Buckets =           27, SubBuckets     =         2048]
----------------------------------------------------------
  79592 requests in 30.01s, 13.97MB read
  Socket errors: connect 0, read 0, write 0, timeout 1
Requests/sec:   2652.52
Transfer/sec:    476.62KB
