Using argument nginx
using  args: threads=4 and connections=512 and duration=30 and requests=10000
Running 30s test @ http://10.10.1.4:5000
  4 threads and 512 connections
  Thread calibration: mean lat.: 0.548ms, rate sampling interval: 10ms
  Thread calibration: mean lat.: 0.562ms, rate sampling interval: 10ms
  Thread calibration: mean lat.: 0.546ms, rate sampling interval: 10ms
  Thread calibration: mean lat.: 0.561ms, rate sampling interval: 10ms
  Thread Stats   Avg      Stdev     99%   +/- Stdev
    Latency     2.11s     2.61s    8.31s    79.01%
    Req/Sec     1.58k     1.34k    5.20k    59.30%
  Latency Distribution (HdrHistogram - Recorded Latency)
 50.000%  479.74ms
 75.000%    4.14s 
 90.000%    6.42s 
 99.000%    8.31s 
 99.900%    9.15s 
 99.990%    9.63s 
 99.999%    9.99s 
100.000%   10.04s 

  Detailed Percentile spectrum:
       Value   Percentile   TotalCount 1/(1-Percentile)

       0.071     0.000000            1         1.00
       0.118     0.100000        11966         1.11
       0.145     0.200000        23949         1.25
       0.600     0.300000        35741         1.43
       0.974     0.400000        47637         1.67
     479.743     0.500000        59546         2.00
    1233.919     0.550000        65501         2.22
    1959.935     0.600000        71459         2.50
    2701.311     0.650000        77412         2.86
    3405.823     0.700000        83377         3.33
    4139.007     0.750000        89327         4.00
    4513.791     0.775000        92323         4.44
    4882.431     0.800000        95299         5.00
    5259.263     0.825000        98255         5.71
    5644.287     0.850000       101255         6.67
    6021.119     0.875000       104225         8.00
    6217.727     0.887500       105702         8.89
    6418.431     0.900000       107197        10.00
    6610.943     0.912500       108672        11.43
    6819.839     0.925000       110184        13.33
    7020.543     0.937500       111659        16.00
    7131.135     0.943750       112414        17.78
    7237.631     0.950000       113155        20.00
    7356.415     0.956250       113900        22.86
    7491.583     0.962500       114643        26.67
    7626.751     0.968750       115372        32.00
    7700.479     0.971875       115753        35.56
    7786.495     0.975000       116123        40.00
    7864.319     0.978125       116489        45.71
    7962.623     0.981250       116860        53.33
    8069.119     0.984375       117234        64.00
    8126.463     0.985938       117429        71.11
    8191.999     0.987500       117605        80.00
    8265.727     0.989062       117792        91.43
    8339.455     0.990625       117982       106.67
    8413.183     0.992188       118166       128.00
    8462.335     0.992969       118258       142.22
    8519.679     0.993750       118352       160.00
    8577.023     0.994531       118443       182.86
    8642.559     0.995313       118542       213.33
    8716.287     0.996094       118633       256.00
    8749.055     0.996484       118688       284.44
    8781.823     0.996875       118721       320.00
    8847.359     0.997266       118772       365.71
    8896.511     0.997656       118817       426.67
    8945.663     0.998047       118863       512.00
    8978.431     0.998242       118887       568.89
    9035.775     0.998437       118907       640.00
    9076.735     0.998633       118930       731.43
    9117.695     0.998828       118954       853.33
    9166.847     0.999023       118982      1024.00
    9183.231     0.999121       118988      1137.78
    9199.615     0.999219       118998      1280.00
    9240.575     0.999316       119011      1462.86
    9281.535     0.999414       119026      1706.67
    9330.687     0.999512       119033      2048.00
    9355.263     0.999561       119040      2275.56
    9371.647     0.999609       119046      2560.00
    9412.607     0.999658       119052      2925.71
    9461.759     0.999707       119057      3413.33
    9486.335     0.999756       119062      4096.00
    9535.487     0.999780       119067      4551.11
    9560.063     0.999805       119068      5120.00
    9568.255     0.999829       119074      5851.43
    9568.255     0.999854       119074      6826.67
    9601.023     0.999878       119077      8192.00
    9617.407     0.999890       119078      9102.22
    9633.791     0.999902       119081     10240.00
    9633.791     0.999915       119081     11702.86
    9674.751     0.999927       119083     13653.33
    9682.943     0.999939       119084     16384.00
    9691.135     0.999945       119085     18204.44
    9707.519     0.999951       119086     20480.00
    9707.519     0.999957       119086     23405.71
    9781.247     0.999963       119087     27306.67
    9830.399     0.999969       119088     32768.00
    9830.399     0.999973       119088     36408.89
    9945.087     0.999976       119089     40960.00
    9945.087     0.999979       119089     46811.43
    9945.087     0.999982       119089     54613.33
    9994.239     0.999985       119090     65536.00
    9994.239     0.999986       119090     72817.78
    9994.239     0.999988       119090     81920.00
    9994.239     0.999989       119090     93622.86
    9994.239     0.999991       119090    109226.67
   10035.199     0.999992       119091    131072.00
   10035.199     1.000000       119091          inf
#[Mean    =     2114.183, StdDeviation   =     2613.247]
#[Max     =    10027.008, Total count    =       119091]
#[Buckets =           27, SubBuckets     =         2048]
----------------------------------------------------------
  219904 requests in 30.01s, 85.08MB read
  Non-2xx or 3xx responses: 93870
Requests/sec:   7327.95
Transfer/sec:      2.84MB
