Using argument nginx
using  args: threads=4 and connections=8 and duration=30 and requests=2000
Running 30s test @ http://10.10.1.4:8080
  4 threads and 8 connections
  Thread calibration: mean lat.: 5.910ms, rate sampling interval: 23ms
  Thread calibration: mean lat.: 5.138ms, rate sampling interval: 19ms
  Thread calibration: mean lat.: 5.399ms, rate sampling interval: 21ms
  Thread calibration: mean lat.: 4.945ms, rate sampling interval: 19ms
  Thread Stats   Avg      Stdev     99%   +/- Stdev
    Latency     5.72ms    4.31ms  21.28ms   76.06%
    Req/Sec   513.07    139.30   833.00     67.76%
  Latency Distribution (HdrHistogram - Recorded Latency)
 50.000%    4.38ms
 75.000%    7.34ms
 90.000%   11.14ms
 99.000%   21.28ms
 99.900%   33.57ms
 99.990%   41.22ms
 99.999%   44.80ms
100.000%   44.80ms

  Detailed Percentile spectrum:
       Value   Percentile   TotalCount 1/(1-Percentile)

       0.373     0.000000            1         1.00
       1.154     0.100000         4001         1.11
       2.961     0.200000         8011         1.25
       3.401     0.300000        12029         1.43
       3.747     0.400000        16012         1.67
       4.383     0.500000        20006         2.00
       4.843     0.550000        22013         2.22
       5.427     0.600000        24004         2.50
       6.003     0.650000        26004         2.86
       6.655     0.700000        28011         3.33
       7.343     0.750000        30012         4.00
       7.759     0.775000        31009         4.44
       8.247     0.800000        32015         5.00
       8.807     0.825000        33018         5.71
       9.423     0.850000        34010         6.67
      10.167     0.875000        35012         8.00
      10.615     0.887500        35507         8.89
      11.135     0.900000        36008        10.00
      11.655     0.912500        36506        11.43
      12.303     0.925000        37005        13.33
      13.079     0.937500        37506        16.00
      13.487     0.943750        37757        17.78
      14.015     0.950000        38008        20.00
      14.583     0.956250        38259        22.86
      15.303     0.962500        38510        26.67
      16.103     0.968750        38755        32.00
      16.591     0.971875        38882        35.56
      17.055     0.975000        39006        40.00
      17.615     0.978125        39130        45.71
      18.303     0.981250        39256        53.33
      19.167     0.984375        39384        64.00
      19.631     0.985938        39443        71.11
      20.175     0.987500        39506        80.00
      20.751     0.989062        39568        91.43
      21.519     0.990625        39631       106.67
      22.351     0.992188        39694       128.00
      22.815     0.992969        39724       142.22
      23.455     0.993750        39755       160.00
      24.191     0.994531        39787       182.86
      25.199     0.995313        39819       213.33
      26.591     0.996094        39849       256.00
      27.071     0.996484        39866       284.44
      27.359     0.996875        39880       320.00
      28.319     0.997266        39897       365.71
      29.215     0.997656        39912       426.67
      30.591     0.998047        39927       512.00
      31.279     0.998242        39935       568.89
      31.791     0.998437        39943       640.00
      32.431     0.998633        39951       731.43
      33.087     0.998828        39959       853.33
      33.599     0.999023        39966      1024.00
      33.983     0.999121        39970      1137.78
      34.367     0.999219        39974      1280.00
      34.783     0.999316        39978      1462.86
      35.519     0.999414        39982      1706.67
      36.319     0.999512        39986      2048.00
      36.671     0.999561        39988      2275.56
      38.015     0.999609        39990      2560.00
      38.335     0.999658        39992      2925.71
      39.103     0.999707        39994      3413.33
      39.423     0.999756        39996      4096.00
      39.551     0.999780        39997      4551.11
      40.479     0.999805        39998      5120.00
      40.767     0.999829        39999      5851.43
      41.215     0.999854        40001      6826.67
      41.215     0.999878        40001      8192.00
      41.215     0.999890        40001      9102.22
      41.343     0.999902        40002     10240.00
      41.343     0.999915        40002     11702.86
      42.527     0.999927        40003     13653.33
      42.527     0.999939        40003     16384.00
      42.527     0.999945        40003     18204.44
      42.719     0.999951        40004     20480.00
      42.719     0.999957        40004     23405.71
      42.719     0.999963        40004     27306.67
      42.719     0.999969        40004     32768.00
      42.719     0.999973        40004     36408.89
      44.799     0.999976        40005     40960.00
      44.799     1.000000        40005          inf
#[Mean    =        5.717, StdDeviation   =        4.312]
#[Max     =       44.768, Total count    =        40005]
#[Buckets =           27, SubBuckets     =         2048]
----------------------------------------------------------
  59801 requests in 30.00s, 504.88MB read
Requests/sec:   1993.27
Transfer/sec:     16.83MB
