Using argument nginx
using  args: threads=4 and connections=8 and duration=30 and requests=2000
Running 30s test @ http://10.10.1.8:8080/wrk2-api/user-timeline/read
  4 threads and 8 connections
  Thread calibration: mean lat.: 6.961ms, rate sampling interval: 27ms
  Thread calibration: mean lat.: 6.650ms, rate sampling interval: 24ms
  Thread calibration: mean lat.: 7.010ms, rate sampling interval: 26ms
  Thread calibration: mean lat.: 7.570ms, rate sampling interval: 29ms
  Thread Stats   Avg      Stdev     99%   +/- Stdev
    Latency    11.97ms   23.75ms 148.35ms   95.01%
    Req/Sec   509.49    120.64   730.00     70.19%
  Latency Distribution (HdrHistogram - Recorded Latency)
 50.000%    5.97ms
 75.000%   10.17ms
 90.000%   17.15ms
 99.000%  148.35ms
 99.900%  198.65ms
 99.990%  208.26ms
 99.999%  210.05ms
100.000%  210.05ms

  Detailed Percentile spectrum:
       Value   Percentile   TotalCount 1/(1-Percentile)

       2.205     0.000000            1         1.00
       2.879     0.100000         4000         1.11
       3.125     0.200000         8017         1.25
       3.753     0.300000        12005         1.43
       4.875     0.400000        16009         1.67
       5.971     0.500000        20006         2.00
       6.511     0.550000        22012         2.22
       7.239     0.600000        24013         2.50
       8.075     0.650000        26002         2.86
       9.039     0.700000        28008         3.33
      10.167     0.750000        30006         4.00
      10.871     0.775000        31008         4.44
      11.711     0.800000        32001         5.00
      12.639     0.825000        33005         5.71
      13.775     0.850000        34001         6.67
      15.199     0.875000        35005         8.00
      16.071     0.887500        35500         8.89
      17.151     0.900000        36003        10.00
      18.447     0.912500        36503        11.43
      20.335     0.925000        37002        13.33
      24.079     0.937500        37501        16.00
      28.143     0.943750        37750        17.78
      35.583     0.950000        38000        20.00
      48.351     0.956250        38250        22.86
      59.743     0.962500        38501        26.67
      76.031     0.968750        38750        32.00
      85.759     0.971875        38875        35.56
      93.183     0.975000        39001        40.00
     100.543     0.978125        39125        45.71
     110.655     0.981250        39250        53.33
     123.839     0.984375        39375        64.00
     129.855     0.985938        39439        71.11
     135.679     0.987500        39501        80.00
     144.255     0.989062        39564        91.43
     151.935     0.990625        39625       106.67
     162.559     0.992188        39688       128.00
     166.143     0.992969        39720       142.22
     171.647     0.993750        39750       160.00
     178.047     0.994531        39782       182.86
     182.911     0.995313        39813       213.33
     185.471     0.996094        39844       256.00
     186.879     0.996484        39864       284.44
     187.647     0.996875        39876       320.00
     188.671     0.997266        39891       365.71
     190.335     0.997656        39907       426.67
     192.767     0.998047        39922       512.00
     194.431     0.998242        39930       568.89
     195.839     0.998437        39938       640.00
     196.351     0.998633        39946       731.43
     197.503     0.998828        39954       853.33
     199.167     0.999023        39963      1024.00
     199.551     0.999121        39965      1137.78
     201.343     0.999219        39970      1280.00
     201.471     0.999316        39974      1462.86
     202.239     0.999414        39978      1706.67
     203.007     0.999512        39981      2048.00
     203.263     0.999561        39983      2275.56
     203.775     0.999609        39985      2560.00
     204.287     0.999658        39988      2925.71
     205.055     0.999707        39989      3413.33
     205.695     0.999756        39991      4096.00
     206.207     0.999780        39992      4551.11
     206.591     0.999805        39993      5120.00
     207.103     0.999829        39995      5851.43
     207.103     0.999854        39995      6826.67
     208.255     0.999878        39996      8192.00
     208.255     0.999890        39996      9102.22
     208.383     0.999902        39997     10240.00
     208.383     0.999915        39997     11702.86
     209.663     0.999927        39998     13653.33
     209.663     0.999939        39998     16384.00
     209.663     0.999945        39998     18204.44
     209.791     0.999951        39999     20480.00
     209.791     0.999957        39999     23405.71
     209.791     0.999963        39999     27306.67
     209.791     0.999969        39999     32768.00
     209.791     0.999973        39999     36408.89
     210.047     0.999976        40000     40960.00
     210.047     1.000000        40000          inf
#[Mean    =       11.965, StdDeviation   =       23.753]
#[Max     =      209.920, Total count    =        40000]
#[Buckets =           27, SubBuckets     =         2048]
----------------------------------------------------------
  59796 requests in 30.00s, 10.49MB read
Requests/sec:   1993.26
Transfer/sec:    358.16KB
