No argument supplied nginx
using  args: threads=4 and connections=512 and duration=30 and requests=3000
Running 30s test @ http://localhost:5000
  4 threads and 512 connections
  Thread calibration: mean lat.: 2.763ms, rate sampling interval: 10ms
  Thread calibration: mean lat.: 2.773ms, rate sampling interval: 10ms
  Thread calibration: mean lat.: 2.782ms, rate sampling interval: 10ms
  Thread calibration: mean lat.: 2.746ms, rate sampling interval: 10ms
  Thread Stats   Avg      Stdev     99%   +/- Stdev
    Latency     2.77ms    1.27ms   6.92ms   77.09%
    Req/Sec   791.40    292.99     1.55k    68.37%
  Latency Distribution (HdrHistogram - Recorded Latency)
 50.000%    2.33ms
 75.000%    3.37ms
 90.000%    4.55ms
 99.000%    6.92ms
 99.900%    8.62ms
 99.990%   12.57ms
 99.999%   17.60ms
100.000%   26.37ms

  Detailed Percentile spectrum:
       Value   Percentile   TotalCount 1/(1-Percentile)

       0.919     0.000000            1         1.00
       1.543     0.100000         6008         1.11
       1.806     0.200000        11955         1.25
       1.966     0.300000        17942         1.43
       2.121     0.400000        23912         1.67
       2.331     0.500000        29854         2.00
       2.483     0.550000        32838         2.22
       2.661     0.600000        35839         2.50
       2.897     0.650000        38821         2.86
       3.111     0.700000        41802         3.33
       3.373     0.750000        44780         4.00
       3.509     0.775000        46270         4.44
       3.655     0.800000        47767         5.00
       3.835     0.825000        49271         5.71
       4.039     0.850000        50746         6.67
       4.271     0.875000        52245         8.00
       4.415     0.887500        53005         8.89
       4.555     0.900000        53750        10.00
       4.699     0.912500        54485        11.43
       4.887     0.925000        55224        13.33
       5.103     0.937500        55974        16.00
       5.227     0.943750        56344        17.78
       5.375     0.950000        56721        20.00
       5.527     0.956250        57094        22.86
       5.691     0.962500        57464        26.67
       5.891     0.968750        57836        32.00
       5.991     0.971875        58024        35.56
       6.095     0.975000        58213        40.00
       6.247     0.978125        58399        45.71
       6.403     0.981250        58586        53.33
       6.579     0.984375        58771        64.00
       6.663     0.985938        58862        71.11
       6.755     0.987500        58956        80.00
       6.851     0.989062        59051        91.43
       6.979     0.990625        59142       106.67
       7.171     0.992188        59235       128.00
       7.247     0.992969        59282       142.22
       7.339     0.993750        59329       160.00
       7.459     0.994531        59378       182.86
       7.563     0.995313        59422       213.33
       7.683     0.996094        59469       256.00
       7.771     0.996484        59492       284.44
       7.855     0.996875        59516       320.00
       7.947     0.997266        59538       365.71
       8.095     0.997656        59563       426.67
       8.231     0.998047        59585       512.00
       8.311     0.998242        59597       568.89
       8.367     0.998437        59608       640.00
       8.471     0.998633        59622       731.43
       8.527     0.998828        59632       853.33
       8.663     0.999023        59643      1024.00
       8.727     0.999121        59649      1137.78
       8.855     0.999219        59655      1280.00
       8.919     0.999316        59661      1462.86
       9.079     0.999414        59667      1706.67
       9.239     0.999512        59673      2048.00
       9.463     0.999561        59676      2275.56
       9.543     0.999609        59678      2560.00
       9.823     0.999658        59681      2925.71
       9.991     0.999707        59684      3413.33
      10.239     0.999756        59687      4096.00
      10.247     0.999780        59688      4551.11
      10.607     0.999805        59690      5120.00
      10.999     0.999829        59691      5851.43
      11.999     0.999854        59693      6826.67
      12.519     0.999878        59694      8192.00
      12.567     0.999890        59695      9102.22
      12.575     0.999902        59696     10240.00
      12.575     0.999915        59696     11702.86
      12.871     0.999927        59697     13653.33
      13.199     0.999939        59698     16384.00
      13.199     0.999945        59698     18204.44
      13.527     0.999951        59699     20480.00
      13.527     0.999957        59699     23405.71
      13.527     0.999963        59699     27306.67
      17.599     0.999969        59700     32768.00
      17.599     0.999973        59700     36408.89
      17.599     0.999976        59700     40960.00
      17.599     0.999979        59700     46811.43
      17.599     0.999982        59700     54613.33
      26.367     0.999985        59701     65536.00
      26.367     1.000000        59701          inf
#[Mean    =        2.770, StdDeviation   =        1.268]
#[Max     =       26.352, Total count    =        59701]
#[Buckets =           27, SubBuckets     =         2048]
----------------------------------------------------------
  89123 requests in 30.01s, 36.96MB read
  Socket errors: connect 0, read 0, write 0, timeout 1
Requests/sec:   2970.25
Transfer/sec:      1.23MB
