No argument supplied nginx
using  args: threads=4 and connections=512 and duration=30 and requests=4000
Running 30s test @ http://localhost:5000
  4 threads and 512 connections
  Thread calibration: mean lat.: 2.858ms, rate sampling interval: 10ms
  Thread calibration: mean lat.: 2.818ms, rate sampling interval: 10ms
  Thread calibration: mean lat.: 2.855ms, rate sampling interval: 10ms
  Thread calibration: mean lat.: 2.847ms, rate sampling interval: 10ms
  Thread Stats   Avg      Stdev     99%   +/- Stdev
    Latency     2.82ms    1.27ms   6.98ms   76.04%
    Req/Sec     1.06k   337.75     1.90k    66.19%
  Latency Distribution (HdrHistogram - Recorded Latency)
 50.000%    2.40ms
 75.000%    3.43ms
 90.000%    4.59ms
 99.000%    6.98ms
 99.900%    8.61ms
 99.990%   13.44ms
 99.999%   19.85ms
100.000%   21.18ms

  Detailed Percentile spectrum:
       Value   Percentile   TotalCount 1/(1-Percentile)

       0.953     0.000000            1         1.00
       1.572     0.100000         8018         1.11
       1.838     0.200000        15993         1.25
       2.008     0.300000        23982         1.43
       2.193     0.400000        31972         1.67
       2.399     0.500000        39931         2.00
       2.547     0.550000        43940         2.22
       2.727     0.600000        47921         2.50
       2.959     0.650000        51887         2.86
       3.173     0.700000        55898         3.33
       3.431     0.750000        59899         4.00
       3.569     0.775000        61887         4.44
       3.725     0.800000        63875         5.00
       3.897     0.825000        65864         5.71
       4.089     0.850000        67866         6.67
       4.319     0.875000        69869         8.00
       4.455     0.887500        70856         8.89
       4.595     0.900000        71842        10.00
       4.743     0.912500        72842        11.43
       4.927     0.925000        73839        13.33
       5.143     0.937500        74846        16.00
       5.267     0.943750        75341        17.78
       5.399     0.950000        75836        20.00
       5.559     0.956250        76342        22.86
       5.731     0.962500        76842        26.67
       5.939     0.968750        77333        32.00
       6.043     0.971875        77584        35.56
       6.155     0.975000        77829        40.00
       6.307     0.978125        78079        45.71
       6.459     0.981250        78332        53.33
       6.619     0.984375        78577        64.00
       6.711     0.985938        78703        71.11
       6.799     0.987500        78830        80.00
       6.915     0.989062        78954        91.43
       7.039     0.990625        79075       106.67
       7.179     0.992188        79204       128.00
       7.255     0.992969        79265       142.22
       7.335     0.993750        79325       160.00
       7.447     0.994531        79388       182.86
       7.559     0.995313        79450       213.33
       7.683     0.996094        79512       256.00
       7.739     0.996484        79543       284.44
       7.831     0.996875        79575       320.00
       7.907     0.997266        79605       365.71
       8.011     0.997656        79636       426.67
       8.135     0.998047        79669       512.00
       8.199     0.998242        79684       568.89
       8.287     0.998437        79699       640.00
       8.399     0.998633        79714       731.43
       8.471     0.998828        79731       853.33
       8.655     0.999023        79746      1024.00
       8.703     0.999121        79753      1137.78
       8.783     0.999219        79762      1280.00
       8.871     0.999316        79769      1462.86
       8.935     0.999414        79777      1706.67
       9.063     0.999512        79786      2048.00
       9.087     0.999561        79788      2275.56
       9.255     0.999609        79792      2560.00
       9.399     0.999658        79796      2925.71
       9.423     0.999707        79800      3413.33
       9.631     0.999756        79804      4096.00
       9.735     0.999780        79806      4551.11
      10.015     0.999805        79808      5120.00
      10.151     0.999829        79810      5851.43
      10.735     0.999854        79812      6826.67
      13.431     0.999878        79814      8192.00
      13.439     0.999890        79815      9102.22
      13.943     0.999902        79816     10240.00
      14.719     0.999915        79817     11702.86
      15.087     0.999927        79818     13653.33
      15.231     0.999939        79819     16384.00
      15.231     0.999945        79819     18204.44
      19.359     0.999951        79820     20480.00
      19.359     0.999957        79820     23405.71
      19.695     0.999963        79821     27306.67
      19.695     0.999969        79821     32768.00
      19.695     0.999973        79821     36408.89
      19.855     0.999976        79822     40960.00
      19.855     0.999979        79822     46811.43
      19.855     0.999982        79822     54613.33
      19.855     0.999985        79822     65536.00
      19.855     0.999986        79822     72817.78
      21.183     0.999988        79823     81920.00
      21.183     1.000000        79823          inf
#[Mean    =        2.820, StdDeviation   =        1.269]
#[Max     =       21.168, Total count    =        79823]
#[Buckets =           27, SubBuckets     =         2048]
----------------------------------------------------------
  118950 requests in 30.00s, 49.11MB read
Requests/sec:   3964.85
Transfer/sec:      1.64MB
