Using argument nginx
using  args: threads=4 and connections=512 and duration=30 and requests=1000
Running 30s test @ http://10.10.1.4:8080/wrk2-api/user-timeline/read
  4 threads and 512 connections
  Thread calibration: mean lat.: 3.618ms, rate sampling interval: 10ms
  Thread calibration: mean lat.: 3.623ms, rate sampling interval: 10ms
  Thread calibration: mean lat.: 3.633ms, rate sampling interval: 10ms
  Thread calibration: mean lat.: 3.609ms, rate sampling interval: 10ms
  Thread Stats   Avg      Stdev     99%   +/- Stdev
    Latency     3.63ms  405.31us   4.88ms   78.50%
    Req/Sec   263.35    167.73   777.00     75.50%
  Latency Distribution (HdrHistogram - Recorded Latency)
 50.000%    3.57ms
 75.000%    3.80ms
 90.000%    4.07ms
 99.000%    4.88ms
 99.900%    6.99ms
 99.990%    7.81ms
 99.999%   14.46ms
100.000%   14.46ms

  Detailed Percentile spectrum:
       Value   Percentile   TotalCount 1/(1-Percentile)

       2.743     0.000000            1         1.00
       3.219     0.100000         1992         1.11
       3.327     0.200000         3998         1.25
       3.413     0.300000         5974         1.43
       3.491     0.400000         7968         1.67
       3.567     0.500000         9978         2.00
       3.609     0.550000        10949         2.22
       3.651     0.600000        11940         2.50
       3.697     0.650000        12963         2.86
       3.745     0.700000        13920         3.33
       3.801     0.750000        14922         4.00
       3.835     0.775000        15427         4.44
       3.873     0.800000        15910         5.00
       3.911     0.825000        16408         5.71
       3.959     0.850000        16916         6.67
       4.009     0.875000        17414         8.00
       4.039     0.887500        17643         8.89
       4.071     0.900000        17901        10.00
       4.107     0.912500        18137        11.43
       4.151     0.925000        18395        13.33
       4.203     0.937500        18650        16.00
       4.231     0.943750        18763        17.78
       4.267     0.950000        18900        20.00
       4.299     0.956250        19015        22.86
       4.355     0.962500        19135        26.67
       4.407     0.968750        19260        32.00
       4.443     0.971875        19320        35.56
       4.483     0.975000        19383        40.00
       4.523     0.978125        19442        45.71
       4.579     0.981250        19507        53.33
       4.659     0.984375        19564        64.00
       4.703     0.985938        19599        71.11
       4.755     0.987500        19626        80.00
       4.827     0.989062        19658        91.43
       4.923     0.990625        19689       106.67
       5.027     0.992188        19720       128.00
       5.123     0.992969        19735       142.22
       5.227     0.993750        19750       160.00
       5.371     0.994531        19766       182.86
       5.535     0.995313        19781       213.33
       5.739     0.996094        19797       256.00
       5.971     0.996484        19805       284.44
       6.055     0.996875        19812       320.00
       6.207     0.997266        19820       365.71
       6.311     0.997656        19828       426.67
       6.535     0.998047        19836       512.00
       6.623     0.998242        19840       568.89
       6.707     0.998437        19843       640.00
       6.771     0.998633        19847       731.43
       6.843     0.998828        19851       853.33
       7.047     0.999023        19855      1024.00
       7.095     0.999121        19857      1137.78
       7.103     0.999219        19859      1280.00
       7.203     0.999316        19861      1462.86
       7.275     0.999414        19863      1706.67
       7.423     0.999512        19865      2048.00
       7.435     0.999561        19867      2275.56
       7.435     0.999609        19867      2560.00
       7.575     0.999658        19868      2925.71
       7.591     0.999707        19869      3413.33
       7.635     0.999756        19870      4096.00
       7.635     0.999780        19870      4551.11
       7.659     0.999805        19871      5120.00
       7.659     0.999829        19871      5851.43
       7.811     0.999854        19872      6826.67
       7.811     0.999878        19872      8192.00
       7.811     0.999890        19872      9102.22
       8.351     0.999902        19873     10240.00
       8.351     0.999915        19873     11702.86
       8.351     0.999927        19873     13653.33
       8.351     0.999939        19873     16384.00
       8.351     0.999945        19873     18204.44
      14.463     0.999951        19874     20480.00
      14.463     1.000000        19874          inf
#[Mean    =        3.625, StdDeviation   =        0.405]
#[Max     =       14.456, Total count    =        19874]
#[Buckets =           27, SubBuckets     =         2048]
----------------------------------------------------------
  29633 requests in 30.00s, 5.20MB read
  Socket errors: connect 0, read 0, write 0, timeout 148
Requests/sec:    987.73
Transfer/sec:    177.48KB
