Using argument nginx
using  args: threads=4 and connections=512 and duration=30 and requests=10000
Running 30s test @ http://10.10.1.4:8080/wrk2-api/user-timeline/read
  4 threads and 512 connections
  Thread calibration: mean lat.: 2793.842ms, rate sampling interval: 10469ms
  Thread calibration: mean lat.: 2781.770ms, rate sampling interval: 10412ms
  Thread calibration: mean lat.: 2765.784ms, rate sampling interval: 10379ms
  Thread calibration: mean lat.: 2744.974ms, rate sampling interval: 9814ms
  Thread Stats   Avg      Stdev     99%   +/- Stdev
    Latency    11.69s     3.58s   18.32s    58.62%
    Req/Sec     0.99k     6.60     1.00k    60.00%
  Latency Distribution (HdrHistogram - Recorded Latency)
 50.000%   11.69s 
 75.000%   14.73s 
 90.000%   16.60s 
 99.000%   18.32s 
 99.900%   19.09s 
 99.990%   19.63s 
 99.999%   19.92s 
100.000%   19.94s 

  Detailed Percentile spectrum:
       Value   Percentile   TotalCount 1/(1-Percentile)

    3831.807     0.000000            1         1.00
    6844.415     0.100000         7863         1.11
    8007.679     0.200000        15707         1.25
    9158.655     0.300000        23548         1.43
   10412.031     0.400000        31386         1.67
   11689.983     0.500000        39243         2.00
   12320.767     0.550000        43179         2.22
   12926.975     0.600000        47120         2.50
   13524.991     0.650000        51047         2.86
   14123.007     0.700000        54915         3.33
   14729.215     0.750000        58869         4.00
   15032.319     0.775000        60811         4.44
   15335.423     0.800000        62795         5.00
   15638.527     0.825000        64732         5.71
   15958.015     0.850000        66698         6.67
   16277.503     0.875000        68660         8.00
   16441.343     0.887500        69639         8.89
   16596.991     0.900000        70597        10.00
   16777.215     0.912500        71623        11.43
   16957.439     0.925000        72656        13.33
   17137.663     0.937500        73614        16.00
   17235.967     0.943750        74096        17.78
   17334.271     0.950000        74539        20.00
   17448.959     0.956250        75033        22.86
   17563.647     0.962500        75513        26.67
   17694.719     0.968750        76031        32.00
   17760.255     0.971875        76274        35.56
   17842.175     0.975000        76520        40.00
   17924.095     0.978125        76769        45.71
   18006.015     0.981250        76983        53.33
   18087.935     0.984375        77214        64.00
   18153.471     0.985938        77362        71.11
   18202.623     0.987500        77469        80.00
   18268.159     0.989062        77586        91.43
   18350.079     0.990625        77723       106.67
   18431.999     0.992188        77834       128.00
   18481.151     0.992969        77902       142.22
   18530.303     0.993750        77956       160.00
   18579.455     0.994531        78022       182.86
   18628.607     0.995313        78076       213.33
   18710.527     0.996094        78142       256.00
   18743.295     0.996484        78170       284.44
   18776.063     0.996875        78194       320.00
   18825.215     0.997266        78231       365.71
   18874.367     0.997656        78257       426.67
   18939.903     0.998047        78286       512.00
   18972.671     0.998242        78307       568.89
   19005.439     0.998437        78327       640.00
   19021.823     0.998633        78333       731.43
   19070.975     0.998828        78352       853.33
   19120.127     0.999023        78368      1024.00
   19136.511     0.999121        78371      1137.78
   19169.279     0.999219        78378      1280.00
   19202.047     0.999316        78386      1462.86
   19234.815     0.999414        78394      1706.67
   19316.735     0.999512        78401      2048.00
   19333.119     0.999561        78408      2275.56
   19349.503     0.999609        78412      2560.00
   19365.887     0.999658        78413      2925.71
   19431.423     0.999707        78417      3413.33
   19464.191     0.999756        78421      4096.00
   19480.575     0.999780        78422      4551.11
   19496.959     0.999805        78425      5120.00
   19513.343     0.999829        78429      5851.43
   19513.343     0.999854        78429      6826.67
   19529.727     0.999878        78430      8192.00
   19628.031     0.999890        78431      9102.22
   19660.799     0.999902        78432     10240.00
   19693.567     0.999915        78434     11702.86
   19693.567     0.999927        78434     13653.33
   19791.871     0.999939        78435     16384.00
   19791.871     0.999945        78435     18204.44
   19824.639     0.999951        78436     20480.00
   19824.639     0.999957        78436     23405.71
   19906.559     0.999963        78437     27306.67
   19906.559     0.999969        78437     32768.00
   19906.559     0.999973        78437     36408.89
   19922.943     0.999976        78438     40960.00
   19922.943     0.999979        78438     46811.43
   19922.943     0.999982        78438     54613.33
   19922.943     0.999985        78438     65536.00
   19922.943     0.999986        78438     72817.78
   19939.327     0.999988        78439     81920.00
   19939.327     1.000000        78439          inf
#[Mean    =    11694.542, StdDeviation   =     3581.788]
#[Max     =    19922.944, Total count    =        78439]
#[Buckets =           27, SubBuckets     =         2048]
----------------------------------------------------------
  119077 requests in 30.00s, 20.90MB read
  Socket errors: connect 0, read 0, write 0, timeout 7
  Non-2xx or 3xx responses: 2
Requests/sec:   3969.06
Transfer/sec:    713.20KB
