Using argument nginx
using  args: threads=4 and connections=512 and duration=30 and requests=4000
Running 30s test @ http://10.10.1.4:8080/wrk2-api/user-timeline/read
  4 threads and 512 connections
  Thread calibration: mean lat.: 10.880ms, rate sampling interval: 39ms
  Thread calibration: mean lat.: 10.956ms, rate sampling interval: 39ms
  Thread calibration: mean lat.: 10.861ms, rate sampling interval: 38ms
  Thread calibration: mean lat.: 11.572ms, rate sampling interval: 41ms
  Thread Stats   Avg      Stdev     99%   +/- Stdev
    Latency    13.96ms   13.13ms  70.08ms   90.29%
    Req/Sec     1.02k   185.92     1.49k    69.45%
  Latency Distribution (HdrHistogram - Recorded Latency)
 50.000%    9.54ms
 75.000%   15.73ms
 90.000%   26.72ms
 99.000%   70.08ms
 99.900%  130.30ms
 99.990%  182.14ms
 99.999%  199.81ms
100.000%  201.09ms

  Detailed Percentile spectrum:
       Value   Percentile   TotalCount 1/(1-Percentile)

       3.631     0.000000            1         1.00
       5.687     0.100000         8018         1.11
       6.479     0.200000        15984         1.25
       7.307     0.300000        23962         1.43
       8.279     0.400000        31966         1.67
       9.543     0.500000        39943         2.00
      10.335     0.550000        43947         2.22
      11.271     0.600000        47920         2.50
      12.431     0.650000        51904         2.86
      13.879     0.700000        55888         3.33
      15.727     0.750000        59891         4.00
      16.815     0.775000        61878         4.44
      18.095     0.800000        63882         5.00
      19.615     0.825000        65872         5.71
      21.471     0.850000        67868         6.67
      23.791     0.875000        69866         8.00
      25.183     0.887500        70860         8.89
      26.719     0.900000        71862        10.00
      28.543     0.912500        72861        11.43
      30.671     0.925000        73853        13.33
      33.439     0.937500        74853        16.00
      34.943     0.943750        75354        17.78
      36.831     0.950000        75848        20.00
      39.199     0.956250        76348        22.86
      41.983     0.962500        76849        26.67
      45.311     0.968750        77349        32.00
      47.391     0.971875        77595        35.56
      49.823     0.975000        77848        40.00
      52.351     0.978125        78096        45.71
      55.807     0.981250        78345        53.33
      60.031     0.984375        78595        64.00
      62.207     0.985938        78719        71.11
      64.767     0.987500        78842        80.00
      67.903     0.989062        78968        91.43
      71.679     0.990625        79093       106.67
      76.863     0.992188        79218       128.00
      79.295     0.992969        79279       142.22
      81.919     0.993750        79342       160.00
      85.311     0.994531        79404       182.86
      88.895     0.995313        79466       213.33
      93.055     0.996094        79529       256.00
      96.191     0.996484        79560       284.44
      99.711     0.996875        79591       320.00
     103.935     0.997266        79622       365.71
     108.671     0.997656        79653       426.67
     112.255     0.998047        79686       512.00
     115.903     0.998242        79700       568.89
     119.295     0.998437        79716       640.00
     123.007     0.998633        79731       731.43
     126.655     0.998828        79747       853.33
     130.751     0.999023        79763      1024.00
     132.735     0.999121        79770      1137.78
     134.271     0.999219        79779      1280.00
     139.007     0.999316        79786      1462.86
     143.487     0.999414        79794      1706.67
     147.967     0.999512        79802      2048.00
     152.959     0.999561        79805      2275.56
     155.647     0.999609        79810      2560.00
     157.183     0.999658        79813      2925.71
     162.559     0.999707        79817      3413.33
     167.423     0.999756        79821      4096.00
     168.575     0.999780        79823      4551.11
     169.087     0.999805        79825      5120.00
     169.855     0.999829        79827      5851.43
     175.359     0.999854        79829      6826.67
     179.583     0.999878        79831      8192.00
     182.143     0.999890        79832      9102.22
     183.295     0.999902        79833     10240.00
     184.319     0.999915        79834     11702.86
     188.671     0.999927        79835     13653.33
     189.311     0.999939        79836     16384.00
     189.311     0.999945        79836     18204.44
     192.895     0.999951        79837     20480.00
     192.895     0.999957        79837     23405.71
     193.279     0.999963        79838     27306.67
     193.279     0.999969        79838     32768.00
     193.279     0.999973        79838     36408.89
     199.807     0.999976        79839     40960.00
     199.807     0.999979        79839     46811.43
     199.807     0.999982        79839     54613.33
     199.807     0.999985        79839     65536.00
     199.807     0.999986        79839     72817.78
     201.087     0.999988        79840     81920.00
     201.087     1.000000        79840          inf
#[Mean    =       13.957, StdDeviation   =       13.127]
#[Max     =      200.960, Total count    =        79840]
#[Buckets =           27, SubBuckets     =         2048]
----------------------------------------------------------
  118909 requests in 30.00s, 20.87MB read
Requests/sec:   3963.32
Transfer/sec:    712.16KB
