Using argument nginx
using  args: threads=4 and connections=512 and duration=150 and requests=2000
Running 2m test @ http://10.10.1.4:8080
  4 threads and 512 connections
  Thread calibration: mean lat.: 1.720ms, rate sampling interval: 10ms
  Thread calibration: mean lat.: 1.696ms, rate sampling interval: 10ms
  Thread calibration: mean lat.: 1.763ms, rate sampling interval: 10ms
  Thread calibration: mean lat.: 1.685ms, rate sampling interval: 10ms
  Thread Stats   Avg      Stdev     99%   +/- Stdev
    Latency     5.39s    10.17s   42.47s    85.39%
    Req/Sec   419.47    532.22     2.33k    88.72%
  Latency Distribution (HdrHistogram - Recorded Latency)
 50.000%    4.99ms
 75.000%    6.10s 
 90.000%   21.32s 
 99.000%   42.47s 
 99.900%    0.94m 
 99.990%    1.12m 
 99.999%    1.19m 
100.000%    1.19m 

  Detailed Percentile spectrum:
       Value   Percentile   TotalCount 1/(1-Percentile)

       0.399     0.000000            1         1.00
       0.996     0.100000        22240         1.11
       2.563     0.200000        44494         1.25
       3.635     0.300000        66715         1.43
       4.075     0.400000        89033         1.67
       4.995     0.500000       111220         2.00
      25.455     0.550000       122309         2.22
     174.463     0.600000       133425         2.50
    1023.999     0.650000       144548         2.86
    3006.463     0.700000       155664         3.33
    6103.039     0.750000       166800         4.00
    7929.855     0.775000       172345         4.44
    9789.439     0.800000       177905         5.00
   12140.543     0.825000       183472         5.71
   15097.855     0.850000       189029         6.67
   18366.463     0.875000       194590         8.00
   19857.407     0.887500       197379         8.89
   21315.583     0.900000       200139        10.00
   22986.751     0.912500       202949        11.43
   24821.759     0.925000       205706        13.33
   27082.751     0.937500       208492        16.00
   28213.247     0.943750       209872        17.78
   29327.359     0.950000       211258        20.00
   30621.695     0.956250       212655        22.86
   31916.031     0.962500       214047        26.67
   33587.199     0.968750       215444        32.00
   34504.703     0.971875       216143        35.56
   35520.511     0.975000       216837        40.00
   36536.319     0.978125       217523        45.71
   37781.503     0.981250       218215        53.33
   39223.295     0.984375       218903        64.00
   40173.567     0.985938       219261        71.11
   40992.767     0.987500       219608        80.00
   41844.735     0.989062       219952        91.43
   42893.311     0.990625       220299       106.67
   44236.799     0.992188       220648       128.00
   44793.855     0.992969       220827       142.22
   45449.215     0.993750       220989       160.00
   46399.487     0.994531       221162       182.86
   47480.831     0.995313       221338       213.33
   48529.407     0.996094       221507       256.00
   49020.927     0.996484       221597       284.44
   49676.287     0.996875       221683       320.00
   50495.487     0.997266       221771       365.71
   51281.919     0.997656       221856       426.67
   52527.103     0.998047       221941       512.00
   53313.535     0.998242       221986       568.89
   54067.199     0.998437       222030       640.00
   54820.863     0.998633       222074       731.43
   55640.063     0.998828       222115       853.33
   56459.263     0.999023       222160      1024.00
   56721.407     0.999121       222180      1137.78
   57114.623     0.999219       222202      1280.00
   57540.607     0.999316       222223      1462.86
   57901.055     0.999414       222246      1706.67
   58458.111     0.999512       222268      2048.00
   58654.719     0.999561       222278      2275.56
   59211.775     0.999609       222289      2560.00
   59506.687     0.999658       222300      2925.71
   59637.759     0.999707       222311      3413.33
   59932.671     0.999756       222322      4096.00
   60096.511     0.999780       222328      4551.11
   60555.263     0.999805       222332      5120.00
   63111.167     0.999829       222337      5851.43
   64520.191     0.999854       222343      6826.67
   66355.199     0.999878       222348      8192.00
   66912.255     0.999890       222353      9102.22
   66977.791     0.999902       222354     10240.00
   67108.863     0.999915       222356     11702.86
   67371.007     0.999927       222360     13653.33
   67436.543     0.999939       222362     16384.00
   67633.151     0.999945       222364     18204.44
   67698.687     0.999951       222367     20480.00
   67698.687     0.999957       222367     23405.71
   67698.687     0.999963       222367     27306.67
   67829.759     0.999969       222371     32768.00
   67829.759     0.999973       222371     36408.89
   67829.759     0.999976       222371     40960.00
   67829.759     0.999979       222371     46811.43
   67829.759     0.999982       222371     54613.33
   67895.295     0.999985       222372     65536.00
   67895.295     0.999986       222372     72817.78
   71237.631     0.999988       222373     81920.00
   71237.631     0.999989       222373     93622.86
   71237.631     0.999991       222373    109226.67
   71303.167     0.999992       222374    131072.00
   71303.167     0.999993       222374    145635.56
   71303.167     0.999994       222374    163840.00
   71303.167     0.999995       222374    187245.71
   71303.167     0.999995       222374    218453.33
   71368.703     0.999996       222375    262144.00
   71368.703     1.000000       222375          inf
#[Mean    =     5387.112, StdDeviation   =    10166.195]
#[Max     =    71303.168, Total count    =       222375]
#[Buckets =           27, SubBuckets     =         2048]
----------------------------------------------------------
  241875 requests in 2.50m, 1.83GB read
  Socket errors: connect 0, read 0, write 0, timeout 21
  Non-2xx or 3xx responses: 1716
Requests/sec:   1612.49
Transfer/sec:     12.49MB
