Using argument nginx
using  args: threads=4 and connections=512 and duration=150 and requests=3000
Running 2m test @ http://10.10.1.4:8080
  4 threads and 512 connections
  Thread calibration: mean lat.: 1601.742ms, rate sampling interval: 10616ms
  Thread calibration: mean lat.: 1787.785ms, rate sampling interval: 10305ms
  Thread calibration: mean lat.: 1637.409ms, rate sampling interval: 11263ms
  Thread calibration: mean lat.: 1526.016ms, rate sampling interval: 10248ms
  Thread Stats   Avg      Stdev     99%   +/- Stdev
    Latency    42.12s    31.91s    1.87m    58.36%
    Req/Sec   295.39     26.09   345.00     68.63%
  Latency Distribution (HdrHistogram - Recorded Latency)
 50.000%   38.40s 
 75.000%    1.13m 
 90.000%    1.47m 
 99.000%    1.87m 
 99.900%    2.04m 
 99.990%    2.18m 
 99.999%    2.21m 
100.000%    2.21m 

  Detailed Percentile spectrum:
       Value   Percentile   TotalCount 1/(1-Percentile)

       0.846     0.000000            1         1.00
    3213.311     0.100000        16500         1.11
    9011.199     0.200000        33015         1.25
   16195.583     0.300000        49510         1.43
   26329.087     0.400000        66010         1.67
   38404.095     0.500000        82521         2.00
   43679.743     0.550000        90751         2.22
   49184.767     0.600000        99020         2.50
   55934.975     0.650000       107257         2.86
   62980.095     0.700000       115519         3.33
   68091.903     0.750000       123808         4.00
   70713.343     0.775000       127881         4.44
   73793.535     0.800000       132074         5.00
   76808.191     0.825000       136156         5.71
   80478.207     0.850000       140271         6.67
   84279.295     0.875000       144421         8.00
   86179.839     0.887500       146442         8.89
   88080.383     0.900000       148535        10.00
   89849.855     0.912500       150578        11.43
   92143.615     0.925000       152675        13.33
   94502.911     0.937500       154705        16.00
   96010.239     0.943750       155750        17.78
   97714.175     0.950000       156770        20.00
   99483.647     0.956250       157780        22.86
  101318.655     0.962500       158810        26.67
  102957.055     0.968750       159870        32.00
  104071.167     0.971875       160378        35.56
  105512.959     0.975000       160875        40.00
  106823.679     0.978125       161397        45.71
  108003.327     0.981250       161921        53.33
  109314.047     0.984375       162425        64.00
  110034.943     0.985938       162685        71.11
  110624.767     0.987500       162936        80.00
  111476.735     0.989062       163214        91.43
  112459.775     0.990625       163461       106.67
  113770.495     0.992188       163728       128.00
  114229.247     0.992969       163847       142.22
  115015.679     0.993750       163973       160.00
  115671.039     0.994531       164096       182.86
  116588.543     0.995313       164227       213.33
  117571.583     0.996094       164362       256.00
  117899.263     0.996484       164417       284.44
  118358.015     0.996875       164486       320.00
  118882.303     0.997266       164549       365.71
  119603.199     0.997656       164614       426.67
  120455.167     0.998047       164675       512.00
  120913.919     0.998242       164712       568.89
  121176.063     0.998437       164740       640.00
  121634.815     0.998633       164776       731.43
  121962.495     0.998828       164806       853.33
  122552.319     0.999023       164836      1024.00
  123338.751     0.999121       164852      1137.78
  124387.327     0.999219       164872      1280.00
  124780.543     0.999316       164885      1462.86
  125173.759     0.999414       164905      1706.67
  125435.903     0.999512       164917      2048.00
  125763.583     0.999561       164925      2275.56
  126222.335     0.999609       164933      2560.00
  126746.623     0.999658       164942      2925.71
  127860.735     0.999707       164949      3413.33
  128647.167     0.999756       164960      4096.00
  128712.703     0.999780       164961      4551.11
  128843.775     0.999805       164965      5120.00
  129040.383     0.999829       164969      5851.43
  130285.567     0.999854       164973      6826.67
  130547.711     0.999878       164977      8192.00
  130613.247     0.999890       164979      9102.22
  130875.391     0.999902       164981     10240.00
  131530.751     0.999915       164983     11702.86
  131661.823     0.999927       164988     13653.33
  131661.823     0.999939       164988     16384.00
  131661.823     0.999945       164988     18204.44
  131727.359     0.999951       164990     20480.00
  131727.359     0.999957       164990     23405.71
  131792.895     0.999963       164991     27306.67
  131858.431     0.999969       164992     32768.00
  132251.647     0.999973       164993     36408.89
  132251.647     0.999976       164993     40960.00
  132448.255     0.999979       164994     46811.43
  132448.255     0.999982       164994     54613.33
  132513.791     0.999985       164995     65536.00
  132513.791     0.999986       164995     72817.78
  132513.791     0.999988       164995     81920.00
  132579.327     0.999989       164996     93622.86
  132579.327     0.999991       164996    109226.67
  132579.327     0.999992       164996    131072.00
  132579.327     0.999993       164996    145635.56
  132579.327     0.999994       164996    163840.00
  132775.935     0.999995       164997    187245.71
  132775.935     1.000000       164997          inf
#[Mean    =    42121.699, StdDeviation   =    31905.317]
#[Max     =   132710.400, Total count    =       164997]
#[Buckets =           27, SubBuckets     =         2048]
----------------------------------------------------------
  177887 requests in 2.50m, 1.62GB read
  Socket errors: connect 0, read 0, write 0, timeout 1195
  Non-2xx or 3xx responses: 2956
Requests/sec:   1185.39
Transfer/sec:     11.07MB
