Using argument nginx
using  args: threads=4 and connections=512 and duration=30 and requests=1500
Running 30s test @ http://10.10.1.6:8080
  4 threads and 512 connections
  Thread calibration: mean lat.: 1.692ms, rate sampling interval: 10ms
  Thread calibration: mean lat.: 1.728ms, rate sampling interval: 10ms
  Thread calibration: mean lat.: 1.729ms, rate sampling interval: 10ms
  Thread calibration: mean lat.: 1.716ms, rate sampling interval: 10ms
  Thread Stats   Avg      Stdev     99%   +/- Stdev
    Latency     2.55ms    1.55ms   5.99ms   60.15%
    Req/Sec   392.47    205.36     0.90k    70.68%
  Latency Distribution (HdrHistogram - Recorded Latency)
 50.000%    2.60ms
 75.000%    3.88ms
 90.000%    4.44ms
 99.000%    5.99ms
 99.900%    7.56ms
 99.990%    9.44ms
 99.999%   10.55ms
100.000%   10.55ms

  Detailed Percentile spectrum:
       Value   Percentile   TotalCount 1/(1-Percentile)

       0.419     0.000000            1         1.00
       0.714     0.100000         2968         1.11
       0.965     0.200000         5937         1.25
       1.118     0.300000         8903         1.43
       1.373     0.400000        11851         1.67
       2.601     0.500000        14809         2.00
       3.065     0.550000        16295         2.22
       3.419     0.600000        17775         2.50
       3.607     0.650000        19266         2.86
       3.747     0.700000        20742         3.33
       3.877     0.750000        22215         4.00
       3.947     0.775000        22955         4.44
       4.023     0.800000        23694         5.00
       4.111     0.825000        24449         5.71
       4.199     0.850000        25179         6.67
       4.307     0.875000        25929         8.00
       4.367     0.887500        26297         8.89
       4.439     0.900000        26660        10.00
       4.531     0.912500        27039        11.43
       4.627     0.925000        27409        13.33
       4.739     0.937500        27771        16.00
       4.803     0.943750        27960        17.78
       4.883     0.950000        28143        20.00
       4.975     0.956250        28326        22.86
       5.091     0.962500        28507        26.67
       5.207     0.968750        28692        32.00
       5.275     0.971875        28785        35.56
       5.363     0.975000        28877        40.00
       5.463     0.978125        28970        45.71
       5.583     0.981250        29062        53.33
       5.703     0.984375        29155        64.00
       5.779     0.985938        29202        71.11
       5.847     0.987500        29247        80.00
       5.931     0.989062        29294        91.43
       6.051     0.990625        29339       106.67
       6.159     0.992188        29387       128.00
       6.215     0.992969        29408       142.22
       6.287     0.993750        29431       160.00
       6.379     0.994531        29455       182.86
       6.463     0.995313        29479       213.33
       6.595     0.996094        29501       256.00
       6.651     0.996484        29512       284.44
       6.727     0.996875        29524       320.00
       6.831     0.997266        29536       365.71
       6.927     0.997656        29547       426.67
       7.047     0.998047        29559       512.00
       7.127     0.998242        29564       568.89
       7.235     0.998437        29570       640.00
       7.311     0.998633        29576       731.43
       7.499     0.998828        29582       853.33
       7.611     0.999023        29588      1024.00
       7.647     0.999121        29590      1137.78
       7.691     0.999219        29593      1280.00
       7.795     0.999316        29596      1462.86
       7.899     0.999414        29599      1706.67
       8.027     0.999512        29602      2048.00
       8.279     0.999561        29603      2275.56
       8.367     0.999609        29605      2560.00
       8.471     0.999658        29606      2925.71
       8.519     0.999707        29608      3413.33
       8.703     0.999756        29609      4096.00
       8.895     0.999780        29610      4551.11
       8.911     0.999805        29611      5120.00
       8.911     0.999829        29611      5851.43
       9.111     0.999854        29612      6826.67
       9.439     0.999878        29613      8192.00
       9.439     0.999890        29613      9102.22
       9.727     0.999902        29614     10240.00
       9.727     0.999915        29614     11702.86
       9.727     0.999927        29614     13653.33
       9.775     0.999939        29615     16384.00
       9.775     0.999945        29615     18204.44
       9.775     0.999951        29615     20480.00
       9.775     0.999957        29615     23405.71
       9.775     0.999963        29615     27306.67
      10.551     0.999969        29616     32768.00
      10.551     1.000000        29616          inf
#[Mean    =        2.555, StdDeviation   =        1.554]
#[Max     =       10.544, Total count    =        29616]
#[Buckets =           27, SubBuckets     =         2048]
----------------------------------------------------------
  44332 requests in 30.00s, 214.09MB read
  Socket errors: connect 0, read 0, write 0, timeout 22
Requests/sec:   1477.58
Transfer/sec:      7.14MB
