Using argument nginx
using  args: threads=4 and connections=512 and duration=30 and requests=5000
Running 30s test @ http://10.10.1.6:8080
  4 threads and 512 connections
  Thread calibration: mean lat.: 2912.770ms, rate sampling interval: 10477ms
  Thread calibration: mean lat.: 3211.753ms, rate sampling interval: 10895ms
  Thread calibration: mean lat.: 3261.203ms, rate sampling interval: 10813ms
  Thread calibration: mean lat.: 3054.715ms, rate sampling interval: 10674ms
  Thread Stats   Avg      Stdev     99%   +/- Stdev
    Latency    13.73s     5.94s   23.72s    59.50%
    Req/Sec   300.00     39.13   354.00     50.00%
  Latency Distribution (HdrHistogram - Recorded Latency)
 50.000%   13.29s 
 75.000%   19.04s 
 90.000%   21.51s 
 99.000%   23.72s 
 99.900%   24.58s 
 99.990%   24.97s 
 99.999%   25.12s 
100.000%   25.12s 

  Detailed Percentile spectrum:
       Value   Percentile   TotalCount 1/(1-Percentile)

      11.567     0.000000            1         1.00
    5431.295     0.100000         2400         1.11
    7716.863     0.200000         4802         1.25
    9953.279     0.300000         7201         1.43
   11649.023     0.400000         9607         1.67
   13287.423     0.500000        11993         2.00
   15056.895     0.550000        13192         2.22
   16433.151     0.600000        14392         2.50
   17367.039     0.650000        15605         2.86
   18251.775     0.700000        16790         3.33
   19038.207     0.750000        17993         4.00
   19365.887     0.775000        18596         4.44
   19726.335     0.800000        19212         5.00
   20168.703     0.825000        19803         5.71
   20578.303     0.850000        20402         6.67
   20971.519     0.875000        20995         8.00
   21217.279     0.887500        21285         8.89
   21528.575     0.900000        21606        10.00
   21757.951     0.912500        21884        11.43
   22036.479     0.925000        22181        13.33
   22364.159     0.937500        22483        16.00
   22511.615     0.943750        22650        17.78
   22675.455     0.950000        22779        20.00
   22839.295     0.956250        22933        22.86
   23003.135     0.962500        23092        26.67
   23134.207     0.968750        23244        32.00
   23199.743     0.971875        23319        35.56
   23265.279     0.975000        23384        40.00
   23363.583     0.978125        23466        45.71
   23445.503     0.981250        23538        53.33
   23543.807     0.984375        23616        64.00
   23576.575     0.985938        23645        71.11
   23625.727     0.987500        23678        80.00
   23691.263     0.989062        23726        91.43
   23756.799     0.990625        23761       106.67
   23904.255     0.992188        23793       128.00
   23953.407     0.992969        23810       142.22
   24002.559     0.993750        23832       160.00
   24051.711     0.994531        23850       182.86
   24133.631     0.995313        23870       213.33
   24199.167     0.996094        23888       256.00
   24215.551     0.996484        23895       284.44
   24248.319     0.996875        23904       320.00
   24281.087     0.997266        23913       365.71
   24346.623     0.997656        23923       426.67
   24412.159     0.998047        23937       512.00
   24412.159     0.998242        23937       568.89
   24444.927     0.998437        23941       640.00
   24461.311     0.998633        23945       731.43
   24510.463     0.998828        23949       853.33
   24592.383     0.999023        23958      1024.00
   24592.383     0.999121        23958      1137.78
   24608.767     0.999219        23960      1280.00
   24625.151     0.999316        23961      1462.86
   24641.535     0.999414        23964      1706.67
   24674.303     0.999512        23966      2048.00
   24690.687     0.999561        23967      2275.56
   24707.071     0.999609        23968      2560.00
   24854.527     0.999658        23969      2925.71
   24870.911     0.999707        23970      3413.33
   24952.831     0.999756        23973      4096.00
   24952.831     0.999780        23973      4551.11
   24952.831     0.999805        23973      5120.00
   24952.831     0.999829        23973      5851.43
   24969.215     0.999854        23975      6826.67
   24969.215     0.999878        23975      8192.00
   24969.215     0.999890        23975      9102.22
   24969.215     0.999902        23975     10240.00
   24969.215     0.999915        23975     11702.86
   25018.367     0.999927        23976     13653.33
   25018.367     0.999939        23976     16384.00
   25018.367     0.999945        23976     18204.44
   25018.367     0.999951        23976     20480.00
   25018.367     0.999957        23976     23405.71
   25116.671     0.999963        23977     27306.67
   25116.671     1.000000        23977          inf
#[Mean    =    13730.621, StdDeviation   =     5942.067]
#[Max     =    25100.288, Total count    =        23977]
#[Buckets =           27, SubBuckets     =         2048]
----------------------------------------------------------
  36877 requests in 30.04s, 322.99MB read
  Non-2xx or 3xx responses: 988
Requests/sec:   1227.42
Transfer/sec:     10.75MB
