Using argument nginx
using  args: threads=4 and connections=512 and duration=30 and requests=4000
Running 30s test @ http://10.10.1.4:8080/wrk2-api/user-timeline/read
  4 threads and 512 connections
  Thread calibration: mean lat.: 2.246ms, rate sampling interval: 10ms
  Thread calibration: mean lat.: 2.967ms, rate sampling interval: 10ms
  Thread calibration: mean lat.: 3.886ms, rate sampling interval: 10ms
  Thread calibration: mean lat.: 2.741ms, rate sampling interval: 10ms
  Thread Stats   Avg      Stdev     99%   +/- Stdev
    Latency     4.34ms   25.01ms  81.92ms   98.52%
    Req/Sec     1.06k   350.83     2.00k    66.33%
  Latency Distribution (HdrHistogram - Recorded Latency)
 50.000%    1.67ms
 75.000%    2.07ms
 90.000%    2.84ms
 99.000%   81.92ms
 99.900%  373.76ms
 99.990%  628.22ms
 99.999%  793.60ms
100.000%    1.23s 

  Detailed Percentile spectrum:
       Value   Percentile   TotalCount 1/(1-Percentile)

       1.010     0.000000            1         1.00
       1.334     0.100000         7996         1.11
       1.420     0.200000        16018         1.25
       1.499     0.300000        23994         1.43
       1.579     0.400000        31936         1.67
       1.672     0.500000        39912         2.00
       1.727     0.550000        43899         2.22
       1.789     0.600000        47902         2.50
       1.863     0.650000        51892         2.86
       1.951     0.700000        55872         3.33
       2.069     0.750000        59912         4.00
       2.145     0.775000        61882         4.44
       2.233     0.800000        63851         5.00
       2.347     0.825000        65870         5.71
       2.473     0.850000        67841         6.67
       2.635     0.875000        69851         8.00
       2.729     0.887500        70836         8.89
       2.835     0.900000        71828        10.00
       2.965     0.912500        72833        11.43
       3.135     0.925000        73831        13.33
       3.359     0.937500        74820        16.00
       3.505     0.943750        75321        17.78
       3.717     0.950000        75818        20.00
       4.021     0.956250        76317        22.86
       4.459     0.962500        76820        26.67
       5.135     0.968750        77314        32.00
       5.627     0.971875        77565        35.56
       6.275     0.975000        77813        40.00
       7.255     0.978125        78063        45.71
       9.031     0.981250        78312        53.33
      21.039     0.984375        78561        64.00
      35.839     0.985938        78686        71.11
      53.663     0.987500        78811        80.00
      70.591     0.989062        78936        91.43
      90.943     0.990625        79061       106.67
     115.775     0.992188        79185       128.00
     130.303     0.992969        79247       142.22
     150.271     0.993750        79311       160.00
     168.191     0.994531        79372       182.86
     190.335     0.995313        79435       213.33
     213.247     0.996094        79498       256.00
     227.071     0.996484        79528       284.44
     242.559     0.996875        79559       320.00
     255.231     0.997266        79590       365.71
     270.591     0.997656        79621       426.67
     299.007     0.998047        79653       512.00
     305.663     0.998242        79668       568.89
     324.095     0.998437        79684       640.00
     342.527     0.998633        79700       731.43
     354.047     0.998828        79715       853.33
     379.135     0.999023        79731      1024.00
     390.911     0.999121        79738      1137.78
     409.855     0.999219        79746      1280.00
     430.079     0.999316        79754      1462.86
     450.303     0.999414        79762      1706.67
     469.247     0.999512        79770      2048.00
     472.063     0.999561        79773      2275.56
     501.247     0.999609        79777      2560.00
     530.943     0.999658        79781      2925.71
     547.839     0.999707        79785      3413.33
     562.687     0.999756        79789      4096.00
     568.319     0.999780        79791      4551.11
     571.903     0.999805        79793      5120.00
     587.775     0.999829        79795      5851.43
     601.599     0.999854        79797      6826.67
     609.279     0.999878        79799      8192.00
     628.223     0.999890        79800      9102.22
     641.023     0.999902        79801     10240.00
     643.583     0.999915        79802     11702.86
     672.255     0.999927        79803     13653.33
     702.975     0.999939        79804     16384.00
     702.975     0.999945        79804     18204.44
     745.983     0.999951        79805     20480.00
     745.983     0.999957        79805     23405.71
     777.727     0.999963        79806     27306.67
     777.727     0.999969        79806     32768.00
     777.727     0.999973        79806     36408.89
     793.599     0.999976        79807     40960.00
     793.599     0.999979        79807     46811.43
     793.599     0.999982        79807     54613.33
     793.599     0.999985        79807     65536.00
     793.599     0.999986        79807     72817.78
    1234.943     0.999988        79808     81920.00
    1234.943     1.000000        79808          inf
#[Mean    =        4.337, StdDeviation   =       25.005]
#[Max     =     1233.920, Total count    =        79808]
#[Buckets =           27, SubBuckets     =         2048]
----------------------------------------------------------
  118931 requests in 30.00s, 20.94MB read
  Non-2xx or 3xx responses: 419
Requests/sec:   3964.54
Transfer/sec:    714.74KB
