Using argument nginx
using  args: threads=4 and connections=512 and duration=30 and requests=6000
Running 30s test @ http://10.10.1.4:5000
  4 threads and 512 connections
  Thread calibration: mean lat.: 439.832ms, rate sampling interval: 2121ms
  Thread calibration: mean lat.: 459.893ms, rate sampling interval: 2069ms
  Thread calibration: mean lat.: 410.888ms, rate sampling interval: 1964ms
  Thread calibration: mean lat.: 421.232ms, rate sampling interval: 2073ms
  Thread Stats   Avg      Stdev     99%   +/- Stdev
    Latency     1.33s     1.07s    4.38s    66.36%
    Req/Sec     1.43k    31.25     1.50k    70.27%
  Latency Distribution (HdrHistogram - Recorded Latency)
 50.000%    1.10s 
 75.000%    2.00s 
 90.000%    2.84s 
 99.000%    4.38s 
 99.900%    5.27s 
 99.990%    6.29s 
 99.999%    6.62s 
100.000%    6.71s 

  Detailed Percentile spectrum:
       Value   Percentile   TotalCount 1/(1-Percentile)

       0.384     0.000000            1         1.00
     160.639     0.100000        11390         1.11
     320.511     0.200000        22793         1.25
     532.991     0.300000        34191         1.43
     794.623     0.400000        45555         1.67
    1098.751     0.500000        56971         2.00
    1251.327     0.550000        62669         2.22
    1420.287     0.600000        68356         2.50
    1602.559     0.650000        74052         2.86
    1790.975     0.700000        79743         3.33
    1999.871     0.750000        85414         4.00
    2117.631     0.775000        88274         4.44
    2246.655     0.800000        91157         5.00
    2379.775     0.825000        93990         5.71
    2523.135     0.850000        96805         6.67
    2674.687     0.875000        99678         8.00
    2758.655     0.887500       101078         8.89
    2844.671     0.900000       102509        10.00
    2947.071     0.912500       103932        11.43
    3065.855     0.925000       105345        13.33
    3213.311     0.937500       106781        16.00
    3297.279     0.943750       107479        17.78
    3389.439     0.950000       108194        20.00
    3487.743     0.956250       108910        22.86
    3588.095     0.962500       109616        26.67
    3698.687     0.968750       110332        32.00
    3758.079     0.971875       110695        35.56
    3823.615     0.975000       111037        40.00
    3897.343     0.978125       111407        45.71
    3973.119     0.981250       111749        53.33
    4077.567     0.984375       112112        64.00
    4141.055     0.985938       112289        71.11
    4206.591     0.987500       112461        80.00
    4300.799     0.989062       112642        91.43
    4415.487     0.990625       112821       106.67
    4550.655     0.992188       112998       128.00
    4620.287     0.992969       113089       142.22
    4681.727     0.993750       113177       160.00
    4759.551     0.994531       113265       182.86
    4833.279     0.995313       113353       213.33
    4898.815     0.996094       113441       256.00
    4931.583     0.996484       113488       284.44
    4968.447     0.996875       113532       320.00
    5001.215     0.997266       113574       365.71
    5042.175     0.997656       113619       426.67
    5091.327     0.998047       113666       512.00
    5115.903     0.998242       113685       568.89
    5144.575     0.998437       113708       640.00
    5181.439     0.998633       113730       731.43
    5218.303     0.998828       113753       853.33
    5271.551     0.999023       113773      1024.00
    5300.223     0.999121       113785      1137.78
    5332.991     0.999219       113796      1280.00
    5365.759     0.999316       113807      1462.86
    5427.199     0.999414       113818      1706.67
    5509.119     0.999512       113830      2048.00
    5685.247     0.999561       113835      2275.56
    5824.511     0.999609       113840      2560.00
    5939.199     0.999658       113847      2925.71
    5984.255     0.999707       113851      3413.33
    6053.887     0.999756       113857      4096.00
    6074.367     0.999780       113860      4551.11
    6103.039     0.999805       113862      5120.00
    6135.807     0.999829       113865      5851.43
    6176.767     0.999854       113868      6826.67
    6254.591     0.999878       113872      8192.00
    6254.591     0.999890       113872      9102.22
    6291.455     0.999902       113873     10240.00
    6295.551     0.999915       113875     11702.86
    6299.647     0.999927       113876     13653.33
    6311.935     0.999939       113878     16384.00
    6311.935     0.999945       113878     18204.44
    6356.991     0.999951       113879     20480.00
    6443.007     0.999957       113880     23405.71
    6443.007     0.999963       113880     27306.67
    6545.407     0.999969       113881     32768.00
    6545.407     0.999973       113881     36408.89
    6574.079     0.999976       113882     40960.00
    6574.079     0.999979       113882     46811.43
    6574.079     0.999982       113882     54613.33
    6615.039     0.999985       113883     65536.00
    6615.039     0.999986       113883     72817.78
    6615.039     0.999988       113883     81920.00
    6615.039     0.999989       113883     93622.86
    6615.039     0.999991       113883    109226.67
    6705.151     0.999992       113884    131072.00
    6705.151     1.000000       113884          inf
#[Mean    =     1327.498, StdDeviation   =     1067.939]
#[Max     =     6701.056, Total count    =       113884]
#[Buckets =           27, SubBuckets     =         2048]
----------------------------------------------------------
  167643 requests in 30.00s, 69.09MB read
Requests/sec:   5587.64
Transfer/sec:      2.30MB
