Using argument nginx
using  args: threads=4 and connections=512 and duration=30 and requests=2000
Running 30s test @ http://10.10.1.4:8080
  4 threads and 512 connections
  Thread calibration: mean lat.: 1.031ms, rate sampling interval: 10ms
  Thread calibration: mean lat.: 1.033ms, rate sampling interval: 10ms
  Thread calibration: mean lat.: 1.043ms, rate sampling interval: 10ms
  Thread calibration: mean lat.: 0.927ms, rate sampling interval: 10ms
  Thread Stats   Avg      Stdev     99%   +/- Stdev
    Latency     0.91ms  762.62us   2.80ms   89.82%
    Req/Sec   526.07    234.75     1.11k    69.04%
  Latency Distribution (HdrHistogram - Recorded Latency)
 50.000%  707.00us
 75.000%    0.88ms
 90.000%    1.95ms
 99.000%    2.80ms
 99.900%   15.81ms
 99.990%   16.59ms
 99.999%   34.40ms
100.000%   34.40ms

  Detailed Percentile spectrum:
       Value   Percentile   TotalCount 1/(1-Percentile)

       0.391     0.000000            1         1.00
       0.554     0.100000         3985         1.11
       0.588     0.200000         7978         1.25
       0.619     0.300000        11988         1.43
       0.655     0.400000        15978         1.67
       0.707     0.500000        19849         2.00
       0.748     0.550000        21878         2.22
       0.787     0.600000        23835         2.50
       0.819     0.650000        25805         2.86
       0.850     0.700000        27853         3.33
       0.880     0.750000        29780         4.00
       0.899     0.775000        30795         4.44
       0.920     0.800000        31781         5.00
       0.947     0.825000        32765         5.71
       0.985     0.850000        33744         6.67
       1.053     0.875000        34735         8.00
       1.133     0.887500        35231         8.89
       1.952     0.900000        35726        10.00
       2.153     0.912500        36231        11.43
       2.243     0.925000        36725        13.33
       2.319     0.937500        37221        16.00
       2.353     0.943750        37464        17.78
       2.389     0.950000        37714        20.00
       2.425     0.956250        37966        22.86
       2.467     0.962500        38220        26.67
       2.515     0.968750        38460        32.00
       2.541     0.971875        38584        35.56
       2.565     0.975000        38704        40.00
       2.599     0.978125        38830        45.71
       2.637     0.981250        38950        53.33
       2.681     0.984375        39077        64.00
       2.707     0.985938        39139        71.11
       2.739     0.987500        39199        80.00
       2.775     0.989062        39260        91.43
       2.813     0.990625        39326       106.67
       2.847     0.992188        39386       128.00
       2.879     0.992969        39419       142.22
       2.913     0.993750        39447       160.00
       2.947     0.994531        39477       182.86
       2.997     0.995313        39509       213.33
       3.049     0.996094        39539       256.00
       3.081     0.996484        39555       284.44
       3.129     0.996875        39570       320.00
       3.211     0.997266        39586       365.71
       3.289     0.997656        39602       426.67
       3.427     0.998047        39617       512.00
       3.697     0.998242        39625       568.89
       3.893     0.998437        39632       640.00
       4.663     0.998633        39640       731.43
       7.671     0.998828        39648       853.33
      15.839     0.999023        39657      1024.00
      15.911     0.999121        39660      1137.78
      15.999     0.999219        39663      1280.00
      16.135     0.999316        39667      1462.86
      16.183     0.999414        39671      1706.67
      16.207     0.999512        39675      2048.00
      16.231     0.999561        39677      2275.56
      16.263     0.999609        39679      2560.00
      16.287     0.999658        39681      2925.71
      16.319     0.999707        39683      3413.33
      16.351     0.999756        39685      4096.00
      16.367     0.999780        39686      4551.11
      16.415     0.999805        39687      5120.00
      16.495     0.999829        39688      5851.43
      16.511     0.999854        39689      6826.67
      16.591     0.999878        39690      8192.00
      16.591     0.999890        39690      9102.22
      16.799     0.999902        39691     10240.00
      16.799     0.999915        39691     11702.86
      16.975     0.999927        39692     13653.33
      16.975     0.999939        39692     16384.00
      16.975     0.999945        39692     18204.44
      17.167     0.999951        39693     20480.00
      17.167     0.999957        39693     23405.71
      17.167     0.999963        39693     27306.67
      17.167     0.999969        39693     32768.00
      17.167     0.999973        39693     36408.89
      34.399     0.999976        39694     40960.00
      34.399     1.000000        39694          inf
#[Mean    =        0.909, StdDeviation   =        0.763]
#[Max     =       34.368, Total count    =        39694]
#[Buckets =           27, SubBuckets     =         2048]
----------------------------------------------------------
  59196 requests in 30.00s, 11.33MB read
  Socket errors: connect 0, read 0, write 0, timeout 8
Requests/sec:   1972.89
Transfer/sec:    386.51KB
