Using argument nginx
using  args: threads=4 and connections=512 and duration=30 and requests=16000
Running 30s test @ http://10.10.1.4:5000
  4 threads and 512 connections
  Thread calibration: mean lat.: 3660.272ms, rate sampling interval: 12877ms
  Thread calibration: mean lat.: 3779.105ms, rate sampling interval: 13869ms
  Thread calibration: mean lat.: 3742.950ms, rate sampling interval: 13885ms
  Thread calibration: mean lat.: 3814.043ms, rate sampling interval: 14024ms
  Thread Stats   Avg      Stdev     99%   +/- Stdev
    Latency    15.38s     4.47s   23.31s    58.33%
    Req/Sec     0.88k     4.38     0.88k    50.00%
  Latency Distribution (HdrHistogram - Recorded Latency)
 50.000%   15.42s 
 75.000%   19.22s 
 90.000%   21.50s 
 99.000%   23.31s 
 99.900%   24.04s 
 99.990%   24.53s 
 99.999%   24.69s 
100.000%   24.71s 

  Detailed Percentile spectrum:
       Value   Percentile   TotalCount 1/(1-Percentile)

    6279.167     0.000000            1         1.00
    9232.383     0.100000         6971         1.11
   10772.479     0.200000        13933         1.25
   12304.383     0.300000        20892         1.43
   13852.671     0.400000        27854         1.67
   15417.343     0.500000        34808         2.00
   16171.007     0.550000        38246         2.22
   16941.055     0.600000        41785         2.50
   17694.719     0.650000        45241         2.86
   18448.383     0.700000        48684         3.33
   19218.431     0.750000        52153         4.00
   19611.647     0.775000        53971         4.44
   19988.479     0.800000        55700         5.00
   20365.311     0.825000        57417         5.71
   20758.527     0.850000        59108         6.67
   21135.359     0.875000        60914         8.00
   21315.583     0.887500        61739         8.89
   21495.807     0.900000        62597        10.00
   21708.799     0.912500        63480        11.43
   21889.023     0.925000        64335        13.33
   22102.015     0.937500        65215        16.00
   22200.319     0.943750        65651        17.78
   22315.007     0.950000        66079        20.00
   22446.079     0.956250        66546        22.86
   22560.767     0.962500        66940        26.67
   22691.839     0.968750        67386        32.00
   22757.375     0.971875        67577        35.56
   22839.295     0.975000        67821        40.00
   22921.215     0.978125        68027        45.71
   23003.135     0.981250        68239        53.33
   23117.823     0.984375        68481        64.00
   23166.975     0.985938        68581        71.11
   23216.127     0.987500        68663        80.00
   23281.663     0.989062        68785        91.43
   23330.815     0.990625        68883       106.67
   23396.351     0.992188        69010       128.00
   23429.119     0.992969        69050       142.22
   23494.655     0.993750        69132       160.00
   23527.423     0.994531        69164       182.86
   23576.575     0.995313        69217       213.33
   23642.111     0.996094        69270       256.00
   23674.879     0.996484        69290       284.44
   23707.647     0.996875        69319       320.00
   23756.799     0.997266        69346       365.71
   23822.335     0.997656        69371       426.67
   23887.871     0.998047        69401       512.00
   23904.255     0.998242        69411       568.89
   23937.023     0.998437        69433       640.00
   23953.407     0.998633        69439       731.43
   23986.175     0.998828        69452       853.33
   24051.711     0.999023        69467      1024.00
   24068.095     0.999121        69471      1137.78
   24100.863     0.999219        69480      1280.00
   24133.631     0.999316        69487      1462.86
   24166.399     0.999414        69496      1706.67
   24199.167     0.999512        69501      2048.00
   24215.551     0.999561        69503      2275.56
   24231.935     0.999609        69506      2560.00
   24330.239     0.999658        69511      2925.71
   24346.623     0.999707        69512      3413.33
   24412.159     0.999756        69516      4096.00
   24428.543     0.999780        69517      4551.11
   24444.927     0.999805        69519      5120.00
   24461.311     0.999829        69522      5851.43
   24461.311     0.999854        69522      6826.67
   24510.463     0.999878        69524      8192.00
   24526.847     0.999890        69525      9102.22
   24543.231     0.999902        69527     10240.00
   24543.231     0.999915        69527     11702.86
   24543.231     0.999927        69527     13653.33
   24559.615     0.999939        69528     16384.00
   24575.999     0.999945        69529     18204.44
   24575.999     0.999951        69529     20480.00
   24674.303     0.999957        69530     23405.71
   24674.303     0.999963        69530     27306.67
   24674.303     0.999969        69530     32768.00
   24690.687     0.999973        69531     36408.89
   24690.687     0.999976        69531     40960.00
   24690.687     0.999979        69531     46811.43
   24690.687     0.999982        69531     54613.33
   24690.687     0.999985        69531     65536.00
   24707.071     0.999986        69532     72817.78
   24707.071     1.000000        69532          inf
#[Mean    =    15381.710, StdDeviation   =     4471.880]
#[Max     =    24690.688, Total count    =        69532]
#[Buckets =           27, SubBuckets     =         2048]
----------------------------------------------------------
  104179 requests in 30.00s, 43.30MB read
Requests/sec:   3472.66
Transfer/sec:      1.44MB
