Using argument nginx
using  args: threads=4 and connections=512 and duration=30 and requests=10000
Running 30s test @ http://10.10.1.4:8080
  4 threads and 512 connections
  Thread calibration: mean lat.: 0.977ms, rate sampling interval: 10ms
  Thread calibration: mean lat.: 1.174ms, rate sampling interval: 10ms
  Thread calibration: mean lat.: 1.195ms, rate sampling interval: 10ms
  Thread calibration: mean lat.: 1.190ms, rate sampling interval: 10ms
  Thread Stats   Avg      Stdev     99%   +/- Stdev
    Latency     0.91ms  749.83us   3.35ms   89.52%
    Req/Sec     2.64k   550.55     4.00k    69.17%
  Latency Distribution (HdrHistogram - Recorded Latency)
 50.000%  698.00us
 75.000%    0.88ms
 90.000%    1.92ms
 99.000%    3.35ms
 99.900%    7.11ms
 99.990%   16.91ms
 99.999%   21.10ms
100.000%   23.01ms

  Detailed Percentile spectrum:
       Value   Percentile   TotalCount 1/(1-Percentile)

       0.357     0.000000            1         1.00
       0.527     0.100000        19954         1.11
       0.565     0.200000        40024         1.25
       0.600     0.300000        59821         1.43
       0.642     0.400000        80059         1.67
       0.698     0.500000        99640         2.00
       0.733     0.550000       109827         2.22
       0.767     0.600000       119817         2.50
       0.801     0.650000       129725         2.86
       0.837     0.700000       139732         3.33
       0.879     0.750000       149592         4.00
       0.904     0.775000       154576         4.44
       0.934     0.800000       159424         5.00
       0.976     0.825000       164491         5.71
       1.037     0.850000       169417         6.67
       1.153     0.875000       174375         8.00
       1.287     0.887500       176869         8.89
       1.919     0.900000       179364        10.00
       2.069     0.912500       181891        11.43
       2.177     0.925000       184337        13.33
       2.297     0.937500       186863        16.00
       2.361     0.943750       188082        17.78
       2.431     0.950000       189317        20.00
       2.509     0.956250       190584        22.86
       2.589     0.962500       191826        26.67
       2.687     0.968750       193060        32.00
       2.743     0.971875       193684        35.56
       2.803     0.975000       194299        40.00
       2.879     0.978125       194932        45.71
       2.965     0.981250       195547        53.33
       3.071     0.984375       196171        64.00
       3.131     0.985938       196483        71.11
       3.203     0.987500       196789        80.00
       3.291     0.989062       197102        91.43
       3.397     0.990625       197420       106.67
       3.513     0.992188       197726       128.00
       3.585     0.992969       197881       142.22
       3.655     0.993750       198035       160.00
       3.757     0.994531       198191       182.86
       3.883     0.995313       198347       213.33
       4.043     0.996094       198503       256.00
       4.147     0.996484       198583       284.44
       4.243     0.996875       198659       320.00
       4.431     0.997266       198737       365.71
       4.607     0.997656       198815       426.67
       4.847     0.998047       198892       512.00
       5.059     0.998242       198931       568.89
       5.211     0.998437       198969       640.00
       5.551     0.998633       199008       731.43
       6.143     0.998828       199047       853.33
       7.319     0.999023       199086      1024.00
       8.047     0.999121       199105      1137.78
       9.871     0.999219       199125      1280.00
      13.207     0.999316       199144      1462.86
      15.639     0.999414       199164      1706.67
      15.815     0.999512       199185      2048.00
      15.879     0.999561       199193      2275.56
      15.983     0.999609       199204      2560.00
      16.087     0.999658       199214      2925.71
      16.167     0.999707       199222      3413.33
      16.303     0.999756       199233      4096.00
      16.447     0.999780       199237      4551.11
      16.511     0.999805       199244      5120.00
      16.543     0.999829       199246      5851.43
      16.687     0.999854       199251      6826.67
      16.847     0.999878       199257      8192.00
      16.879     0.999890       199259      9102.22
      16.927     0.999902       199262     10240.00
      16.975     0.999915       199263     11702.86
      17.103     0.999927       199266     13653.33
      17.183     0.999939       199268     16384.00
      17.407     0.999945       199270     18204.44
      17.471     0.999951       199271     20480.00
      17.567     0.999957       199272     23405.71
      17.647     0.999963       199273     27306.67
      17.855     0.999969       199274     32768.00
      17.919     0.999973       199275     36408.89
      18.271     0.999976       199276     40960.00
      18.271     0.999979       199276     46811.43
      20.463     0.999982       199277     54613.33
      20.463     0.999985       199277     65536.00
      21.103     0.999986       199278     72817.78
      21.103     0.999988       199278     81920.00
      21.103     0.999989       199278     93622.86
      21.535     0.999991       199279    109226.67
      21.535     0.999992       199279    131072.00
      21.535     0.999993       199279    145635.56
      21.535     0.999994       199279    163840.00
      21.535     0.999995       199279    187245.71
      23.007     0.999995       199280    218453.33
      23.007     1.000000       199280          inf
#[Mean    =        0.913, StdDeviation   =        0.750]
#[Max     =       22.992, Total count    =       199280]
#[Buckets =           27, SubBuckets     =         2048]
----------------------------------------------------------
  297600 requests in 30.00s, 56.93MB read
Requests/sec:   9919.86
Transfer/sec:      1.90MB
