No argument supplied nginx
using  args: threads=4 and connections=512 and duration=30 and requests=6000
Running 30s test @ http://localhost:8080
  4 threads and 512 connections
  Thread calibration: mean lat.: 3325.408ms, rate sampling interval: 13074ms
  Thread calibration: mean lat.: 3536.052ms, rate sampling interval: 12705ms
  Thread calibration: mean lat.: 3381.175ms, rate sampling interval: 13271ms
  Thread calibration: mean lat.: 3383.890ms, rate sampling interval: 13303ms
  Thread Stats   Avg      Stdev     99%   +/- Stdev
    Latency    14.85s     4.43s   23.05s    58.77%
    Req/Sec   355.00      4.30   359.00     75.00%
  Latency Distribution (HdrHistogram - Recorded Latency)
 50.000%   14.82s 
 75.000%   18.61s 
 90.000%   20.94s 
 99.000%   23.05s 
 99.900%   24.04s 
 99.990%   24.40s 
 99.999%   24.69s 
100.000%   24.69s 

  Detailed Percentile spectrum:
       Value   Percentile   TotalCount 1/(1-Percentile)

    5607.423     0.000000            1         1.00
    8839.167     0.100000         2817         1.11
   10338.303     0.200000         5619         1.25
   11771.903     0.300000         8428         1.43
   13328.383     0.400000        11241         1.67
   14819.327     0.500000        14050         2.00
   15564.799     0.550000        15457         2.22
   16302.079     0.600000        16851         2.50
   17072.127     0.650000        18280         2.86
   17842.175     0.700000        19674         3.33
   18612.223     0.750000        21084         4.00
   19005.439     0.775000        21767         4.44
   19415.039     0.800000        22482         5.00
   19775.487     0.825000        23179         5.71
   20168.703     0.850000        23882         6.67
   20529.151     0.875000        24578         8.00
   20742.143     0.887500        24924         8.89
   20938.751     0.900000        25295        10.00
   21151.743     0.912500        25627        11.43
   21364.735     0.925000        26005        13.33
   21594.111     0.937500        26333        16.00
   21708.799     0.943750        26523        17.78
   21823.487     0.950000        26687        20.00
   21954.559     0.956250        26855        22.86
   22102.015     0.962500        27039        26.67
   22249.471     0.968750        27205        32.00
   22347.775     0.971875        27299        35.56
   22429.695     0.975000        27390        40.00
   22527.999     0.978125        27476        45.71
   22642.687     0.981250        27558        53.33
   22773.759     0.984375        27646        64.00
   22839.295     0.985938        27688        71.11
   22937.599     0.987500        27740        80.00
   23003.135     0.989062        27774        91.43
   23101.439     0.990625        27822       106.67
   23199.743     0.992188        27865       128.00
   23232.511     0.992969        27884       142.22
   23298.047     0.993750        27911       160.00
   23363.583     0.994531        27934       182.86
   23429.119     0.995313        27952       213.33
   23494.655     0.996094        27973       256.00
   23543.807     0.996484        27983       284.44
   23625.727     0.996875        27996       320.00
   23691.263     0.997266        28008       365.71
   23756.799     0.997656        28016       426.67
   23822.335     0.998047        28029       512.00
   23855.103     0.998242        28032       568.89
   23904.255     0.998437        28039       640.00
   23920.639     0.998633        28043       731.43
   23986.175     0.998828        28049       853.33
   24068.095     0.999023        28055      1024.00
   24084.479     0.999121        28057      1137.78
   24100.863     0.999219        28060      1280.00
   24133.631     0.999316        28066      1462.86
   24133.631     0.999414        28066      1706.67
   24182.783     0.999512        28068      2048.00
   24248.319     0.999561        28070      2275.56
   24281.087     0.999609        28071      2560.00
   24297.471     0.999658        28072      2925.71
   24313.855     0.999707        28073      3413.33
   24330.239     0.999756        28075      4096.00
   24330.239     0.999780        28075      4551.11
   24346.623     0.999805        28076      5120.00
   24363.007     0.999829        28077      5851.43
   24363.007     0.999854        28077      6826.67
   24395.775     0.999878        28078      8192.00
   24395.775     0.999890        28078      9102.22
   24461.311     0.999902        28079     10240.00
   24461.311     0.999915        28079     11702.86
   24461.311     0.999927        28079     13653.33
   24657.919     0.999939        28080     16384.00
   24657.919     0.999945        28080     18204.44
   24657.919     0.999951        28080     20480.00
   24657.919     0.999957        28080     23405.71
   24657.919     0.999963        28080     27306.67
   24690.687     0.999969        28081     32768.00
   24690.687     1.000000        28081          inf
#[Mean    =    14853.450, StdDeviation   =     4431.883]
#[Max     =    24674.304, Total count    =        28081]
#[Buckets =           27, SubBuckets     =         2048]
----------------------------------------------------------
  42712 requests in 30.01s, 400.68MB read
  Non-2xx or 3xx responses: 60
Requests/sec:   1423.18
Transfer/sec:     13.35MB
