No argument supplied nginx
using  args: threads=4 and connections=512 and duration=30 and requests=5000
Running 30s test @ http://localhost:8080
  4 threads and 512 connections
  Thread calibration: mean lat.: 3256.017ms, rate sampling interval: 12460ms
  Thread calibration: mean lat.: 3277.521ms, rate sampling interval: 12271ms
  Thread calibration: mean lat.: 3358.657ms, rate sampling interval: 12533ms
  Thread calibration: mean lat.: 3300.850ms, rate sampling interval: 12500ms
  Thread Stats   Avg      Stdev     99%   +/- Stdev
    Latency    14.00s     4.19s   21.94s    59.38%
    Req/Sec   364.00      6.82   373.00     50.00%
  Latency Distribution (HdrHistogram - Recorded Latency)
 50.000%   14.01s 
 75.000%   17.50s 
 90.000%   19.68s 
 99.000%   21.94s 
 99.900%   23.00s 
 99.990%   23.86s 
 99.999%   24.05s 
100.000%   24.05s 

  Detailed Percentile spectrum:
       Value   Percentile   TotalCount 1/(1-Percentile)

    4558.847     0.000000            1         1.00
    8343.551     0.100000         2903         1.11
    9748.479     0.200000         5795         1.25
   11124.735     0.300000         8707         1.43
   12566.527     0.400000        11603         1.67
   14008.319     0.500000        14498         2.00
   14680.063     0.550000        15937         2.22
   15409.151     0.600000        17391         2.50
   16113.663     0.650000        18841         2.86
   16826.367     0.700000        20309         3.33
   17498.111     0.750000        21742         4.00
   17858.559     0.775000        22471         4.44
   18202.623     0.800000        23186         5.00
   18546.687     0.825000        23906         5.71
   18907.135     0.850000        24643         6.67
   19283.967     0.875000        25362         8.00
   19480.575     0.887500        25739         8.89
   19677.183     0.900000        26082        10.00
   19906.559     0.912500        26446        11.43
   20119.551     0.925000        26803        13.33
   20365.311     0.937500        27176        16.00
   20496.383     0.943750        27362        17.78
   20627.455     0.950000        27546        20.00
   20758.527     0.956250        27723        22.86
   20905.983     0.962500        27899        26.67
   21086.207     0.968750        28078        32.00
   21184.511     0.971875        28169        35.56
   21266.431     0.975000        28265        40.00
   21364.735     0.978125        28343        45.71
   21512.191     0.981250        28436        53.33
   21643.263     0.984375        28538        64.00
   21708.799     0.985938        28574        71.11
   21790.719     0.987500        28616        80.00
   21889.023     0.989062        28659        91.43
   21970.943     0.990625        28706       106.67
   22085.631     0.992188        28753       128.00
   22151.167     0.992969        28774       142.22
   22200.319     0.993750        28796       160.00
   22282.239     0.994531        28820       182.86
   22347.775     0.995313        28840       213.33
   22429.695     0.996094        28862       256.00
   22495.231     0.996484        28876       284.44
   22544.383     0.996875        28890       320.00
   22577.151     0.997266        28901       365.71
   22642.687     0.997656        28908       426.67
   22708.223     0.998047        28919       512.00
   22806.527     0.998242        28925       568.89
   22872.063     0.998437        28932       640.00
   22904.831     0.998633        28936       731.43
   22986.751     0.998828        28943       853.33
   23035.903     0.999023        28947      1024.00
   23068.671     0.999121        28950      1137.78
   23117.823     0.999219        28953      1280.00
   23199.743     0.999316        28956      1462.86
   23314.431     0.999414        28959      1706.67
   23412.735     0.999512        28961      2048.00
   23461.887     0.999561        28963      2275.56
   23478.271     0.999609        28964      2560.00
   23576.575     0.999658        28966      2925.71
   23625.727     0.999707        28968      3413.33
   23625.727     0.999756        28968      4096.00
   23674.879     0.999780        28969      4551.11
   23789.567     0.999805        28970      5120.00
   23822.335     0.999829        28971      5851.43
   23822.335     0.999854        28971      6826.67
   23855.103     0.999878        28972      8192.00
   23855.103     0.999890        28972      9102.22
   23904.255     0.999902        28973     10240.00
   23904.255     0.999915        28973     11702.86
   23904.255     0.999927        28973     13653.33
   23920.639     0.999939        28974     16384.00
   23920.639     0.999945        28974     18204.44
   23920.639     0.999951        28974     20480.00
   23920.639     0.999957        28974     23405.71
   23920.639     0.999963        28974     27306.67
   24051.711     0.999969        28975     32768.00
   24051.711     1.000000        28975          inf
#[Mean    =    14003.177, StdDeviation   =     4186.646]
#[Max     =    24035.328, Total count    =        28975]
#[Buckets =           27, SubBuckets     =         2048]
----------------------------------------------------------
  43707 requests in 30.03s, 398.76MB read
  Non-2xx or 3xx responses: 126
Requests/sec:   1455.69
Transfer/sec:     13.28MB
