No argument supplied nginx
using  args: threads=4 and connections=512 and duration=30 and requests=3000
Running 30s test @ http://localhost:5000
  4 threads and 512 connections
  Thread calibration: mean lat.: 1159.868ms, rate sampling interval: 6545ms
  Thread calibration: mean lat.: 999.534ms, rate sampling interval: 6307ms
  Thread calibration: mean lat.: 1001.988ms, rate sampling interval: 6438ms
  Thread calibration: mean lat.: 1028.010ms, rate sampling interval: 6381ms
  Thread Stats   Avg      Stdev     99%   +/- Stdev
    Latency     8.02s     2.48s   13.71s    65.59%
    Req/Sec   462.33     40.15   497.00     66.67%
  Latency Distribution (HdrHistogram - Recorded Latency)
 50.000%    7.93s 
 75.000%    9.79s 
 90.000%   11.35s 
 99.000%   13.71s 
 99.900%   15.49s 
 99.990%   16.15s 
 99.999%   16.52s 
100.000%   16.52s 

  Detailed Percentile spectrum:
       Value   Percentile   TotalCount 1/(1-Percentile)

     802.815     0.000000            1         1.00
    4808.703     0.100000         3706         1.11
    5795.839     0.200000         7405         1.25
    6549.503     0.300000        11102         1.43
    7258.111     0.400000        14789         1.67
    7929.855     0.500000        18490         2.00
    8273.919     0.550000        20347         2.22
    8642.559     0.600000        22213         2.50
    9027.583     0.650000        24057         2.86
    9379.839     0.700000        25890         3.33
    9789.439     0.750000        27739         4.00
   10010.623     0.775000        28656         4.44
   10248.191     0.800000        29592         5.00
   10493.951     0.825000        30512         5.71
   10764.287     0.850000        31437         6.67
   11042.815     0.875000        32359         8.00
   11198.463     0.887500        32837         8.89
   11345.919     0.900000        33279        10.00
   11517.951     0.912500        33737        11.43
   11722.751     0.925000        34210        13.33
   11927.551     0.937500        34666        16.00
   12050.431     0.943750        34891        17.78
   12173.311     0.950000        35132        20.00
   12320.767     0.956250        35351        22.86
   12468.223     0.962500        35580        26.67
   12648.447     0.968750        35815        32.00
   12754.943     0.971875        35929        35.56
   12869.631     0.975000        36048        40.00
   13008.895     0.978125        36159        45.71
   13164.543     0.981250        36274        53.33
   13328.383     0.984375        36391        64.00
   13434.879     0.985938        36452        71.11
   13541.375     0.987500        36505        80.00
   13656.063     0.989062        36565        91.43
   13770.751     0.990625        36623       106.67
   13926.399     0.992188        36679       128.00
   14000.127     0.992969        36708       142.22
   14098.431     0.993750        36737       160.00
   14196.735     0.994531        36764       182.86
   14303.231     0.995313        36793       213.33
   14475.263     0.996094        36823       256.00
   14557.183     0.996484        36837       284.44
   14688.255     0.996875        36853       320.00
   14753.791     0.997266        36866       365.71
   14909.439     0.997656        36880       426.67
   15032.319     0.998047        36895       512.00
   15122.431     0.998242        36902       568.89
   15155.199     0.998437        36909       640.00
   15228.927     0.998633        36916       731.43
   15319.039     0.998828        36923       853.33
   15523.839     0.999023        36930      1024.00
   15548.415     0.999121        36934      1137.78
   15613.951     0.999219        36938      1280.00
   15638.527     0.999316        36941      1462.86
   15745.023     0.999414        36945      1706.67
   15769.599     0.999512        36948      2048.00
   15802.367     0.999561        36950      2275.56
   15843.327     0.999609        36952      2560.00
   15876.095     0.999658        36954      2925.71
   15933.439     0.999707        36956      3413.33
   15949.823     0.999756        36957      4096.00
   15982.591     0.999780        36958      4551.11
   15990.783     0.999805        36959      5120.00
   15998.975     0.999829        36960      5851.43
   16039.935     0.999854        36961      6826.67
   16154.623     0.999878        36962      8192.00
   16154.623     0.999890        36962      9102.22
   16236.543     0.999902        36963     10240.00
   16236.543     0.999915        36963     11702.86
   16269.311     0.999927        36964     13653.33
   16269.311     0.999939        36964     16384.00
   16269.311     0.999945        36964     18204.44
   16375.807     0.999951        36965     20480.00
   16375.807     0.999957        36965     23405.71
   16375.807     0.999963        36965     27306.67
   16375.807     0.999969        36965     32768.00
   16375.807     0.999973        36965     36408.89
   16515.071     0.999976        36966     40960.00
   16515.071     1.000000        36966          inf
#[Mean    =     8022.314, StdDeviation   =     2481.297]
#[Max     =    16506.880, Total count    =        36966]
#[Buckets =           27, SubBuckets     =         2048]
----------------------------------------------------------
  54760 requests in 30.07s, 22.57MB read
  Socket errors: connect 0, read 0, write 0, timeout 1
Requests/sec:   1820.81
Transfer/sec:    768.38KB
