Using argument nginx
using  args: threads=4 and connections=512 and duration=30 and requests=4000
Running 30s test @ http://10.10.1.2:8080
  4 threads and 512 connections
  Thread calibration: mean lat.: 0.669ms, rate sampling interval: 10ms
  Thread calibration: mean lat.: 0.683ms, rate sampling interval: 10ms
  Thread calibration: mean lat.: 0.671ms, rate sampling interval: 10ms
  Thread calibration: mean lat.: 0.675ms, rate sampling interval: 10ms
  Thread Stats   Avg      Stdev     99%   +/- Stdev
    Latency   664.20us  659.88us   2.62ms   89.86%
    Req/Sec     1.06k   338.03     1.90k    65.48%
  Latency Distribution (HdrHistogram - Recorded Latency)
 50.000%  448.00us
 75.000%  637.00us
 90.000%    1.59ms
 99.000%    2.62ms
 99.900%    6.13ms
 99.990%   15.95ms
 99.999%   16.56ms
100.000%   16.72ms

  Detailed Percentile spectrum:
       Value   Percentile   TotalCount 1/(1-Percentile)

       0.250     0.000000            1         1.00
       0.359     0.100000         8218         1.11
       0.379     0.200000        16355         1.25
       0.396     0.300000        24297         1.43
       0.416     0.400000        32293         1.67
       0.448     0.500000        39928         2.00
       0.488     0.550000        43943         2.22
       0.555     0.600000        47980         2.50
       0.587     0.650000        52062         2.86
       0.610     0.700000        55897         3.33
       0.637     0.750000        59994         4.00
       0.653     0.775000        61938         4.44
       0.672     0.800000        63863         5.00
       0.698     0.825000        65903         5.71
       0.733     0.850000        67875         6.67
       0.799     0.875000        69850         8.00
       0.874     0.887500        70846         8.89
       1.586     0.900000        71841        10.00
       1.749     0.912500        72844        11.43
       1.844     0.925000        73848        13.33
       1.921     0.937500        74838        16.00
       1.962     0.943750        75338        17.78
       2.009     0.950000        75840        20.00
       2.059     0.956250        76337        22.86
       2.113     0.962500        76836        26.67
       2.177     0.968750        77342        32.00
       2.215     0.971875        77578        35.56
       2.259     0.975000        77830        40.00
       2.313     0.978125        78080        45.71
       2.369     0.981250        78336        53.33
       2.439     0.984375        78576        64.00
       2.483     0.985938        78706        71.11
       2.531     0.987500        78827        80.00
       2.587     0.989062        78955        91.43
       2.649     0.990625        79076       106.67
       2.731     0.992188        79201       128.00
       2.779     0.992969        79263       142.22
       2.829     0.993750        79325       160.00
       2.923     0.994531        79389       182.86
       3.027     0.995313        79449       213.33
       3.163     0.996094        79512       256.00
       3.223     0.996484        79543       284.44
       3.297     0.996875        79574       320.00
       3.437     0.997266        79605       365.71
       3.573     0.997656        79636       426.67
       3.815     0.998047        79669       512.00
       4.013     0.998242        79684       568.89
       4.207     0.998437        79699       640.00
       4.511     0.998633        79715       731.43
       5.071     0.998828        79730       853.33
       6.439     0.999023        79746      1024.00
       6.935     0.999121        79753      1137.78
       8.159     0.999219        79761      1280.00
      10.159     0.999316        79769      1462.86
      15.303     0.999414        79777      1706.67
      15.447     0.999512        79785      2048.00
      15.487     0.999561        79788      2275.56
      15.543     0.999609        79792      2560.00
      15.599     0.999658        79796      2925.71
      15.663     0.999707        79800      3413.33
      15.679     0.999756        79804      4096.00
      15.695     0.999780        79806      4551.11
      15.743     0.999805        79808      5120.00
      15.775     0.999829        79810      5851.43
      15.863     0.999854        79812      6826.67
      15.919     0.999878        79814      8192.00
      15.951     0.999890        79816      9102.22
      15.951     0.999902        79816     10240.00
      16.023     0.999915        79817     11702.86
      16.111     0.999927        79818     13653.33
      16.175     0.999939        79820     16384.00
      16.175     0.999945        79820     18204.44
      16.175     0.999951        79820     20480.00
      16.175     0.999957        79820     23405.71
      16.207     0.999963        79821     27306.67
      16.207     0.999969        79821     32768.00
      16.207     0.999973        79821     36408.89
      16.559     0.999976        79822     40960.00
      16.559     0.999979        79822     46811.43
      16.559     0.999982        79822     54613.33
      16.559     0.999985        79822     65536.00
      16.559     0.999986        79822     72817.78
      16.719     0.999988        79823     81920.00
      16.719     1.000000        79823          inf
#[Mean    =        0.664, StdDeviation   =        0.660]
#[Max     =       16.704, Total count    =        79823]
#[Buckets =           27, SubBuckets     =         2048]
----------------------------------------------------------
  118955 requests in 30.00s, 22.76MB read
Requests/sec:   3965.15
Transfer/sec:    776.77KB
