Using argument nginx
using  args: threads=4 and connections=512 and duration=30 and requests=3000
Running 30s test @ http://10.10.1.4:5000
  4 threads and 512 connections
  Thread calibration: mean lat.: 34.189ms, rate sampling interval: 154ms
  Thread calibration: mean lat.: 34.384ms, rate sampling interval: 155ms
  Thread calibration: mean lat.: 33.658ms, rate sampling interval: 152ms
  Thread calibration: mean lat.: 37.260ms, rate sampling interval: 166ms
  Thread Stats   Avg      Stdev     99%   +/- Stdev
    Latency    36.34ms   37.47ms 174.08ms   87.33%
    Req/Sec   753.03    111.78     1.02k    73.07%
  Latency Distribution (HdrHistogram - Recorded Latency)
 50.000%   26.45ms
 75.000%   50.27ms
 90.000%   82.24ms
 99.000%  174.08ms
 99.900%  275.71ms
 99.990%  435.45ms
 99.999%  509.44ms
100.000%  536.58ms

  Detailed Percentile spectrum:
       Value   Percentile   TotalCount 1/(1-Percentile)

       0.348     0.000000            1         1.00
       2.451     0.100000         5975         1.11
       6.643     0.200000        11942         1.25
      12.431     0.300000        17911         1.43
      19.055     0.400000        23879         1.67
      26.447     0.500000        29856         2.00
      30.271     0.550000        32836         2.22
      34.239     0.600000        35824         2.50
      38.783     0.650000        38813         2.86
      43.967     0.700000        41788         3.33
      50.271     0.750000        44768         4.00
      53.887     0.775000        46269         4.44
      57.823     0.800000        47759         5.00
      62.431     0.825000        49246         5.71
      67.967     0.850000        50748         6.67
      74.367     0.875000        52232         8.00
      78.143     0.887500        52985         8.89
      82.239     0.900000        53732        10.00
      87.295     0.912500        54481        11.43
      92.863     0.925000        55216        13.33
      99.967     0.937500        55961        16.00
     103.743     0.943750        56333        17.78
     107.967     0.950000        56709        20.00
     112.767     0.956250        57085        22.86
     118.783     0.962500        57455        26.67
     126.591     0.968750        57827        32.00
     130.687     0.971875        58014        35.56
     135.551     0.975000        58199        40.00
     141.695     0.978125        58390        45.71
     147.583     0.981250        58577        53.33
     155.007     0.984375        58758        64.00
     159.359     0.985938        58852        71.11
     164.479     0.987500        58945        80.00
     170.751     0.989062        59039        91.43
     176.383     0.990625        59131       106.67
     183.935     0.992188        59224       128.00
     188.799     0.992969        59273       142.22
     192.767     0.993750        59318       160.00
     199.679     0.994531        59364       182.86
     207.231     0.995313        59411       213.33
     214.911     0.996094        59459       256.00
     220.031     0.996484        59481       284.44
     226.047     0.996875        59505       320.00
     230.911     0.997266        59527       365.71
     236.927     0.997656        59551       426.67
     244.735     0.998047        59574       512.00
     252.671     0.998242        59586       568.89
     257.151     0.998437        59597       640.00
     263.679     0.998633        59609       731.43
     270.079     0.998828        59621       853.33
     276.991     0.999023        59632      1024.00
     280.575     0.999121        59638      1137.78
     288.767     0.999219        59644      1280.00
     294.911     0.999316        59650      1462.86
     315.647     0.999414        59656      1706.67
     325.887     0.999512        59661      2048.00
     326.911     0.999561        59664      2275.56
     335.103     0.999609        59667      2560.00
     345.599     0.999658        59670      2925.71
     356.607     0.999707        59673      3413.33
     383.487     0.999756        59676      4096.00
     389.375     0.999780        59678      4551.11
     395.775     0.999805        59679      5120.00
     396.543     0.999829        59680      5851.43
     427.263     0.999854        59682      6826.67
     434.175     0.999878        59683      8192.00
     435.455     0.999890        59684      9102.22
     435.967     0.999902        59685     10240.00
     435.967     0.999915        59685     11702.86
     444.159     0.999927        59686     13653.33
     495.359     0.999939        59687     16384.00
     495.359     0.999945        59687     18204.44
     504.575     0.999951        59688     20480.00
     504.575     0.999957        59688     23405.71
     504.575     0.999963        59688     27306.67
     509.439     0.999969        59689     32768.00
     509.439     0.999973        59689     36408.89
     509.439     0.999976        59689     40960.00
     509.439     0.999979        59689     46811.43
     509.439     0.999982        59689     54613.33
     536.575     0.999985        59690     65536.00
     536.575     1.000000        59690          inf
#[Mean    =       36.341, StdDeviation   =       37.471]
#[Max     =      536.064, Total count    =        59690]
#[Buckets =           27, SubBuckets     =         2048]
----------------------------------------------------------
  89034 requests in 30.00s, 36.82MB read
  Socket errors: connect 0, read 0, write 0, timeout 1
Requests/sec:   2967.66
Transfer/sec:      1.23MB
