Using argument nginx
using  args: threads=4 and connections=512 and duration=30 and requests=14000
Running 30s test @ http://10.10.1.4:5000
  4 threads and 512 connections
  Thread calibration: mean lat.: 3501.199ms, rate sampling interval: 13336ms
  Thread calibration: mean lat.: 3444.784ms, rate sampling interval: 12337ms
  Thread calibration: mean lat.: 3526.793ms, rate sampling interval: 13254ms
  Thread calibration: mean lat.: 3581.615ms, rate sampling interval: 13508ms
  Thread Stats   Avg      Stdev     99%   +/- Stdev
    Latency    14.69s     4.38s   22.48s    58.10%
    Req/Sec     0.88k     3.96     0.89k    50.00%
  Latency Distribution (HdrHistogram - Recorded Latency)
 50.000%   14.72s 
 75.000%   18.43s 
 90.000%   20.68s 
 99.000%   22.48s 
 99.900%   23.20s 
 99.990%   23.67s 
 99.999%   23.94s 
100.000%   23.94s 

  Detailed Percentile spectrum:
       Value   Percentile   TotalCount 1/(1-Percentile)

    5795.839     0.000000            1         1.00
    8658.943     0.100000         7087         1.11
   10117.119     0.200000        14101         1.25
   11673.599     0.300000        21155         1.43
   13189.119     0.400000        28223         1.67
   14721.023     0.500000        35282         2.00
   15499.263     0.550000        38809         2.22
   16293.887     0.600000        42331         2.50
   16973.823     0.650000        45838         2.86
   17711.103     0.700000        49396         3.33
   18431.999     0.750000        52926         4.00
   18792.447     0.775000        54648         4.44
   19169.279     0.800000        56418         5.00
   19546.111     0.825000        58163         5.71
   19922.943     0.850000        59974         6.67
   20299.775     0.875000        61724         8.00
   20479.999     0.887500        62590         8.89
   20676.607     0.900000        63469        10.00
   20873.215     0.912500        64386        11.43
   21053.439     0.925000        65207        13.33
   21266.431     0.937500        66087        16.00
   21381.119     0.943750        66541        17.78
   21495.807     0.950000        67011        20.00
   21610.495     0.956250        67466        22.86
   21708.799     0.962500        67854        26.67
   21839.871     0.968750        68298        32.00
   21905.407     0.971875        68513        35.56
   21987.327     0.975000        68733        40.00
   22069.247     0.978125        68967        45.71
   22151.167     0.981250        69169        53.33
   22249.471     0.984375        69408        64.00
   22298.623     0.985938        69522        71.11
   22364.159     0.987500        69629        80.00
   22429.695     0.989062        69728        91.43
   22495.231     0.990625        69838       106.67
   22577.151     0.992188        69945       128.00
   22626.303     0.992969        70001       142.22
   22675.455     0.993750        70059       160.00
   22724.607     0.994531        70122       182.86
   22773.759     0.995313        70174       213.33
   22822.911     0.996094        70217       256.00
   22855.679     0.996484        70250       284.44
   22888.447     0.996875        70277       320.00
   22921.215     0.997266        70303       365.71
   22970.367     0.997656        70330       426.67
   23035.903     0.998047        70356       512.00
   23052.287     0.998242        70368       568.89
   23085.055     0.998437        70382       640.00
   23117.823     0.998633        70398       731.43
   23166.975     0.998828        70411       853.33
   23199.743     0.999023        70427      1024.00
   23216.127     0.999121        70432      1137.78
   23232.511     0.999219        70438      1280.00
   23248.895     0.999316        70443      1462.86
   23314.431     0.999414        70451      1706.67
   23330.815     0.999512        70456      2048.00
   23347.199     0.999561        70461      2275.56
   23379.967     0.999609        70466      2560.00
   23379.967     0.999658        70466      2925.71
   23445.503     0.999707        70473      3413.33
   23445.503     0.999756        70473      4096.00
   23478.271     0.999780        70475      4551.11
   23543.807     0.999805        70477      5120.00
   23560.191     0.999829        70478      5851.43
   23592.959     0.999854        70480      6826.67
   23658.495     0.999878        70482      8192.00
   23674.879     0.999890        70483      9102.22
   23691.263     0.999902        70484     10240.00
   23691.263     0.999915        70484     11702.86
   23707.647     0.999927        70485     13653.33
   23789.567     0.999939        70486     16384.00
   23838.719     0.999945        70487     18204.44
   23838.719     0.999951        70487     20480.00
   23838.719     0.999957        70487     23405.71
   23871.487     0.999963        70488     27306.67
   23871.487     0.999969        70488     32768.00
   23937.023     0.999973        70490     36408.89
   23937.023     1.000000        70490          inf
#[Mean    =    14690.163, StdDeviation   =     4376.852]
#[Max     =    23920.640, Total count    =        70490]
#[Buckets =           27, SubBuckets     =         2048]
----------------------------------------------------------
  105725 requests in 30.03s, 43.86MB read
Requests/sec:   3520.78
Transfer/sec:      1.46MB
