Using argument nginx
using  args: threads=4 and connections=512 and duration=30 and requests=2000
Running 30s test @ http://10.10.1.4:8080/wrk2-api/user-timeline/read
  4 threads and 512 connections
  Thread calibration: mean lat.: 2.950ms, rate sampling interval: 10ms
  Thread calibration: mean lat.: 2.998ms, rate sampling interval: 10ms
  Thread calibration: mean lat.: 2.982ms, rate sampling interval: 10ms
  Thread calibration: mean lat.: 3.044ms, rate sampling interval: 10ms
  Thread Stats   Avg      Stdev     99%   +/- Stdev
    Latency     4.82ms   17.15ms  92.16ms   98.45%
    Req/Sec   525.95    252.02     1.22k    72.16%
  Latency Distribution (HdrHistogram - Recorded Latency)
 50.000%    2.65ms
 75.000%    3.18ms
 90.000%    4.18ms
 99.000%   92.16ms
 99.900%  224.64ms
 99.990%  320.00ms
 99.999%  341.25ms
100.000%  341.25ms

  Detailed Percentile spectrum:
       Value   Percentile   TotalCount 1/(1-Percentile)

       1.775     0.000000            1         1.00
       2.153     0.100000         3991         1.11
       2.287     0.200000         7967         1.25
       2.401     0.300000        11952         1.43
       2.521     0.400000        15922         1.67
       2.653     0.500000        19842         2.00
       2.729     0.550000        21853         2.22
       2.817     0.600000        23835         2.50
       2.913     0.650000        25799         2.86
       3.033     0.700000        27794         3.33
       3.183     0.750000        29774         4.00
       3.273     0.775000        30761         4.44
       3.383     0.800000        31748         5.00
       3.511     0.825000        32746         5.71
       3.667     0.850000        33735         6.67
       3.883     0.875000        34727         8.00
       4.019     0.887500        35221         8.89
       4.183     0.900000        35725        10.00
       4.379     0.912500        36221        11.43
       4.607     0.925000        36710        13.33
       4.927     0.937500        37204        16.00
       5.115     0.943750        37455        17.78
       5.351     0.950000        37701        20.00
       5.651     0.956250        37946        22.86
       6.071     0.962500        38194        26.67
       6.727     0.968750        38442        32.00
       7.251     0.971875        38567        35.56
       7.875     0.975000        38691        40.00
       8.839     0.978125        38814        45.71
      10.855     0.981250        38938        53.33
      20.831     0.984375        39062        64.00
      35.295     0.985938        39125        71.11
      53.855     0.987500        39186        80.00
      76.799     0.989062        39248        91.43
      99.007     0.990625        39310       106.67
     111.615     0.992188        39372       128.00
     118.143     0.992969        39403       142.22
     128.511     0.993750        39434       160.00
     143.359     0.994531        39465       182.86
     163.839     0.995313        39496       213.33
     178.303     0.996094        39527       256.00
     184.959     0.996484        39543       284.44
     189.439     0.996875        39558       320.00
     193.791     0.997266        39574       365.71
     197.247     0.997656        39589       426.67
     203.263     0.998047        39606       512.00
     204.927     0.998242        39613       568.89
     210.687     0.998437        39620       640.00
     214.783     0.998633        39628       731.43
     220.927     0.998828        39636       853.33
     226.815     0.999023        39644      1024.00
     233.471     0.999121        39648      1137.78
     236.287     0.999219        39651      1280.00
     240.767     0.999316        39655      1462.86
     249.855     0.999414        39659      1706.67
     264.447     0.999512        39663      2048.00
     267.007     0.999561        39665      2275.56
     271.359     0.999609        39667      2560.00
     278.271     0.999658        39669      2925.71
     283.135     0.999707        39671      3413.33
     299.519     0.999756        39673      4096.00
     301.055     0.999780        39674      4551.11
     303.103     0.999805        39675      5120.00
     310.271     0.999829        39676      5851.43
     311.807     0.999854        39677      6826.67
     319.999     0.999878        39678      8192.00
     319.999     0.999890        39678      9102.22
     327.167     0.999902        39679     10240.00
     327.167     0.999915        39679     11702.86
     337.151     0.999927        39680     13653.33
     337.151     0.999939        39680     16384.00
     337.151     0.999945        39680     18204.44
     340.479     0.999951        39681     20480.00
     340.479     0.999957        39681     23405.71
     340.479     0.999963        39681     27306.67
     340.479     0.999969        39681     32768.00
     340.479     0.999973        39681     36408.89
     341.247     0.999976        39682     40960.00
     341.247     1.000000        39682          inf
#[Mean    =        4.825, StdDeviation   =       17.153]
#[Max     =      340.992, Total count    =        39682]
#[Buckets =           27, SubBuckets     =         2048]
----------------------------------------------------------
  59183 requests in 30.00s, 10.39MB read
  Socket errors: connect 0, read 0, write 0, timeout 9
Requests/sec:   1972.80
Transfer/sec:    354.49KB
