Using argument nginx
using  args: threads=4 and connections=512 and duration=30 and requests=5000
Running 30s test @ http://10.10.1.4:8080
  4 threads and 512 connections
  Thread calibration: mean lat.: 1.284ms, rate sampling interval: 10ms
  Thread calibration: mean lat.: 1.164ms, rate sampling interval: 10ms
  Thread calibration: mean lat.: 1.258ms, rate sampling interval: 10ms
  Thread calibration: mean lat.: 1.233ms, rate sampling interval: 10ms
  Thread Stats   Avg      Stdev     99%   +/- Stdev
    Latency   846.96us  657.32us   2.80ms   89.92%
    Req/Sec     1.32k   371.86     2.30k    68.02%
  Latency Distribution (HdrHistogram - Recorded Latency)
 50.000%  651.00us
 75.000%  824.00us
 90.000%    1.77ms
 99.000%    2.80ms
 99.900%    4.52ms
 99.990%   16.42ms
 99.999%   16.74ms
100.000%   16.78ms

  Detailed Percentile spectrum:
       Value   Percentile   TotalCount 1/(1-Percentile)

       0.351     0.000000            1         1.00
       0.510     0.100000        10030         1.11
       0.542     0.200000        20013         1.25
       0.571     0.300000        30122         1.43
       0.603     0.400000        39931         1.67
       0.651     0.500000        49933         2.00
       0.689     0.550000        54908         2.22
       0.729     0.600000        59879         2.50
       0.763     0.650000        64948         2.86
       0.793     0.700000        69891         3.33
       0.824     0.750000        74876         4.00
       0.842     0.775000        77296         4.44
       0.863     0.800000        79763         5.00
       0.890     0.825000        82245         5.71
       0.930     0.850000        84752         6.67
       0.997     0.875000        87216         8.00
       1.082     0.887500        88467         8.89
       1.767     0.900000        89705        10.00
       2.020     0.912500        90952        11.43
       2.121     0.925000        92208        13.33
       2.205     0.937500        93442        16.00
       2.253     0.943750        94086        17.78
       2.297     0.950000        94695        20.00
       2.343     0.956250        95322        22.86
       2.395     0.962500        95954        26.67
       2.453     0.968750        96559        32.00
       2.487     0.971875        96878        35.56
       2.521     0.975000        97181        40.00
       2.557     0.978125        97490        45.71
       2.605     0.981250        97811        53.33
       2.663     0.984375        98116        64.00
       2.691     0.985938        98270        71.11
       2.725     0.987500        98425        80.00
       2.765     0.989062        98584        91.43
       2.817     0.990625        98741       106.67
       2.867     0.992188        98894       128.00
       2.913     0.992969        98971       142.22
       2.955     0.993750        99049       160.00
       3.003     0.994531        99126       182.86
       3.061     0.995313        99203       213.33
       3.143     0.996094        99282       256.00
       3.201     0.996484        99321       284.44
       3.259     0.996875        99359       320.00
       3.341     0.997266        99399       365.71
       3.419     0.997656        99438       426.67
       3.541     0.998047        99476       512.00
       3.641     0.998242        99495       568.89
       3.753     0.998437        99515       640.00
       3.919     0.998633        99534       731.43
       4.215     0.998828        99554       853.33
       4.663     0.999023        99574      1024.00
       4.763     0.999121        99583      1137.78
       5.539     0.999219        99593      1280.00
       6.795     0.999316        99602      1462.86
      12.447     0.999414        99612      1706.67
      15.703     0.999512        99622      2048.00
      15.759     0.999561        99627      2275.56
      15.847     0.999609        99632      2560.00
      15.879     0.999658        99636      2925.71
      15.927     0.999707        99641      3413.33
      16.055     0.999756        99646      4096.00
      16.135     0.999780        99649      4551.11
      16.159     0.999805        99651      5120.00
      16.183     0.999829        99654      5851.43
      16.279     0.999854        99656      6826.67
      16.343     0.999878        99658      8192.00
      16.415     0.999890        99660      9102.22
      16.447     0.999902        99661     10240.00
      16.495     0.999915        99662     11702.86
      16.543     0.999927        99663     13653.33
      16.559     0.999939        99664     16384.00
      16.623     0.999945        99666     18204.44
      16.623     0.999951        99666     20480.00
      16.623     0.999957        99666     23405.71
      16.687     0.999963        99668     27306.67
      16.687     0.999969        99668     32768.00
      16.687     0.999973        99668     36408.89
      16.687     0.999976        99668     40960.00
      16.687     0.999979        99668     46811.43
      16.735     0.999982        99669     54613.33
      16.735     0.999985        99669     65536.00
      16.735     0.999986        99669     72817.78
      16.735     0.999988        99669     81920.00
      16.735     0.999989        99669     93622.86
      16.783     0.999991        99670    109226.67
      16.783     1.000000        99670          inf
#[Mean    =        0.847, StdDeviation   =        0.657]
#[Max     =       16.768, Total count    =        99670]
#[Buckets =           27, SubBuckets     =         2048]
----------------------------------------------------------
  149792 requests in 30.00s, 28.65MB read
Requests/sec:   4993.02
Transfer/sec:      0.96MB
