Using argument nginx
using  args: threads=4 and connections=512 and duration=30 and requests=14000
Running 30s test @ http://10.10.1.4:5000
  4 threads and 512 connections
  Thread calibration: mean lat.: 3423.394ms, rate sampling interval: 12189ms
  Thread calibration: mean lat.: 3363.481ms, rate sampling interval: 12230ms
  Thread calibration: mean lat.: 3371.830ms, rate sampling interval: 12181ms
  Thread calibration: mean lat.: 3377.058ms, rate sampling interval: 12140ms
  Thread Stats   Avg      Stdev     99%   +/- Stdev
    Latency    13.42s     3.92s   20.61s    58.42%
    Req/Sec     1.16k    12.34     1.18k    75.00%
  Latency Distribution (HdrHistogram - Recorded Latency)
 50.000%   13.45s 
 75.000%   16.74s 
 90.000%   18.81s 
 99.000%   20.61s 
 99.900%   21.40s 
 99.990%   21.89s 
 99.999%   22.18s 
100.000%   22.23s 

  Detailed Percentile spectrum:
       Value   Percentile   TotalCount 1/(1-Percentile)

    5206.015     0.000000            2         1.00
    8015.871     0.100000         9126         1.11
    9371.647     0.200000        18246         1.25
   10747.903     0.300000        27383         1.43
   12107.775     0.400000        36514         1.67
   13451.263     0.500000        45603         2.00
   14082.047     0.550000        50170         2.22
   14712.831     0.600000        54738         2.50
   15376.383     0.650000        59321         2.86
   16048.127     0.700000        63841         3.33
   16736.255     0.750000        68417         4.00
   17088.511     0.775000        70689         4.44
   17432.575     0.800000        72975         5.00
   17776.639     0.825000        75338         5.71
   18104.319     0.850000        77568         6.67
   18448.383     0.875000        79814         8.00
   18628.607     0.887500        81003         8.89
   18808.831     0.900000        82149        10.00
   18989.055     0.912500        83284        11.43
   19169.279     0.925000        84410        13.33
   19365.887     0.937500        85563        16.00
   19464.191     0.943750        86083        17.78
   19578.879     0.950000        86646        20.00
   19693.567     0.956250        87209        22.86
   19824.639     0.962500        87809        26.67
   19972.095     0.968750        88394        32.00
   20037.631     0.971875        88656        35.56
   20119.551     0.975000        88958        40.00
   20201.471     0.978125        89250        45.71
   20283.391     0.981250        89497        53.33
   20381.695     0.984375        89773        64.00
   20447.231     0.985938        89944        71.11
   20496.383     0.987500        90057        80.00
   20578.303     0.989062        90211        91.43
   20643.839     0.990625        90345       106.67
   20725.759     0.992188        90489       128.00
   20774.911     0.992969        90567       142.22
   20807.679     0.993750        90622       160.00
   20856.831     0.994531        90692       182.86
   20922.367     0.995313        90774       213.33
   20987.903     0.996094        90845       256.00
   21020.671     0.996484        90876       284.44
   21053.439     0.996875        90904       320.00
   21102.591     0.997266        90942       365.71
   21151.743     0.997656        90973       426.67
   21217.279     0.998047        91011       512.00
   21250.047     0.998242        91028       568.89
   21299.199     0.998437        91050       640.00
   21331.967     0.998633        91064       731.43
   21364.735     0.998828        91080       853.33
   21397.503     0.999023        91100      1024.00
   21430.271     0.999121        91107      1137.78
   21446.655     0.999219        91115      1280.00
   21495.807     0.999316        91125      1462.86
   21544.959     0.999414        91133      1706.67
   21577.727     0.999512        91141      2048.00
   21594.111     0.999561        91146      2275.56
   21643.263     0.999609        91151      2560.00
   21659.647     0.999658        91157      2925.71
   21692.415     0.999707        91160      3413.33
   21757.951     0.999756        91163      4096.00
   21774.335     0.999780        91165      4551.11
   21807.103     0.999805        91170      5120.00
   21807.103     0.999829        91170      5851.43
   21839.871     0.999854        91172      6826.67
   21872.639     0.999878        91175      8192.00
   21872.639     0.999890        91175      9102.22
   21938.175     0.999902        91177     10240.00
   22020.095     0.999915        91179     11702.86
   22020.095     0.999927        91179     13653.33
   22085.631     0.999939        91180     16384.00
   22085.631     0.999945        91180     18204.44
   22134.783     0.999951        91182     20480.00
   22134.783     0.999957        91182     23405.71
   22134.783     0.999963        91182     27306.67
   22167.551     0.999969        91183     32768.00
   22167.551     0.999973        91183     36408.89
   22167.551     0.999976        91183     40960.00
   22183.935     0.999979        91184     46811.43
   22183.935     0.999982        91184     54613.33
   22183.935     0.999985        91184     65536.00
   22183.935     0.999986        91184     72817.78
   22183.935     0.999988        91184     81920.00
   22233.087     0.999989        91185     93622.86
   22233.087     1.000000        91185          inf
#[Mean    =    13423.354, StdDeviation   =     3923.061]
#[Max     =    22216.704, Total count    =        91185]
#[Buckets =           27, SubBuckets     =         2048]
----------------------------------------------------------
  136675 requests in 30.02s, 56.67MB read
Requests/sec:   4553.31
Transfer/sec:      1.89MB
