Using argument nginx
using  args: threads=4 and connections=512 and duration=30 and requests=18000
Running 30s test @ http://10.10.1.2:5000
  4 threads and 512 connections
  Thread calibration: mean lat.: 4315.726ms, rate sampling interval: 15327ms
  Thread calibration: mean lat.: 4259.656ms, rate sampling interval: 15392ms
  Thread calibration: mean lat.: 4271.353ms, rate sampling interval: 15384ms
  Thread calibration: mean lat.: 4318.081ms, rate sampling interval: 15548ms
  Thread Stats   Avg      Stdev     99%   +/- Stdev
    Latency    17.23s     4.95s   25.85s    58.25%
    Req/Sec   628.75      5.12   637.00     75.00%
  Latency Distribution (HdrHistogram - Recorded Latency)
 50.000%   17.25s 
 75.000%   21.48s 
 90.000%   24.08s 
 99.000%   25.85s 
 99.900%   26.38s 
 99.990%   26.61s 
 99.999%   26.77s 
100.000%   26.77s 

  Detailed Percentile spectrum:
       Value   Percentile   TotalCount 1/(1-Percentile)

    7766.015     0.000000            1         1.00
   10354.687     0.100000         4989         1.11
   12156.927     0.200000         9968         1.25
   13803.519     0.300000        14920         1.43
   15532.031     0.400000        19907         1.67
   17252.351     0.500000        24862         2.00
   18087.935     0.550000        27387         2.22
   18907.135     0.600000        29861         2.50
   19742.719     0.650000        32314         2.86
   20594.687     0.700000        34798         3.33
   21479.423     0.750000        37298         4.00
   21889.023     0.775000        38539         4.44
   22364.159     0.800000        39801         5.00
   22806.527     0.825000        41027         5.71
   23248.895     0.850000        42271         6.67
   23658.495     0.875000        43509         8.00
   23887.871     0.887500        44144         8.89
   24084.479     0.900000        44746        10.00
   24313.855     0.912500        45389        11.43
   24526.847     0.925000        45979        13.33
   24756.223     0.937500        46648        16.00
   24854.527     0.943750        46910        17.78
   24985.599     0.950000        47252        20.00
   25083.903     0.956250        47552        22.86
   25182.207     0.962500        47857        26.67
   25296.895     0.968750        48152        32.00
   25362.431     0.971875        48308        35.56
   25444.351     0.975000        48475        40.00
   25526.271     0.978125        48647        45.71
   25608.191     0.981250        48796        53.33
   25690.111     0.984375        48956        64.00
   25722.879     0.985938        49023        71.11
   25772.031     0.987500        49092        80.00
   25821.183     0.989062        49170        91.43
   25870.335     0.990625        49247       106.67
   25935.871     0.992188        49334       128.00
   25968.639     0.992969        49381       142.22
   25985.023     0.993750        49405       160.00
   26017.791     0.994531        49442       182.86
   26050.559     0.995313        49477       213.33
   26083.327     0.996094        49513       256.00
   26132.479     0.996484        49543       284.44
   26148.863     0.996875        49550       320.00
   26181.631     0.997266        49578       365.71
   26214.399     0.997656        49594       426.67
   26263.551     0.998047        49613       512.00
   26279.935     0.998242        49620       568.89
   26296.319     0.998437        49629       640.00
   26312.703     0.998633        49640       731.43
   26345.471     0.998828        49651       853.33
   26378.239     0.999023        49659      1024.00
   26411.007     0.999121        49668      1137.78
   26411.007     0.999219        49668      1280.00
   26427.391     0.999316        49672      1462.86
   26443.775     0.999414        49676      1706.67
   26492.927     0.999512        49683      2048.00
   26509.311     0.999561        49686      2275.56
   26509.311     0.999609        49686      2560.00
   26542.079     0.999658        49690      2925.71
   26558.463     0.999707        49693      3413.33
   26558.463     0.999756        49693      4096.00
   26574.847     0.999780        49695      4551.11
   26591.231     0.999805        49698      5120.00
   26591.231     0.999829        49698      5851.43
   26591.231     0.999854        49698      6826.67
   26607.615     0.999878        49700      8192.00
   26607.615     0.999890        49700      9102.22
   26640.383     0.999902        49701     10240.00
   26640.383     0.999915        49701     11702.86
   26673.151     0.999927        49703     13653.33
   26673.151     0.999939        49703     16384.00
   26673.151     0.999945        49703     18204.44
   26673.151     0.999951        49703     20480.00
   26673.151     0.999957        49703     23405.71
   26689.535     0.999963        49704     27306.67
   26689.535     0.999969        49704     32768.00
   26689.535     0.999973        49704     36408.89
   26689.535     0.999976        49704     40960.00
   26689.535     0.999979        49704     46811.43
   26771.455     0.999982        49705     54613.33
   26771.455     1.000000        49705          inf
#[Mean    =    17233.487, StdDeviation   =     4946.291]
#[Max     =    26755.072, Total count    =        49705]
#[Buckets =           27, SubBuckets     =         2048]
----------------------------------------------------------
  74304 requests in 30.07s, 30.59MB read
Requests/sec:   2470.72
Transfer/sec:      1.02MB
