Using argument nginx
using  args: threads=4 and connections=512 and duration=30 and requests=6000
Running 30s test @ http://10.10.1.2:8080/wrk2-api/user-timeline/read
  4 threads and 512 connections
  Thread calibration: mean lat.: 3075.628ms, rate sampling interval: 11583ms
  Thread calibration: mean lat.: 3114.152ms, rate sampling interval: 11788ms
  Thread calibration: mean lat.: 3085.886ms, rate sampling interval: 11739ms
  Thread calibration: mean lat.: 3137.649ms, rate sampling interval: 11059ms
  Thread Stats   Avg      Stdev     99%   +/- Stdev
    Latency    12.97s     3.93s   20.33s    58.83%
    Req/Sec   495.50      2.18   498.00     75.00%
  Latency Distribution (HdrHistogram - Recorded Latency)
 50.000%   12.92s 
 75.000%   16.29s 
 90.000%   18.38s 
 99.000%   20.33s 
 99.900%   21.20s 
 99.990%   21.89s 
 99.999%   22.07s 
100.000%   22.07s 

  Detailed Percentile spectrum:
       Value   Percentile   TotalCount 1/(1-Percentile)

    4575.231     0.000000            1         1.00
    7663.615     0.100000         3909         1.11
    8945.663     0.200000         7816         1.25
   10256.383     0.300000        11722         1.43
   11591.679     0.400000        15631         1.67
   12918.783     0.500000        19539         2.00
   13590.527     0.550000        21483         2.22
   14245.887     0.600000        23437         2.50
   14925.823     0.650000        25405         2.86
   15605.759     0.700000        27346         3.33
   16285.695     0.750000        29310         4.00
   16621.567     0.775000        30280         4.44
   16957.439     0.800000        31265         5.00
   17301.503     0.825000        32238         5.71
   17645.567     0.850000        33211         6.67
   18006.015     0.875000        34185         8.00
   18202.623     0.887500        34692         8.89
   18382.847     0.900000        35172        10.00
   18579.455     0.912500        35674        11.43
   18776.063     0.925000        36156        13.33
   18989.055     0.937500        36631        16.00
   19103.743     0.943750        36890        17.78
   19218.431     0.950000        37116        20.00
   19333.119     0.956250        37361        22.86
   19480.575     0.962500        37620        26.67
   19628.031     0.968750        37855        32.00
   19693.567     0.971875        37968        35.56
   19791.871     0.975000        38094        40.00
   19890.175     0.978125        38226        45.71
   19972.095     0.981250        38337        53.33
   20086.783     0.984375        38463        64.00
   20135.935     0.985938        38521        71.11
   20201.471     0.987500        38587        80.00
   20267.007     0.989062        38640        91.43
   20365.311     0.990625        38712       106.67
   20430.847     0.992188        38763       128.00
   20479.999     0.992969        38801       142.22
   20512.767     0.993750        38817       160.00
   20561.919     0.994531        38847       182.86
   20627.455     0.995313        38880       213.33
   20692.991     0.996094        38909       256.00
   20725.759     0.996484        38923       284.44
   20774.911     0.996875        38938       320.00
   20840.447     0.997266        38957       365.71
   20889.599     0.997656        38969       426.67
   20987.903     0.998047        38987       512.00
   21020.671     0.998242        38995       568.89
   21037.055     0.998437        38999       640.00
   21086.207     0.998633        39007       731.43
   21184.511     0.998828        39019       853.33
   21200.895     0.999023        39022      1024.00
   21233.663     0.999121        39027      1137.78
   21266.431     0.999219        39031      1280.00
   21315.583     0.999316        39034      1462.86
   21381.119     0.999414        39038      1706.67
   21430.271     0.999512        39041      2048.00
   21544.959     0.999561        39044      2275.56
   21594.111     0.999609        39045      2560.00
   21610.495     0.999658        39048      2925.71
   21626.879     0.999707        39049      3413.33
   21692.415     0.999756        39051      4096.00
   21741.567     0.999780        39053      4551.11
   21741.567     0.999805        39053      5120.00
   21790.719     0.999829        39054      5851.43
   21823.487     0.999854        39055      6826.67
   21889.023     0.999878        39056      8192.00
   21889.023     0.999890        39056      9102.22
   21905.407     0.999902        39057     10240.00
   21905.407     0.999915        39057     11702.86
   21954.559     0.999927        39058     13653.33
   21954.559     0.999939        39058     16384.00
   21954.559     0.999945        39058     18204.44
   22020.095     0.999951        39059     20480.00
   22020.095     0.999957        39059     23405.71
   22020.095     0.999963        39059     27306.67
   22020.095     0.999969        39059     32768.00
   22020.095     0.999973        39059     36408.89
   22069.247     0.999976        39060     40960.00
   22069.247     1.000000        39060          inf
#[Mean    =    12972.494, StdDeviation   =     3928.457]
#[Max     =    22052.864, Total count    =        39060]
#[Buckets =           27, SubBuckets     =         2048]
----------------------------------------------------------
  59402 requests in 30.00s, 10.42MB read
Requests/sec:   1980.11
Transfer/sec:    355.80KB
