Using argument nginx
using  args: threads=4 and connections=1024 and duration=30 and requests=1500
Running 30s test @ http://10.10.1.6:8080
  4 threads and 1024 connections
  Thread calibration: mean lat.: 3.097ms, rate sampling interval: 10ms
  Thread calibration: mean lat.: 3.156ms, rate sampling interval: 10ms
  Thread calibration: mean lat.: 3.017ms, rate sampling interval: 10ms
  Thread calibration: mean lat.: 3.075ms, rate sampling interval: 10ms
  Thread Stats   Avg      Stdev     99%   +/- Stdev
    Latency     3.17ms    1.56ms   6.73ms   61.89%
    Req/Sec   391.16    207.82     0.90k    69.42%
  Latency Distribution (HdrHistogram - Recorded Latency)
 50.000%    3.61ms
 75.000%    4.24ms
 90.000%    4.84ms
 99.000%    6.73ms
 99.900%    8.80ms
 99.990%   10.94ms
 99.999%   11.21ms
100.000%   11.21ms

  Detailed Percentile spectrum:
       Value   Percentile   TotalCount 1/(1-Percentile)

       0.473     0.000000            1         1.00
       0.936     0.100000         2935         1.11
       1.089     0.200000         5869         1.25
       2.321     0.300000         8802         1.43
       3.251     0.400000        11730         1.67
       3.613     0.500000        14664         2.00
       3.723     0.550000        16147         2.22
       3.837     0.600000        17592         2.50
       3.957     0.650000        19063         2.86
       4.093     0.700000        20543         3.33
       4.235     0.750000        21999         4.00
       4.311     0.775000        22722         4.44
       4.395     0.800000        23464         5.00
       4.483     0.825000        24208         5.71
       4.583     0.850000        24927         6.67
       4.699     0.875000        25655         8.00
       4.767     0.887500        26044         8.89
       4.839     0.900000        26403        10.00
       4.931     0.912500        26755        11.43
       5.051     0.925000        27138        13.33
       5.175     0.937500        27487        16.00
       5.271     0.943750        27670        17.78
       5.371     0.950000        27858        20.00
       5.483     0.956250        28037        22.86
       5.603     0.962500        28226        26.67
       5.727     0.968750        28402        32.00
       5.819     0.971875        28494        35.56
       5.919     0.975000        28586        40.00
       6.035     0.978125        28678        45.71
       6.163     0.981250        28771        53.33
       6.343     0.984375        28862        64.00
       6.427     0.985938        28906        71.11
       6.535     0.987500        28953        80.00
       6.663     0.989062        29000        91.43
       6.823     0.990625        29044       106.67
       6.987     0.992188        29089       128.00
       7.067     0.992969        29112       142.22
       7.163     0.993750        29136       160.00
       7.243     0.994531        29158       182.86
       7.371     0.995313        29181       213.33
       7.495     0.996094        29204       256.00
       7.599     0.996484        29215       284.44
       7.679     0.996875        29227       320.00
       7.743     0.997266        29239       365.71
       7.955     0.997656        29250       426.67
       8.175     0.998047        29261       512.00
       8.255     0.998242        29267       568.89
       8.391     0.998437        29273       640.00
       8.479     0.998633        29278       731.43
       8.647     0.998828        29284       853.33
       8.831     0.999023        29290      1024.00
       8.903     0.999121        29293      1137.78
       9.055     0.999219        29296      1280.00
       9.207     0.999316        29298      1462.86
       9.431     0.999414        29302      1706.67
       9.487     0.999512        29304      2048.00
       9.591     0.999561        29306      2275.56
       9.623     0.999609        29307      2560.00
       9.695     0.999658        29308      2925.71
       9.951     0.999707        29310      3413.33
      10.143     0.999756        29311      4096.00
      10.271     0.999780        29312      4551.11
      10.527     0.999805        29313      5120.00
      10.527     0.999829        29313      5851.43
      10.535     0.999854        29314      6826.67
      10.935     0.999878        29315      8192.00
      10.935     0.999890        29315      9102.22
      10.951     0.999902        29316     10240.00
      10.951     0.999915        29316     11702.86
      10.951     0.999927        29316     13653.33
      10.959     0.999939        29317     16384.00
      10.959     0.999945        29317     18204.44
      10.959     0.999951        29317     20480.00
      10.959     0.999957        29317     23405.71
      10.959     0.999963        29317     27306.67
      11.207     0.999969        29318     32768.00
      11.207     1.000000        29318          inf
#[Mean    =        3.173, StdDeviation   =        1.557]
#[Max     =       11.200, Total count    =        29318]
#[Buckets =           27, SubBuckets     =         2048]
----------------------------------------------------------
  43351 requests in 30.00s, 361.42MB read
  Socket errors: connect 7, read 0, write 0, timeout 929
Requests/sec:   1444.97
Transfer/sec:     12.05MB
