Using argument nginx
using  args: threads=4 and connections=512 and duration=30 and requests=12000
Running 30s test @ http://10.10.1.6:5000
  4 threads and 512 connections
  Thread calibration: mean lat.: 9.272ms, rate sampling interval: 32ms
  Thread calibration: mean lat.: 9.136ms, rate sampling interval: 32ms
  Thread calibration: mean lat.: 8.628ms, rate sampling interval: 31ms
  Thread calibration: mean lat.: 9.477ms, rate sampling interval: 32ms
  Thread Stats   Avg      Stdev     99%   +/- Stdev
    Latency     7.99ms    5.96ms  28.96ms   82.93%
    Req/Sec     3.06k   387.24     4.03k    70.24%
  Latency Distribution (HdrHistogram - Recorded Latency)
 50.000%    6.71ms
 75.000%   10.14ms
 90.000%   14.43ms
 99.000%   28.96ms
 99.900%   58.81ms
 99.990%   96.45ms
 99.999%  120.06ms
100.000%  123.01ms

  Detailed Percentile spectrum:
       Value   Percentile   TotalCount 1/(1-Percentile)

       0.369     0.000000            1         1.00
       2.557     0.100000        23949         1.11
       3.699     0.200000        47924         1.25
       4.691     0.300000        71920         1.43
       5.671     0.400000        95863         1.67
       6.711     0.500000       119804         2.00
       7.275     0.550000       131683         2.22
       7.879     0.600000       143694         2.50
       8.535     0.650000       155721         2.86
       9.271     0.700000       167596         3.33
      10.143     0.750000       179573         4.00
      10.631     0.775000       185615         4.44
      11.175     0.800000       191609         5.00
      11.807     0.825000       197539         5.71
      12.527     0.850000       203561         6.67
      13.375     0.875000       209517         8.00
      13.863     0.887500       212507         8.89
      14.431     0.900000       215486        10.00
      15.103     0.912500       218493        11.43
      15.879     0.925000       221471        13.33
      16.847     0.937500       224471        16.00
      17.423     0.943750       225994        17.78
      18.063     0.950000       227453        20.00
      18.815     0.956250       228956        22.86
      19.695     0.962500       230455        26.67
      20.831     0.968750       231938        32.00
      21.535     0.971875       232702        35.56
      22.319     0.975000       233444        40.00
      23.167     0.978125       234182        45.71
      24.239     0.981250       234929        53.33
      25.519     0.984375       235680        64.00
      26.287     0.985938       236056        71.11
      27.215     0.987500       236428        80.00
      28.271     0.989062       236801        91.43
      29.535     0.990625       237174       106.67
      31.023     0.992188       237550       128.00
      32.063     0.992969       237738       142.22
      33.343     0.993750       237923       160.00
      34.751     0.994531       238113       182.86
      36.607     0.995313       238298       213.33
      38.495     0.996094       238483       256.00
      39.999     0.996484       238578       284.44
      41.311     0.996875       238674       320.00
      43.135     0.997266       238764       365.71
      45.087     0.997656       238857       426.67
      47.935     0.998047       238953       512.00
      49.983     0.998242       238998       568.89
      51.871     0.998437       239044       640.00
      54.239     0.998633       239091       731.43
      56.127     0.998828       239138       853.33
      59.583     0.999023       239185      1024.00
      60.991     0.999121       239208      1137.78
      63.295     0.999219       239231      1280.00
      64.991     0.999316       239255      1462.86
      67.327     0.999414       239280      1706.67
      69.887     0.999512       239302      2048.00
      71.743     0.999561       239313      2275.56
      73.663     0.999609       239326      2560.00
      75.711     0.999658       239337      2925.71
      78.655     0.999707       239349      3413.33
      81.151     0.999756       239360      4096.00
      83.071     0.999780       239366      4551.11
      84.415     0.999805       239372      5120.00
      86.463     0.999829       239378      5851.43
      90.367     0.999854       239383      6826.67
      92.991     0.999878       239389      8192.00
      94.975     0.999890       239392      9102.22
      96.767     0.999902       239395     10240.00
      97.663     0.999915       239398     11702.86
     100.031     0.999927       239401     13653.33
     104.255     0.999939       239404     16384.00
     104.447     0.999945       239405     18204.44
     108.415     0.999951       239407     20480.00
     109.247     0.999957       239408     23405.71
     110.079     0.999963       239410     27306.67
     110.527     0.999969       239411     32768.00
     110.847     0.999973       239412     36408.89
     114.687     0.999976       239413     40960.00
     114.687     0.999979       239413     46811.43
     117.055     0.999982       239414     54613.33
     117.887     0.999985       239415     65536.00
     117.887     0.999986       239415     72817.78
     120.063     0.999988       239416     81920.00
     120.063     0.999989       239416     93622.86
     120.063     0.999991       239416    109226.67
     120.383     0.999992       239417    131072.00
     120.383     0.999993       239417    145635.56
     120.383     0.999994       239417    163840.00
     120.383     0.999995       239417    187245.71
     120.383     0.999995       239417    218453.33
     123.007     0.999996       239418    262144.00
     123.007     1.000000       239418          inf
#[Mean    =        7.991, StdDeviation   =        5.957]
#[Max     =      122.944, Total count    =       239418]
#[Buckets =           27, SubBuckets     =         2048]
----------------------------------------------------------
  357449 requests in 30.00s, 147.86MB read
Requests/sec:  11915.26
Transfer/sec:      4.93MB
