Using argument nginx
using  args: threads=4 and connections=512 and duration=30 and requests=5000
Running 30s test @ http://10.10.1.8:8080/wrk2-api/user-timeline/read
  4 threads and 512 connections
  Thread calibration: mean lat.: 25.458ms, rate sampling interval: 145ms
  Thread calibration: mean lat.: 21.378ms, rate sampling interval: 118ms
  Thread calibration: mean lat.: 21.172ms, rate sampling interval: 120ms
  Thread calibration: mean lat.: 22.247ms, rate sampling interval: 132ms
  Thread Stats   Avg      Stdev     99%   +/- Stdev
    Latency     8.75ms   21.57ms  71.55ms   96.57%
    Req/Sec     1.26k   128.14     1.61k    75.00%
  Latency Distribution (HdrHistogram - Recorded Latency)
 50.000%    5.20ms
 75.000%    7.14ms
 90.000%   11.15ms
 99.000%   71.55ms
 99.900%  350.98ms
 99.990%  663.55ms
 99.999%  893.44ms
100.000%  930.82ms

  Detailed Percentile spectrum:
       Value   Percentile   TotalCount 1/(1-Percentile)

       2.567     0.000000            1         1.00
       3.711     0.100000         9996         1.11
       4.057     0.200000        19958         1.25
       4.391     0.300000        29976         1.43
       4.759     0.400000        39846         1.67
       5.199     0.500000        49796         2.00
       5.475     0.550000        54813         2.22
       5.775     0.600000        59792         2.50
       6.143     0.650000        64759         2.86
       6.579     0.700000        69709         3.33
       7.135     0.750000        74684         4.00
       7.475     0.775000        77162         4.44
       7.883     0.800000        79641         5.00
       8.359     0.825000        82137         5.71
       8.959     0.850000        84615         6.67
       9.823     0.875000        87118         8.00
      10.391     0.887500        88348         8.89
      11.151     0.900000        89601        10.00
      12.135     0.912500        90843        11.43
      13.727     0.925000        92081        13.33
      16.199     0.937500        93330        16.00
      18.191     0.943750        93952        17.78
      20.591     0.950000        94574        20.00
      23.759     0.956250        95192        22.86
      27.791     0.962500        95817        26.67
      32.655     0.968750        96439        32.00
      35.487     0.971875        96749        35.56
      38.975     0.975000        97062        40.00
      43.295     0.978125        97370        45.71
      48.543     0.981250        97681        53.33
      54.783     0.984375        97992        64.00
      58.335     0.985938        98148        71.11
      62.527     0.987500        98304        80.00
      68.287     0.989062        98462        91.43
      74.047     0.990625        98616       106.67
      81.663     0.992188        98770       128.00
      87.167     0.992969        98848       142.22
      92.735     0.993750        98925       160.00
     101.951     0.994531        99003       182.86
     113.471     0.995313        99082       213.33
     127.807     0.996094        99159       256.00
     139.391     0.996484        99198       284.44
     151.935     0.996875        99236       320.00
     171.391     0.997266        99275       365.71
     194.815     0.997656        99314       426.67
     227.711     0.998047        99353       512.00
     250.239     0.998242        99373       568.89
     271.103     0.998437        99392       640.00
     298.751     0.998633        99412       731.43
     328.191     0.998828        99431       853.33
     357.119     0.999023        99451      1024.00
     371.455     0.999121        99461      1137.78
     383.999     0.999219        99470      1280.00
     399.871     0.999316        99479      1462.86
     417.023     0.999414        99489      1706.67
     451.071     0.999512        99499      2048.00
     475.391     0.999561        99504      2275.56
     492.031     0.999609        99509      2560.00
     507.391     0.999658        99513      2925.71
     540.159     0.999707        99518      3413.33
     557.055     0.999756        99523      4096.00
     587.263     0.999780        99526      4551.11
     606.207     0.999805        99528      5120.00
     628.735     0.999829        99531      5851.43
     645.119     0.999854        99533      6826.67
     653.311     0.999878        99535      8192.00
     663.551     0.999890        99537      9102.22
     666.623     0.999902        99538     10240.00
     671.743     0.999915        99539     11702.86
     676.351     0.999927        99540     13653.33
     680.959     0.999939        99541     16384.00
     687.103     0.999945        99542     18204.44
     693.759     0.999951        99543     20480.00
     693.759     0.999957        99543     23405.71
     707.071     0.999963        99544     27306.67
     707.071     0.999969        99544     32768.00
     741.887     0.999973        99545     36408.89
     741.887     0.999976        99545     40960.00
     741.887     0.999979        99545     46811.43
     893.439     0.999982        99546     54613.33
     893.439     0.999985        99546     65536.00
     893.439     0.999986        99546     72817.78
     893.439     0.999988        99546     81920.00
     893.439     0.999989        99546     93622.86
     930.815     0.999991        99547    109226.67
     930.815     1.000000        99547          inf
#[Mean    =        8.754, StdDeviation   =       21.566]
#[Max     =      930.304, Total count    =        99547]
#[Buckets =           27, SubBuckets     =         2048]
----------------------------------------------------------
  149651 requests in 30.00s, 26.26MB read
  Non-2xx or 3xx responses: 3
Requests/sec:   4988.00
Transfer/sec:      0.88MB
