Using argument nginx
using  args: threads=4 and connections=512 and duration=30 and requests=20000
Running 30s test @ http://10.10.1.6:5000
  4 threads and 512 connections
  Thread calibration: mean lat.: 1019.210ms, rate sampling interval: 4083ms
  Thread calibration: mean lat.: 989.515ms, rate sampling interval: 3944ms
  Thread calibration: mean lat.: 1014.669ms, rate sampling interval: 4061ms
  Thread calibration: mean lat.: 1057.820ms, rate sampling interval: 3942ms
  Thread Stats   Avg      Stdev     99%   +/- Stdev
    Latency     4.34s     1.39s    7.35s    63.60%
    Req/Sec     3.93k    46.08     3.98k    66.67%
  Latency Distribution (HdrHistogram - Recorded Latency)
 50.000%    4.31s 
 75.000%    5.37s 
 90.000%    6.21s 
 99.000%    7.35s 
 99.900%    8.09s 
 99.990%    8.45s 
 99.999%    8.56s 
100.000%    8.66s 

  Detailed Percentile spectrum:
       Value   Percentile   TotalCount 1/(1-Percentile)

     438.527     0.000000            1         1.00
    2510.847     0.100000        31256         1.11
    3008.511     0.200000        62512         1.25
    3463.167     0.300000        93645         1.43
    3885.055     0.400000       124828         1.67
    4313.087     0.500000       156027         2.00
    4530.175     0.550000       171666         2.22
    4739.071     0.600000       187282         2.50
    4943.871     0.650000       203121         2.86
    5156.863     0.700000       218652         3.33
    5373.951     0.750000       234156         4.00
    5488.639     0.775000       241908         4.44
    5615.615     0.800000       249692         5.00
    5742.591     0.825000       257548         5.71
    5894.143     0.850000       265410         6.67
    6053.887     0.875000       273146         8.00
    6131.711     0.887500       276988         8.89
    6213.631     0.900000       280839        10.00
    6311.935     0.912500       284837        11.43
    6414.335     0.925000       288666        13.33
    6533.119     0.937500       292571        16.00
    6598.655     0.943750       294525        17.78
    6664.191     0.950000       296496        20.00
    6733.823     0.956250       298446        22.86
    6811.647     0.962500       300360        26.67
    6893.567     0.968750       302318        32.00
    6938.623     0.971875       303314        35.56
    6987.775     0.975000       304300        40.00
    7045.119     0.978125       305251        45.71
    7110.655     0.981250       306194        53.33
    7188.479     0.984375       307199        64.00
    7229.439     0.985938       307667        71.11
    7278.591     0.987500       308175        80.00
    7323.647     0.989062       308649        91.43
    7372.799     0.990625       309111       106.67
    7438.335     0.992188       309598       128.00
    7483.391     0.992969       309845       142.22
    7524.351     0.993750       310089       160.00
    7573.503     0.994531       310340       182.86
    7622.655     0.995313       310569       213.33
    7679.999     0.996094       310819       256.00
    7716.863     0.996484       310947       284.44
    7753.727     0.996875       311058       320.00
    7798.783     0.997266       311193       365.71
    7827.455     0.997656       311303       426.67
    7868.415     0.998047       311423       512.00
    7897.087     0.998242       311484       568.89
    7946.239     0.998437       311548       640.00
    8003.583     0.998633       311611       731.43
    8052.735     0.998828       311675       853.33
    8093.695     0.999023       311728      1024.00
    8114.175     0.999121       311761      1137.78
    8134.655     0.999219       311791      1280.00
    8159.231     0.999316       311830      1462.86
    8179.711     0.999414       311849      1706.67
    8228.863     0.999512       311880      2048.00
    8257.535     0.999561       311894      2275.56
    8294.399     0.999609       311910      2560.00
    8314.879     0.999658       311925      2925.71
    8339.455     0.999707       311942      3413.33
    8355.839     0.999756       311955      4096.00
    8372.223     0.999780       311967      4551.11
    8384.511     0.999805       311971      5120.00
    8404.991     0.999829       311978      5851.43
    8429.567     0.999854       311989      6826.67
    8445.951     0.999878       311998      8192.00
    8445.951     0.999890       311998      9102.22
    8454.143     0.999902       312002     10240.00
    8462.335     0.999915       312005     11702.86
    8470.527     0.999927       312009     13653.33
    8478.719     0.999939       312012     16384.00
    8486.911     0.999945       312014     18204.44
    8495.103     0.999951       312016     20480.00
    8503.295     0.999957       312021     23405.71
    8503.295     0.999963       312021     27306.67
    8511.487     0.999969       312022     32768.00
    8519.679     0.999973       312026     36408.89
    8519.679     0.999976       312026     40960.00
    8519.679     0.999979       312026     46811.43
    8519.679     0.999982       312026     54613.33
    8536.063     0.999985       312027     65536.00
    8536.063     0.999986       312027     72817.78
    8560.639     0.999988       312028     81920.00
    8560.639     0.999989       312028     93622.86
    8585.215     0.999991       312029    109226.67
    8585.215     0.999992       312029    131072.00
    8585.215     0.999993       312029    145635.56
    8634.367     0.999994       312030    163840.00
    8634.367     0.999995       312030    187245.71
    8634.367     0.999995       312030    218453.33
    8634.367     0.999996       312030    262144.00
    8634.367     0.999997       312030    291271.11
    8658.943     0.999997       312031    327680.00
    8658.943     1.000000       312031          inf
#[Mean    =     4338.213, StdDeviation   =     1391.049]
#[Max     =     8650.752, Total count    =       312031]
#[Buckets =           27, SubBuckets     =         2048]
----------------------------------------------------------
  465620 requests in 30.00s, 192.71MB read
Requests/sec:  15520.95
Transfer/sec:      6.42MB
