Using argument nginx
using  args: threads=4 and connections=512 and duration=30 and requests=24000
Running 30s test @ http://10.10.1.4:5000
  4 threads and 512 connections
  Thread calibration: mean lat.: 946.204ms, rate sampling interval: 3864ms
  Thread calibration: mean lat.: 1022.639ms, rate sampling interval: 3891ms
  Thread calibration: mean lat.: 932.271ms, rate sampling interval: 3782ms
  Thread calibration: mean lat.: 935.159ms, rate sampling interval: 3811ms
  Thread Stats   Avg      Stdev     99%   +/- Stdev
    Latency     4.10s     1.35s    6.95s    62.33%
    Req/Sec     4.76k    75.53     4.84k    80.00%
  Latency Distribution (HdrHistogram - Recorded Latency)
 50.000%    4.08s 
 75.000%    5.15s 
 90.000%    5.93s 
 99.000%    6.95s 
 99.900%    7.54s 
 99.990%    8.13s 
 99.999%    8.35s 
100.000%    8.38s 

  Detailed Percentile spectrum:
       Value   Percentile   TotalCount 1/(1-Percentile)

     740.351     0.000000            1         1.00
    2320.383     0.100000        37902         1.11
    2772.991     0.200000        75929         1.25
    3201.023     0.300000       113741         1.43
    3639.295     0.400000       151549         1.67
    4077.567     0.500000       189525         2.00
    4296.703     0.550000       208433         2.22
    4517.887     0.600000       227496         2.50
    4722.687     0.650000       246436         2.86
    4935.679     0.700000       265431         3.33
    5148.671     0.750000       284387         4.00
    5255.167     0.775000       293762         4.44
    5365.759     0.800000       303062         5.00
    5488.639     0.825000       312733         5.71
    5615.615     0.850000       322139         6.67
    5763.071     0.875000       331610         8.00
    5844.991     0.887500       336411         8.89
    5926.911     0.900000       341111        10.00
    6017.023     0.912500       345724        11.43
    6111.231     0.925000       350575        13.33
    6209.535     0.937500       355319        16.00
    6258.687     0.943750       357553        17.78
    6316.031     0.950000       359948        20.00
    6377.471     0.956250       362376        22.86
    6443.007     0.962500       364732        26.67
    6520.831     0.968750       367046        32.00
    6565.887     0.971875       368223        35.56
    6615.039     0.975000       369396        40.00
    6664.191     0.978125       370564        45.71
    6717.439     0.981250       371765        53.33
    6787.071     0.984375       372928        64.00
    6823.935     0.985938       373491        71.11
    6864.895     0.987500       374102        80.00
    6918.143     0.989062       374708        91.43
    6971.391     0.990625       375270       106.67
    7036.927     0.992188       375866       128.00
    7073.791     0.992969       376168       142.22
    7110.655     0.993750       376466       160.00
    7155.711     0.994531       376763       182.86
    7204.863     0.995313       377043       213.33
    7258.111     0.996094       377342       256.00
    7290.879     0.996484       377501       284.44
    7323.647     0.996875       377639       320.00
    7360.511     0.997266       377790       365.71
    7389.183     0.997656       377942       426.67
    7426.047     0.998047       378079       512.00
    7450.623     0.998242       378156       568.89
    7471.103     0.998437       378225       640.00
    7491.583     0.998633       378311       731.43
    7516.159     0.998828       378387       853.33
    7540.735     0.999023       378451      1024.00
    7557.119     0.999121       378483      1137.78
    7589.887     0.999219       378525      1280.00
    7610.367     0.999316       378557      1462.86
    7639.039     0.999414       378595      1706.67
    7663.615     0.999512       378634      2048.00
    7679.999     0.999561       378649      2275.56
    7696.383     0.999609       378668      2560.00
    7725.055     0.999658       378687      2925.71
    7761.919     0.999707       378707      3413.33
    7790.591     0.999756       378723      4096.00
    7827.455     0.999780       378732      4551.11
    7892.991     0.999805       378742      5120.00
    7987.199     0.999829       378751      5851.43
    8052.735     0.999854       378760      6826.67
    8085.503     0.999878       378770      8192.00
    8101.887     0.999890       378774      9102.22
    8155.135     0.999902       378779     10240.00
    8183.807     0.999915       378783     11702.86
    8212.479     0.999927       378788     13653.33
    8241.151     0.999939       378792     16384.00
    8261.631     0.999945       378797     18204.44
    8261.631     0.999951       378797     20480.00
    8278.015     0.999957       378800     23405.71
    8286.207     0.999963       378803     27306.67
    8290.303     0.999969       378804     32768.00
    8306.687     0.999973       378805     36408.89
    8314.879     0.999976       378806     40960.00
    8327.167     0.999979       378807     46811.43
    8339.455     0.999982       378810     54613.33
    8339.455     0.999985       378810     65536.00
    8339.455     0.999986       378810     72817.78
    8347.647     0.999988       378811     81920.00
    8347.647     0.999989       378811     93622.86
    8364.031     0.999991       378812    109226.67
    8380.415     0.999992       378814    131072.00
    8380.415     0.999993       378814    145635.56
    8380.415     0.999994       378814    163840.00
    8380.415     0.999995       378814    187245.71
    8380.415     0.999995       378814    218453.33
    8380.415     0.999996       378814    262144.00
    8380.415     0.999997       378814    291271.11
    8380.415     0.999997       378814    327680.00
    8380.415     0.999997       378814    374491.43
    8384.511     0.999998       378815    436906.67
    8384.511     1.000000       378815          inf
#[Mean    =     4096.750, StdDeviation   =     1350.993]
#[Max     =     8380.416, Total count    =       378815]
#[Buckets =           27, SubBuckets     =         2048]
----------------------------------------------------------
  566528 requests in 30.00s, 234.34MB read
Requests/sec:  18884.19
Transfer/sec:      7.81MB
