Using argument nginx
using  args: threads=4 and connections=512 and duration=30 and requests=2500
Running 30s test @ http://10.10.1.6:8080
  4 threads and 512 connections
  Thread calibration: mean lat.: 802.412ms, rate sampling interval: 5042ms
  Thread calibration: mean lat.: 666.304ms, rate sampling interval: 4587ms
  Thread calibration: mean lat.: 946.719ms, rate sampling interval: 5345ms
  Thread calibration: mean lat.: 754.429ms, rate sampling interval: 4857ms
  Thread Stats   Avg      Stdev     99%   +/- Stdev
    Latency     7.21s     5.34s   20.92s    63.25%
    Req/Sec   315.36     29.12   373.00     64.29%
  Latency Distribution (HdrHistogram - Recorded Latency)
 50.000%    7.29s 
 75.000%   10.43s 
 90.000%   14.50s 
 99.000%   20.92s 
 99.900%   23.69s 
 99.990%   24.90s 
 99.999%   25.48s 
100.000%   25.48s 

  Detailed Percentile spectrum:
       Value   Percentile   TotalCount 1/(1-Percentile)

       0.553     0.000000            1         1.00
     232.319     0.100000         2529         1.11
    1543.167     0.200000         5057         1.25
    3358.719     0.300000         7586         1.43
    5595.135     0.400000        10114         1.67
    7286.783     0.500000        12643         2.00
    7831.551     0.550000        13903         2.22
    8519.679     0.600000        15169         2.50
    9150.463     0.650000        16437         2.86
    9707.519     0.700000        17703         3.33
   10428.415     0.750000        18971         4.00
   10870.783     0.775000        19598         4.44
   11378.687     0.800000        20223         5.00
   11902.975     0.825000        20854         5.71
   12492.799     0.850000        21489         6.67
   13402.111     0.875000        22118         8.00
   13959.167     0.887500        22436         8.89
   14499.839     0.900000        22751        10.00
   15081.471     0.912500        23069        11.43
   15712.255     0.925000        23382        13.33
   16523.263     0.937500        23698        16.00
   16924.671     0.943750        23859        17.78
   17350.655     0.950000        24016        20.00
   17858.559     0.956250        24177        22.86
   18333.695     0.962500        24330        26.67
   18792.447     0.968750        24497        32.00
   19005.439     0.971875        24568        35.56
   19300.351     0.975000        24646        40.00
   19611.647     0.978125        24731        45.71
   19939.327     0.981250        24806        53.33
   20250.623     0.984375        24887        64.00
   20414.463     0.985938        24926        71.11
   20594.687     0.987500        24964        80.00
   20774.911     0.989062        25003        91.43
   21053.439     0.990625        25043       106.67
   21348.351     0.992188        25081       128.00
   21495.807     0.992969        25100       142.22
   21659.647     0.993750        25120       160.00
   21823.487     0.994531        25139       182.86
   22085.631     0.995313        25160       213.33
   22265.855     0.996094        25180       256.00
   22380.543     0.996484        25190       284.44
   22446.079     0.996875        25200       320.00
   22511.615     0.997266        25208       365.71
   22626.303     0.997656        25218       426.67
   22822.911     0.998047        25228       512.00
   22921.215     0.998242        25233       568.89
   23052.287     0.998437        25238       640.00
   23314.431     0.998633        25243       731.43
   23445.503     0.998828        25248       853.33
   23691.263     0.999023        25253      1024.00
   23904.255     0.999121        25256      1137.78
   24018.943     0.999219        25258      1280.00
   24133.631     0.999316        25260      1462.86
   24412.159     0.999414        25263      1706.67
   24461.311     0.999512        25265      2048.00
   24543.231     0.999561        25266      2275.56
   24674.303     0.999609        25268      2560.00
   24723.455     0.999658        25269      2925.71
   24772.607     0.999707        25270      3413.33
   24821.759     0.999756        25271      4096.00
   24854.527     0.999780        25272      4551.11
   24887.295     0.999805        25273      5120.00
   24887.295     0.999829        25273      5851.43
   24903.679     0.999854        25275      6826.67
   24903.679     0.999878        25275      8192.00
   24903.679     0.999890        25275      9102.22
   24903.679     0.999902        25275     10240.00
   24903.679     0.999915        25275     11702.86
   25346.047     0.999927        25276     13653.33
   25346.047     0.999939        25276     16384.00
   25346.047     0.999945        25276     18204.44
   25346.047     0.999951        25276     20480.00
   25346.047     0.999957        25276     23405.71
   25477.119     0.999963        25277     27306.67
   25477.119     1.000000        25277          inf
#[Mean    =     7209.392, StdDeviation   =     5342.395]
#[Max     =    25460.736, Total count    =        25277]
#[Buckets =           27, SubBuckets     =         2048]
----------------------------------------------------------
  40150 requests in 30.01s, 334.45MB read
  Socket errors: connect 0, read 0, write 0, timeout 2
  Non-2xx or 3xx responses: 696
Requests/sec:   1337.95
Transfer/sec:     11.15MB
