Using argument nginx
using  args: threads=4 and connections=512 and duration=30 and requests=20000
Running 30s test @ http://10.10.1.8:5000
  4 threads and 512 connections
  Thread calibration: mean lat.: 704.706ms, rate sampling interval: 2402ms
  Thread calibration: mean lat.: 690.099ms, rate sampling interval: 2482ms
  Thread calibration: mean lat.: 734.937ms, rate sampling interval: 2535ms
  Thread calibration: mean lat.: 470.516ms, rate sampling interval: 1968ms
  Thread Stats   Avg      Stdev     99%   +/- Stdev
    Latency     1.00s   643.20ms   2.72s    66.63%
    Req/Sec     4.97k    55.41     5.12k    72.73%
  Latency Distribution (HdrHistogram - Recorded Latency)
 50.000%  923.14ms
 75.000%    1.40s 
 90.000%    1.89s 
 99.000%    2.72s 
 99.900%    3.78s 
 99.990%    4.21s 
 99.999%    4.37s 
100.000%    4.40s 

  Detailed Percentile spectrum:
       Value   Percentile   TotalCount 1/(1-Percentile)

       0.392     0.000000            1         1.00
     217.215     0.100000        39468         1.11
     412.671     0.200000        78974         1.25
     587.775     0.300000       118471         1.43
     756.223     0.400000       157925         1.67
     923.135     0.500000       197339         2.00
    1008.127     0.550000       217129         2.22
    1097.727     0.600000       236807         2.50
    1190.911     0.650000       256527         2.86
    1292.287     0.700000       276391         3.33
    1404.927     0.750000       295974         4.00
    1468.415     0.775000       305968         4.44
    1535.999     0.800000       315837         5.00
    1608.703     0.825000       325566         5.71
    1691.647     0.850000       335535         6.67
    1777.663     0.875000       345308         8.00
    1829.887     0.887500       350272         8.89
    1890.303     0.900000       355225        10.00
    1954.815     0.912500       360140        11.43
    2023.423     0.925000       365041        13.33
    2096.127     0.937500       370021        16.00
    2138.111     0.943750       372458        17.78
    2181.119     0.950000       374956        20.00
    2232.319     0.956250       377402        22.86
    2287.615     0.962500       379844        26.67
    2357.247     0.968750       382347        32.00
    2394.111     0.971875       383542        35.56
    2435.071     0.975000       384755        40.00
    2480.127     0.978125       386046        45.71
    2523.135     0.981250       387238        53.33
    2572.287     0.984375       388473        64.00
    2600.959     0.985938       389071        71.11
    2637.823     0.987500       389698        80.00
    2682.879     0.989062       390304        91.43
    2732.031     0.990625       390941       106.67
    2789.375     0.992188       391552       128.00
    2822.143     0.992969       391855       142.22
    2869.247     0.993750       392168       160.00
    2942.975     0.994531       392468       182.86
    3024.895     0.995313       392779       213.33
    3115.007     0.996094       393080       256.00
    3182.591     0.996484       393237       284.44
    3248.127     0.996875       393388       320.00
    3332.095     0.997266       393544       365.71
    3407.871     0.997656       393696       426.67
    3477.503     0.998047       393852       512.00
    3522.559     0.998242       393928       568.89
    3598.335     0.998437       394005       640.00
    3688.447     0.998633       394081       731.43
    3745.791     0.998828       394162       853.33
    3782.655     0.999023       394238      1024.00
    3809.279     0.999121       394275      1137.78
    3850.239     0.999219       394317      1280.00
    3876.863     0.999316       394355      1462.86
    3897.343     0.999414       394389      1706.67
    3934.207     0.999512       394429      2048.00
    3948.543     0.999561       394448      2275.56
    3981.311     0.999609       394469      2560.00
    4020.223     0.999658       394486      2925.71
    4075.519     0.999707       394505      3413.33
    4126.719     0.999756       394526      4096.00
    4141.055     0.999780       394537      4551.11
    4145.151     0.999805       394543      5120.00
    4163.583     0.999829       394554      5851.43
    4182.015     0.999854       394563      6826.67
    4202.495     0.999878       394573      8192.00
    4206.591     0.999890       394578      9102.22
    4214.783     0.999902       394582     10240.00
    4239.359     0.999915       394587     11702.86
    4263.935     0.999927       394592     13653.33
    4280.319     0.999939       394596     16384.00
    4304.895     0.999945       394600     18204.44
    4313.087     0.999951       394601     20480.00
    4321.279     0.999957       394604     23405.71
    4337.663     0.999963       394608     27306.67
    4337.663     0.999969       394608     32768.00
    4345.855     0.999973       394610     36408.89
    4354.047     0.999976       394612     40960.00
    4354.047     0.999979       394612     46811.43
    4362.239     0.999982       394614     54613.33
    4362.239     0.999985       394614     65536.00
    4366.335     0.999986       394615     72817.78
    4374.527     0.999988       394616     81920.00
    4374.527     0.999989       394616     93622.86
    4378.623     0.999991       394617    109226.67
    4378.623     0.999992       394617    131072.00
    4382.719     0.999993       394618    145635.56
    4382.719     0.999994       394618    163840.00
    4382.719     0.999995       394618    187245.71
    4386.815     0.999995       394619    218453.33
    4386.815     0.999996       394619    262144.00
    4386.815     0.999997       394619    291271.11
    4386.815     0.999997       394619    327680.00
    4386.815     0.999997       394619    374491.43
    4399.103     0.999998       394620    436906.67
    4399.103     1.000000       394620          inf
#[Mean    =     1003.052, StdDeviation   =      643.201]
#[Max     =     4395.008, Total count    =       394620]
#[Buckets =           27, SubBuckets     =         2048]
----------------------------------------------------------
  573551 requests in 30.00s, 237.45MB read
Requests/sec:  19118.72
Transfer/sec:      7.92MB
