Using argument nginx
using  args: threads=4 and connections=512 and duration=60 and requests=500
Running 1m test @ http://10.10.1.8:8080
  4 threads and 512 connections
  Thread calibration: mean lat.: 3.015ms, rate sampling interval: 10ms
  Thread calibration: mean lat.: 2.952ms, rate sampling interval: 10ms
  Thread calibration: mean lat.: 2.885ms, rate sampling interval: 10ms
  Thread calibration: mean lat.: 2.844ms, rate sampling interval: 10ms
  Thread Stats   Avg      Stdev     99%   +/- Stdev
    Latency     3.16ms    1.51ms   6.00ms   59.38%
    Req/Sec   131.30    117.89   444.00     57.76%
  Latency Distribution (HdrHistogram - Recorded Latency)
 50.000%    3.66ms
 75.000%    4.45ms
 90.000%    4.98ms
 99.000%    6.00ms
 99.900%    7.27ms
 99.990%   10.72ms
 99.999%   12.53ms
100.000%   12.53ms

  Detailed Percentile spectrum:
       Value   Percentile   TotalCount 1/(1-Percentile)

       0.677     0.000000            1         1.00
       1.242     0.100000         2493         1.11
       1.561     0.200000         4987         1.25
       1.811     0.300000         7473         1.43
       2.087     0.400000         9968         1.67
       3.659     0.500000        12446         2.00
       3.877     0.550000        13699         2.22
       4.031     0.600000        14940         2.50
       4.175     0.650000        16182         2.86
       4.311     0.700000        17437         3.33
       4.455     0.750000        18671         4.00
       4.523     0.775000        19286         4.44
       4.603     0.800000        19934         5.00
       4.679     0.825000        20540         5.71
       4.767     0.850000        21165         6.67
       4.863     0.875000        21789         8.00
       4.923     0.887500        22107         8.89
       4.979     0.900000        22409        10.00
       5.043     0.912500        22722        11.43
       5.111     0.925000        23027        13.33
       5.199     0.937500        23344        16.00
       5.243     0.943750        23497        17.78
       5.299     0.950000        23641        20.00
       5.351     0.956250        23807        22.86
       5.411     0.962500        23957        26.67
       5.479     0.968750        24113        32.00
       5.511     0.971875        24187        35.56
       5.579     0.975000        24263        40.00
       5.631     0.978125        24343        45.71
       5.711     0.981250        24422        53.33
       5.787     0.984375        24498        64.00
       5.831     0.985938        24536        71.11
       5.883     0.987500        24576        80.00
       5.939     0.989062        24613        91.43
       6.039     0.990625        24652       106.67
       6.115     0.992188        24691       128.00
       6.167     0.992969        24712       142.22
       6.211     0.993750        24732       160.00
       6.275     0.994531        24750       182.86
       6.355     0.995313        24769       213.33
       6.415     0.996094        24788       256.00
       6.463     0.996484        24798       284.44
       6.575     0.996875        24809       320.00
       6.627     0.997266        24817       365.71
       6.691     0.997656        24828       426.67
       6.823     0.998047        24837       512.00
       6.863     0.998242        24842       568.89
       7.047     0.998437        24847       640.00
       7.083     0.998633        24851       731.43
       7.131     0.998828        24856       853.33
       7.319     0.999023        24861      1024.00
       7.475     0.999121        24864      1137.78
       7.515     0.999219        24866      1280.00
       7.611     0.999316        24868      1462.86
       7.803     0.999414        24871      1706.67
       7.891     0.999512        24873      2048.00
       8.103     0.999561        24875      2275.56
       8.343     0.999609        24876      2560.00
       8.447     0.999658        24877      2925.71
       8.575     0.999707        24878      3413.33
       8.823     0.999756        24879      4096.00
       8.831     0.999780        24880      4551.11
       8.927     0.999805        24881      5120.00
       8.927     0.999829        24881      5851.43
       8.999     0.999854        24882      6826.67
       8.999     0.999878        24882      8192.00
      10.719     0.999890        24883      9102.22
      10.719     0.999902        24883     10240.00
      10.719     0.999915        24883     11702.86
      11.775     0.999927        24884     13653.33
      11.775     0.999939        24884     16384.00
      11.775     0.999945        24884     18204.44
      11.775     0.999951        24884     20480.00
      11.775     0.999957        24884     23405.71
      12.527     0.999963        24885     27306.67
      12.527     1.000000        24885          inf
#[Mean    =        3.164, StdDeviation   =        1.514]
#[Max     =       12.520, Total count    =        24885]
#[Buckets =           27, SubBuckets     =         2048]
----------------------------------------------------------
  29800 requests in 1.00m, 180.12MB read
  Socket errors: connect 0, read 0, write 0, timeout 2074
Requests/sec:    496.56
Transfer/sec:      3.00MB
