Using argument nginx
using  args: threads=4 and connections=512 and duration=30 and requests=4000
Running 30s test @ http://10.10.1.7:8080/wrk2-api/user-timeline/read
  4 threads and 512 connections
  Thread calibration: mean lat.: 15.301ms, rate sampling interval: 44ms
  Thread calibration: mean lat.: 15.104ms, rate sampling interval: 44ms
  Thread calibration: mean lat.: 15.427ms, rate sampling interval: 45ms
  Thread calibration: mean lat.: 14.788ms, rate sampling interval: 44ms
  Thread Stats   Avg      Stdev     99%   +/- Stdev
    Latency     8.45ms    5.27ms  28.25ms   87.32%
    Req/Sec     1.02k   168.17     1.45k    67.22%
  Latency Distribution (HdrHistogram - Recorded Latency)
 50.000%    6.79ms
 75.000%   10.14ms
 90.000%   14.77ms
 99.000%   28.25ms
 99.900%   45.95ms
 99.990%   62.53ms
 99.999%   72.25ms
100.000%   72.32ms

  Detailed Percentile spectrum:
       Value   Percentile   TotalCount 1/(1-Percentile)

       2.707     0.000000            1         1.00
       4.135     0.100000         7985         1.11
       4.703     0.200000        15975         1.25
       5.303     0.300000        23943         1.43
       5.975     0.400000        31920         1.67
       6.787     0.500000        39912         2.00
       7.271     0.550000        43893         2.22
       7.823     0.600000        47899         2.50
       8.463     0.650000        51895         2.86
       9.223     0.700000        55857         3.33
      10.135     0.750000        59868         4.00
      10.655     0.775000        61840         4.44
      11.247     0.800000        63847         5.00
      11.927     0.825000        65847         5.71
      12.687     0.850000        67832         6.67
      13.615     0.875000        69818         8.00
      14.151     0.887500        70818         8.89
      14.775     0.900000        71813        10.00
      15.551     0.912500        72813        11.43
      16.431     0.925000        73820        13.33
      17.423     0.937500        74804        16.00
      17.999     0.943750        75314        17.78
      18.623     0.950000        75801        20.00
      19.439     0.956250        76300        22.86
      20.367     0.962500        76797        26.67
      21.391     0.968750        77309        32.00
      21.983     0.971875        77549        35.56
      22.639     0.975000        77799        40.00
      23.407     0.978125        78044        45.71
      24.271     0.981250        78298        53.33
      25.343     0.984375        78546        64.00
      26.111     0.985938        78670        71.11
      26.911     0.987500        78792        80.00
      27.663     0.989062        78917        91.43
      28.719     0.990625        79041       106.67
      30.079     0.992188        79167       128.00
      30.911     0.992969        79230       142.22
      31.807     0.993750        79292       160.00
      32.799     0.994531        79353       182.86
      33.919     0.995313        79415       213.33
      35.199     0.996094        79478       256.00
      35.999     0.996484        79509       284.44
      36.831     0.996875        79540       320.00
      38.143     0.997266        79571       365.71
      39.551     0.997656        79602       426.67
      40.767     0.998047        79634       512.00
      41.631     0.998242        79649       568.89
      42.623     0.998437        79666       640.00
      43.551     0.998633        79680       731.43
      44.703     0.998828        79696       853.33
      46.559     0.999023        79712      1024.00
      47.007     0.999121        79719      1137.78
      47.583     0.999219        79729      1280.00
      48.543     0.999316        79735      1462.86
      49.535     0.999414        79743      1706.67
      50.623     0.999512        79751      2048.00
      51.583     0.999561        79754      2275.56
      51.871     0.999609        79758      2560.00
      52.927     0.999658        79762      2925.71
      53.791     0.999707        79766      3413.33
      54.943     0.999756        79770      4096.00
      55.647     0.999780        79772      4551.11
      57.471     0.999805        79774      5120.00
      59.967     0.999829        79776      5851.43
      60.191     0.999854        79778      6826.67
      61.183     0.999878        79780      8192.00
      62.527     0.999890        79781      9102.22
      63.871     0.999902        79782     10240.00
      64.447     0.999915        79783     11702.86
      65.471     0.999927        79784     13653.33
      65.535     0.999939        79785     16384.00
      65.535     0.999945        79785     18204.44
      67.775     0.999951        79786     20480.00
      67.775     0.999957        79786     23405.71
      70.783     0.999963        79787     27306.67
      70.783     0.999969        79787     32768.00
      70.783     0.999973        79787     36408.89
      72.255     0.999976        79788     40960.00
      72.255     0.999979        79788     46811.43
      72.255     0.999982        79788     54613.33
      72.255     0.999985        79788     65536.00
      72.255     0.999986        79788     72817.78
      72.319     0.999988        79789     81920.00
      72.319     1.000000        79789          inf
#[Mean    =        8.455, StdDeviation   =        5.274]
#[Max     =       72.256, Total count    =        79789]
#[Buckets =           27, SubBuckets     =         2048]
----------------------------------------------------------
  119860 requests in 30.00s, 21.03MB read
  Non-2xx or 3xx responses: 3
Requests/sec:   3995.40
Transfer/sec:    717.94KB
