Using argument nginx
using  args: threads=4 and connections=512 and duration=30 and requests=18000
Running 30s test @ http://10.10.1.6:5000
  4 threads and 512 connections
  Thread calibration: mean lat.: 795.645ms, rate sampling interval: 3100ms
  Thread calibration: mean lat.: 848.768ms, rate sampling interval: 3180ms
  Thread calibration: mean lat.: 853.718ms, rate sampling interval: 3178ms
  Thread calibration: mean lat.: 810.982ms, rate sampling interval: 3123ms
  Thread Stats   Avg      Stdev     99%   +/- Stdev
    Latency     2.98s     1.10s    5.69s    65.70%
    Req/Sec     3.87k    21.17     3.90k    70.83%
  Latency Distribution (HdrHistogram - Recorded Latency)
 50.000%    2.91s 
 75.000%    3.75s 
 90.000%    4.46s 
 99.000%    5.69s 
 99.900%    6.37s 
 99.990%    6.64s 
 99.999%    6.80s 
100.000%    6.86s 

  Detailed Percentile spectrum:
       Value   Percentile   TotalCount 1/(1-Percentile)

      21.567     0.000000            1         1.00
    1593.343     0.100000        30787         1.11
    1983.487     0.200000        61544         1.25
    2299.903     0.300000        92352         1.43
    2605.055     0.400000       123013         1.67
    2910.207     0.500000       153941         2.00
    3067.903     0.550000       169267         2.22
    3225.599     0.600000       184566         2.50
    3383.295     0.650000       199969         2.86
    3557.375     0.700000       215329         3.33
    3747.839     0.750000       230782         4.00
    3844.095     0.775000       238412         4.44
    3952.639     0.800000       246063         5.00
    4069.375     0.825000       253822         5.71
    4186.111     0.850000       261523         6.67
    4308.991     0.875000       269176         8.00
    4382.719     0.887500       273062         8.89
    4464.639     0.900000       276935        10.00
    4546.559     0.912500       280722        11.43
    4640.767     0.925000       284506        13.33
    4747.263     0.937500       288431        16.00
    4804.607     0.943750       290284        17.78
    4870.143     0.950000       292197        20.00
    4943.871     0.956250       294132        22.86
    5025.791     0.962500       295981        26.67
    5132.287     0.968750       297957        32.00
    5189.631     0.971875       298884        35.56
    5251.071     0.975000       299841        40.00
    5316.607     0.978125       300840        45.71
    5390.335     0.981250       301788        53.33
    5472.255     0.984375       302724        64.00
    5525.503     0.985938       303222        71.11
    5595.135     0.987500       303683        80.00
    5660.671     0.989062       304170        91.43
    5718.015     0.990625       304641       106.67
    5775.359     0.992188       305117       128.00
    5816.319     0.992969       305361       142.22
    5857.279     0.993750       305590       160.00
    5910.527     0.994531       305847       182.86
    5967.871     0.995313       306073       213.33
    6041.599     0.996094       306328       256.00
    6070.271     0.996484       306436       284.44
    6103.039     0.996875       306553       320.00
    6143.999     0.997266       306677       365.71
    6189.055     0.997656       306800       426.67
    6225.919     0.998047       306913       512.00
    6246.399     0.998242       306977       568.89
    6275.071     0.998437       307037       640.00
    6307.839     0.998633       307095       731.43
    6336.511     0.998828       307152       853.33
    6377.471     0.999023       307215      1024.00
    6389.759     0.999121       307241      1137.78
    6406.143     0.999219       307275      1280.00
    6422.527     0.999316       307306      1462.86
    6438.911     0.999414       307336      1706.67
    6451.199     0.999512       307365      2048.00
    6463.487     0.999561       307380      2275.56
    6475.775     0.999609       307396      2560.00
    6483.967     0.999658       307406      2925.71
    6508.543     0.999707       307423      3413.33
    6520.831     0.999756       307436      4096.00
    6529.023     0.999780       307444      4551.11
    6553.599     0.999805       307451      5120.00
    6582.271     0.999829       307461      5851.43
    6602.751     0.999854       307467      6826.67
    6623.231     0.999878       307474      8192.00
    6631.423     0.999890       307478      9102.22
    6643.711     0.999902       307481     10240.00
    6660.095     0.999915       307485     11702.86
    6676.479     0.999927       307491     13653.33
    6684.671     0.999939       307493     16384.00
    6696.959     0.999945       307495     18204.44
    6701.055     0.999951       307497     20480.00
    6713.343     0.999957       307499     23405.71
    6717.439     0.999963       307501     27306.67
    6737.919     0.999969       307503     32768.00
    6737.919     0.999973       307503     36408.89
    6742.015     0.999976       307505     40960.00
    6742.015     0.999979       307505     46811.43
    6746.111     0.999982       307506     54613.33
    6774.783     0.999985       307507     65536.00
    6774.783     0.999986       307507     72817.78
    6803.455     0.999988       307508     81920.00
    6803.455     0.999989       307508     93622.86
    6811.647     0.999991       307509    109226.67
    6811.647     0.999992       307509    131072.00
    6811.647     0.999993       307509    145635.56
    6844.415     0.999994       307510    163840.00
    6844.415     0.999995       307510    187245.71
    6844.415     0.999995       307510    218453.33
    6844.415     0.999996       307510    262144.00
    6844.415     0.999997       307510    291271.11
    6864.895     0.999997       307511    327680.00
    6864.895     1.000000       307511          inf
#[Mean    =     2978.257, StdDeviation   =     1100.670]
#[Max     =     6860.800, Total count    =       307511]
#[Buckets =           27, SubBuckets     =         2048]
----------------------------------------------------------
  460284 requests in 30.00s, 190.36MB read
Requests/sec:  15343.02
Transfer/sec:      6.35MB
