Using argument nginx
using  args: threads=4 and connections=512 and duration=60 and requests=500
Running 1m test @ http://10.10.1.4:5000
  4 threads and 512 connections
  Thread calibration: mean lat.: 2.584ms, rate sampling interval: 10ms
  Thread calibration: mean lat.: 2.592ms, rate sampling interval: 10ms
  Thread calibration: mean lat.: 2.544ms, rate sampling interval: 10ms
  Thread calibration: mean lat.: 2.485ms, rate sampling interval: 10ms
  Thread Stats   Avg      Stdev     99%   +/- Stdev
    Latency     2.48ms    1.57ms   7.34ms   79.95%
    Req/Sec   131.52    119.07   500.00     57.30%
  Latency Distribution (HdrHistogram - Recorded Latency)
 50.000%    1.79ms
 75.000%    3.47ms
 90.000%    4.82ms
 99.000%    7.34ms
 99.900%    9.29ms
 99.990%   11.22ms
 99.999%   12.47ms
100.000%   12.47ms

  Detailed Percentile spectrum:
       Value   Percentile   TotalCount 1/(1-Percentile)

       0.463     0.000000            1         1.00
       1.081     0.100000         2498         1.11
       1.287     0.200000         4987         1.25
       1.501     0.300000         7471         1.43
       1.636     0.400000         9976         1.67
       1.793     0.500000        12463         2.00
       1.899     0.550000        13695         2.22
       2.045     0.600000        14938         2.50
       2.293     0.650000        16186         2.86
       2.969     0.700000        17431         3.33
       3.475     0.750000        18673         4.00
       3.669     0.775000        19298         4.44
       3.871     0.800000        19924         5.00
       4.067     0.825000        20540         5.71
       4.263     0.850000        21161         6.67
       4.527     0.875000        21791         8.00
       4.667     0.887500        22101         8.89
       4.815     0.900000        22410        10.00
       4.987     0.912500        22720        11.43
       5.175     0.925000        23028        13.33
       5.423     0.937500        23342        16.00
       5.547     0.943750        23495        17.78
       5.683     0.950000        23654        20.00
       5.835     0.956250        23809        22.86
       5.991     0.962500        23962        26.67
       6.187     0.968750        24117        32.00
       6.311     0.971875        24196        35.56
       6.443     0.975000        24275        40.00
       6.567     0.978125        24350        45.71
       6.731     0.981250        24428        53.33
       6.891     0.984375        24507        64.00
       7.003     0.985938        24544        71.11
       7.099     0.987500        24585        80.00
       7.255     0.989062        24623        91.43
       7.391     0.990625        24661       106.67
       7.555     0.992188        24701       128.00
       7.643     0.992969        24719       142.22
       7.775     0.993750        24740       160.00
       7.855     0.994531        24758       182.86
       8.011     0.995313        24780       213.33
       8.147     0.996094        24797       256.00
       8.255     0.996484        24807       284.44
       8.383     0.996875        24818       320.00
       8.471     0.997266        24826       365.71
       8.695     0.997656        24838       426.67
       8.855     0.998047        24848       512.00
       9.023     0.998242        24851       568.89
       9.063     0.998437        24856       640.00
       9.095     0.998633        24860       731.43
       9.207     0.998828        24865       853.33
       9.335     0.999023        24870      1024.00
       9.495     0.999121        24873      1137.78
       9.543     0.999219        24875      1280.00
       9.679     0.999316        24877      1462.86
       9.815     0.999414        24880      1706.67
       9.911     0.999512        24882      2048.00
      10.183     0.999561        24884      2275.56
      10.311     0.999609        24885      2560.00
      10.631     0.999658        24886      2925.71
      10.639     0.999707        24887      3413.33
      10.703     0.999756        24888      4096.00
      10.999     0.999780        24889      4551.11
      11.087     0.999805        24890      5120.00
      11.087     0.999829        24890      5851.43
      11.135     0.999854        24891      6826.67
      11.135     0.999878        24891      8192.00
      11.223     0.999890        24892      9102.22
      11.223     0.999902        24892     10240.00
      11.223     0.999915        24892     11702.86
      11.239     0.999927        24893     13653.33
      11.239     0.999939        24893     16384.00
      11.239     0.999945        24893     18204.44
      11.239     0.999951        24893     20480.00
      11.239     0.999957        24893     23405.71
      12.471     0.999963        24894     27306.67
      12.471     1.000000        24894          inf
#[Mean    =        2.480, StdDeviation   =        1.565]
#[Max     =       12.464, Total count    =        24894]
#[Buckets =           27, SubBuckets     =         2048]
----------------------------------------------------------
  29940 requests in 1.00m, 12.37MB read
  Socket errors: connect 0, read 0, write 0, timeout 2049
Requests/sec:    498.97
Transfer/sec:    211.16KB
