Using argument nginx
using  args: threads=4 and connections=512 and duration=30 and requests=22000
Running 30s test @ http://10.10.1.4:5000
  4 threads and 512 connections
  Thread calibration: mean lat.: 1004.022ms, rate sampling interval: 3848ms
  Thread calibration: mean lat.: 1009.200ms, rate sampling interval: 3796ms
  Thread calibration: mean lat.: 1012.734ms, rate sampling interval: 3803ms
  Thread calibration: mean lat.: 994.692ms, rate sampling interval: 3829ms
  Thread Stats   Avg      Stdev     99%   +/- Stdev
    Latency     3.62s     1.10s    6.11s    65.08%
    Req/Sec     4.66k   108.57     4.80k    60.00%
  Latency Distribution (HdrHistogram - Recorded Latency)
 50.000%    3.61s 
 75.000%    4.42s 
 90.000%    5.09s 
 99.000%    6.11s 
 99.900%    6.84s 
 99.990%    7.78s 
 99.999%    8.01s 
100.000%    8.05s 

  Detailed Percentile spectrum:
       Value   Percentile   TotalCount 1/(1-Percentile)

     481.791     0.000000            1         1.00
    2187.263     0.100000        37210         1.11
    2603.007     0.200000        74321         1.25
    2971.647     0.300000       111598         1.43
    3293.183     0.400000       148544         1.67
    3610.623     0.500000       185710         2.00
    3762.175     0.550000       204144         2.22
    3921.919     0.600000       222908         2.50
    4073.471     0.650000       241329         2.86
    4239.359     0.700000       260181         3.33
    4415.487     0.750000       278597         4.00
    4509.695     0.775000       288072         4.44
    4603.903     0.800000       297324         5.00
    4710.399     0.825000       306464         5.71
    4820.991     0.850000       315572         6.67
    4947.967     0.875000       325013         8.00
    5017.599     0.887500       329599         8.89
    5087.231     0.900000       334107        10.00
    5165.055     0.912500       338770        11.43
    5255.167     0.925000       343497        13.33
    5345.279     0.937500       348068        16.00
    5398.527     0.943750       350458        17.78
    5455.871     0.950000       352677        20.00
    5525.503     0.956250       354955        22.86
    5603.327     0.962500       357331        26.67
    5681.151     0.968750       359661        32.00
    5722.111     0.971875       360806        35.56
    5763.071     0.975000       361909        40.00
    5812.223     0.978125       363122        45.71
    5865.471     0.981250       364247        53.33
    5931.007     0.984375       365382        64.00
    5971.967     0.985938       365973        71.11
    6012.927     0.987500       366528        80.00
    6070.271     0.989062       367125        91.43
    6135.807     0.990625       367699       106.67
    6209.535     0.992188       368289       128.00
    6250.495     0.992969       368563       142.22
    6299.647     0.993750       368849       160.00
    6344.703     0.994531       369134       182.86
    6393.855     0.995313       369436       213.33
    6443.007     0.996094       369714       256.00
    6471.679     0.996484       369866       284.44
    6504.447     0.996875       370014       320.00
    6541.311     0.997266       370168       365.71
    6586.367     0.997656       370294       426.67
    6660.095     0.998047       370443       512.00
    6696.959     0.998242       370520       568.89
    6725.631     0.998437       370591       640.00
    6762.495     0.998633       370665       731.43
    6795.263     0.998828       370729       853.33
    6852.607     0.999023       370803      1024.00
    6877.183     0.999121       370838      1137.78
    6909.951     0.999219       370874      1280.00
    6938.623     0.999316       370910      1462.86
    7032.831     0.999414       370946      1706.67
    7127.039     0.999512       370982      2048.00
    7176.191     0.999561       371001      2275.56
    7245.823     0.999609       371020      2560.00
    7282.687     0.999658       371040      2925.71
    7303.167     0.999707       371057      3413.33
    7335.935     0.999756       371073      4096.00
    7368.703     0.999780       371083      4551.11
    7426.047     0.999805       371091      5120.00
    7614.463     0.999829       371100      5851.43
    7684.095     0.999854       371109      6826.67
    7720.959     0.999878       371118      8192.00
    7745.535     0.999890       371123      9102.22
    7790.591     0.999902       371127     10240.00
    7835.647     0.999915       371132     11702.86
    7852.031     0.999927       371136     13653.33
    7868.415     0.999939       371141     16384.00
    7909.375     0.999945       371143     18204.44
    7925.759     0.999951       371145     20480.00
    7950.335     0.999957       371148     23405.71
    7979.007     0.999963       371151     27306.67
    7983.103     0.999969       371152     32768.00
    7987.199     0.999973       371154     36408.89
    7987.199     0.999976       371154     40960.00
    7991.295     0.999979       371157     46811.43
    7991.295     0.999982       371157     54613.33
    7999.487     0.999985       371158     65536.00
    7999.487     0.999986       371158     72817.78
    8007.679     0.999988       371159     81920.00
    8019.967     0.999989       371160     93622.86
    8019.967     0.999991       371160    109226.67
    8024.063     0.999992       371161    131072.00
    8024.063     0.999993       371161    145635.56
    8024.063     0.999994       371161    163840.00
    8036.351     0.999995       371162    187245.71
    8036.351     0.999995       371162    218453.33
    8036.351     0.999996       371162    262144.00
    8036.351     0.999997       371162    291271.11
    8036.351     0.999997       371162    327680.00
    8048.639     0.999997       371163    374491.43
    8048.639     1.000000       371163          inf
#[Mean    =     3622.696, StdDeviation   =     1101.584]
#[Max     =     8044.544, Total count    =       371163]
#[Buckets =           27, SubBuckets     =         2048]
----------------------------------------------------------
  548861 requests in 30.00s, 226.90MB read
Requests/sec:  18293.57
Transfer/sec:      7.56MB
