Using argument nginx
using  args: threads=4 and connections=512 and duration=30 and requests=3000
Running 30s test @ http://10.10.1.8:8080/wrk2-api/user-timeline/read
  4 threads and 512 connections
  Thread calibration: mean lat.: 4.908ms, rate sampling interval: 10ms
  Thread calibration: mean lat.: 4.008ms, rate sampling interval: 10ms
  Thread calibration: mean lat.: 4.909ms, rate sampling interval: 10ms
  Thread calibration: mean lat.: 4.708ms, rate sampling interval: 10ms
  Thread Stats   Avg      Stdev     99%   +/- Stdev
    Latency     4.13ms    1.22ms   7.86ms   89.26%
    Req/Sec   791.85    298.25     1.60k    68.06%
  Latency Distribution (HdrHistogram - Recorded Latency)
 50.000%    3.90ms
 75.000%    4.47ms
 90.000%    5.23ms
 99.000%    7.86ms
 99.900%   11.41ms
 99.990%   41.02ms
 99.999%   43.68ms
100.000%   43.74ms

  Detailed Percentile spectrum:
       Value   Percentile   TotalCount 1/(1-Percentile)

       2.261     0.000000            1         1.00
       3.203     0.100000         6021         1.11
       3.407     0.200000        11990         1.25
       3.575     0.300000        17963         1.43
       3.735     0.400000        23882         1.67
       3.899     0.500000        29872         2.00
       3.993     0.550000        32869         2.22
       4.093     0.600000        35832         2.50
       4.203     0.650000        38891         2.86
       4.327     0.700000        41824         3.33
       4.467     0.750000        44825         4.00
       4.551     0.775000        46313         4.44
       4.643     0.800000        47769         5.00
       4.755     0.825000        49287         5.71
       4.879     0.850000        50752         6.67
       5.031     0.875000        52248         8.00
       5.123     0.887500        53007         8.89
       5.227     0.900000        53741        10.00
       5.351     0.912500        54489        11.43
       5.499     0.925000        55242        13.33
       5.671     0.937500        55968        16.00
       5.775     0.943750        56342        17.78
       5.911     0.950000        56724        20.00
       6.067     0.956250        57094        22.86
       6.227     0.962500        57461        26.67
       6.443     0.968750        57834        32.00
       6.575     0.971875        58019        35.56
       6.735     0.975000        58207        40.00
       6.879     0.978125        58393        45.71
       7.087     0.981250        58580        53.33
       7.307     0.984375        58769        64.00
       7.427     0.985938        58861        71.11
       7.559     0.987500        58953        80.00
       7.727     0.989062        59046        91.43
       7.931     0.990625        59139       106.67
       8.123     0.992188        59234       128.00
       8.247     0.992969        59281       142.22
       8.383     0.993750        59327       160.00
       8.575     0.994531        59372       182.86
       8.775     0.995313        59418       213.33
       9.039     0.996094        59467       256.00
       9.159     0.996484        59489       284.44
       9.351     0.996875        59512       320.00
       9.527     0.997266        59534       365.71
       9.775     0.997656        59559       426.67
      10.135     0.998047        59581       512.00
      10.263     0.998242        59593       568.89
      10.543     0.998437        59604       640.00
      10.735     0.998633        59616       731.43
      11.047     0.998828        59628       853.33
      11.487     0.999023        59639      1024.00
      11.743     0.999121        59645      1137.78
      12.023     0.999219        59651      1280.00
      12.279     0.999316        59657      1462.86
      13.215     0.999414        59663      1706.67
      16.135     0.999512        59668      2048.00
      24.415     0.999561        59671      2275.56
      35.423     0.999609        59674      2560.00
      36.319     0.999658        59677      2925.71
      37.759     0.999707        59680      3413.33
      39.231     0.999756        59683      4096.00
      39.935     0.999780        59685      4551.11
      39.999     0.999805        59686      5120.00
      40.031     0.999829        59687      5851.43
      40.319     0.999854        59689      6826.67
      40.799     0.999878        59690      8192.00
      41.023     0.999890        59691      9102.22
      41.279     0.999902        59692     10240.00
      41.279     0.999915        59692     11702.86
      42.175     0.999927        59693     13653.33
      42.623     0.999939        59694     16384.00
      42.623     0.999945        59694     18204.44
      42.687     0.999951        59695     20480.00
      42.687     0.999957        59695     23405.71
      42.687     0.999963        59695     27306.67
      43.679     0.999969        59696     32768.00
      43.679     0.999973        59696     36408.89
      43.679     0.999976        59696     40960.00
      43.679     0.999979        59696     46811.43
      43.679     0.999982        59696     54613.33
      43.743     0.999985        59697     65536.00
      43.743     1.000000        59697          inf
#[Mean    =        4.130, StdDeviation   =        1.221]
#[Max     =       43.712, Total count    =        59697]
#[Buckets =           27, SubBuckets     =         2048]
----------------------------------------------------------
  89115 requests in 30.00s, 15.64MB read
  Socket errors: connect 0, read 0, write 0, timeout 1
Requests/sec:   2970.60
Transfer/sec:    533.78KB
