Using argument nginx
using  args: threads=4 and connections=512 and duration=30 and requests=14000
Running 30s test @ http://10.10.1.6:5000
  4 threads and 512 connections
  Thread calibration: mean lat.: 174.407ms, rate sampling interval: 828ms
  Thread calibration: mean lat.: 185.854ms, rate sampling interval: 851ms
  Thread calibration: mean lat.: 213.511ms, rate sampling interval: 950ms
  Thread calibration: mean lat.: 173.255ms, rate sampling interval: 823ms
  Thread Stats   Avg      Stdev     99%   +/- Stdev
    Latency   130.28ms  141.47ms 722.94ms   89.04%
    Req/Sec     3.54k    89.01     3.73k    67.03%
  Latency Distribution (HdrHistogram - Recorded Latency)
 50.000%   83.65ms
 75.000%  159.87ms
 90.000%  286.98ms
 99.000%  722.94ms
 99.900%    1.12s 
 99.990%    1.29s 
 99.999%    1.41s 
100.000%    1.43s 

  Detailed Percentile spectrum:
       Value   Percentile   TotalCount 1/(1-Percentile)

       0.359     0.000000            1         1.00
      26.303     0.100000        28119         1.11
      38.239     0.200000        56193         1.25
      50.527     0.300000        84326         1.43
      65.407     0.400000       112391         1.67
      83.647     0.500000       140502         2.00
      94.527     0.550000       154557         2.22
     106.879     0.600000       168580         2.50
     121.343     0.650000       182618         2.86
     138.495     0.700000       196641         3.33
     159.871     0.750000       210698         4.00
     172.671     0.775000       217708         4.44
     187.263     0.800000       224727         5.00
     204.415     0.825000       231783         5.71
     224.767     0.850000       238773         6.67
     251.135     0.875000       245806         8.00
     267.775     0.887500       249340         8.89
     286.975     0.900000       252817        10.00
     308.991     0.912500       256336        11.43
     335.871     0.925000       259846        13.33
     367.359     0.937500       263365        16.00
     386.815     0.943750       265101        17.78
     409.599     0.950000       266866        20.00
     437.759     0.956250       268623        22.86
     470.015     0.962500       270375        26.67
     509.951     0.968750       272125        32.00
     530.431     0.971875       273004        35.56
     554.495     0.975000       273882        40.00
     579.071     0.978125       274760        45.71
     607.231     0.981250       275644        53.33
     642.047     0.984375       276523        64.00
     663.039     0.985938       276957        71.11
     685.055     0.987500       277391        80.00
     707.583     0.989062       277832        91.43
     733.695     0.990625       278271       106.67
     764.927     0.992188       278712       128.00
     781.823     0.992969       278928       142.22
     799.743     0.993750       279150       160.00
     823.295     0.994531       279369       182.86
     845.823     0.995313       279584       213.33
     874.495     0.996094       279803       256.00
     893.951     0.996484       279913       284.44
     914.431     0.996875       280024       320.00
     941.055     0.997266       280132       365.71
     971.263     0.997656       280242       426.67
    1010.687     0.998047       280352       512.00
    1036.799     0.998242       280408       568.89
    1059.839     0.998437       280464       640.00
    1079.295     0.998633       280517       731.43
    1098.751     0.998828       280571       853.33
    1122.303     0.999023       280627      1024.00
    1138.687     0.999121       280654      1137.78
    1153.023     0.999219       280682      1280.00
    1167.359     0.999316       280710      1462.86
    1179.647     0.999414       280739      1706.67
    1190.911     0.999512       280765      2048.00
    1199.103     0.999561       280777      2275.56
    1210.367     0.999609       280792      2560.00
    1221.631     0.999658       280807      2925.71
    1231.871     0.999707       280818      3413.33
    1244.159     0.999756       280832      4096.00
    1252.351     0.999780       280839      4551.11
    1263.615     0.999805       280846      5120.00
    1270.783     0.999829       280852      5851.43
    1279.999     0.999854       280860      6826.67
    1288.191     0.999878       280866      8192.00
    1291.263     0.999890       280871      9102.22
    1295.359     0.999902       280873     10240.00
    1304.575     0.999915       280876     11702.86
    1307.647     0.999927       280881     13653.33
    1318.911     0.999939       280884     16384.00
    1321.983     0.999945       280885     18204.44
    1328.127     0.999951       280887     20480.00
    1329.151     0.999957       280888     23405.71
    1340.415     0.999963       280890     27306.67
    1366.015     0.999969       280892     32768.00
    1370.111     0.999973       280893     36408.89
    1375.231     0.999976       280894     40960.00
    1375.231     0.999979       280894     46811.43
    1387.519     0.999982       280895     54613.33
    1411.071     0.999985       280896     65536.00
    1412.095     0.999986       280897     72817.78
    1412.095     0.999988       280897     81920.00
    1412.095     0.999989       280897     93622.86
    1413.119     0.999991       280898    109226.67
    1413.119     0.999992       280898    131072.00
    1421.311     0.999993       280899    145635.56
    1421.311     0.999994       280899    163840.00
    1421.311     0.999995       280899    187245.71
    1421.311     0.999995       280899    218453.33
    1421.311     0.999996       280899    262144.00
    1429.503     0.999997       280900    291271.11
    1429.503     1.000000       280900          inf
#[Mean    =      130.283, StdDeviation   =      141.472]
#[Max     =     1428.480, Total count    =       280900]
#[Buckets =           27, SubBuckets     =         2048]
----------------------------------------------------------
  415611 requests in 30.00s, 172.00MB read
Requests/sec:  13852.63
Transfer/sec:      5.73MB
