Using argument nginx
using  args: threads=4 and connections=512 and duration=30 and requests=3000
Running 30s test @ http://10.10.1.5:8080
  4 threads and 512 connections
  Thread calibration: mean lat.: 1372.570ms, rate sampling interval: 7401ms
  Thread calibration: mean lat.: 1513.850ms, rate sampling interval: 7548ms
  Thread calibration: mean lat.: 1582.329ms, rate sampling interval: 7626ms
  Thread calibration: mean lat.: 1771.453ms, rate sampling interval: 7811ms
  Thread Stats   Avg      Stdev     99%   +/- Stdev
    Latency     6.28s     5.66s   21.35s    65.40%
    Req/Sec   332.00     22.79   359.00     50.00%
  Latency Distribution (HdrHistogram - Recorded Latency)
 50.000%    4.66s 
 75.000%   10.25s 
 90.000%   14.57s 
 99.000%   21.35s 
 99.900%   23.87s 
 99.990%   24.58s 
 99.999%   24.97s 
100.000%   24.97s 

  Detailed Percentile spectrum:
       Value   Percentile   TotalCount 1/(1-Percentile)

       0.410     0.000000            1         1.00
     195.839     0.100000         2685         1.11
     917.503     0.200000         5372         1.25
    1906.687     0.300000         8055         1.43
    3252.223     0.400000        10737         1.67
    4657.151     0.500000        13425         2.00
    5554.175     0.550000        14771         2.22
    6635.519     0.600000        16110         2.50
    7725.055     0.650000        17448         2.86
    9052.159     0.700000        18804         3.33
   10248.191     0.750000        20131         4.00
   10747.903     0.775000        20809         4.44
   11263.999     0.800000        21473         5.00
   12009.471     0.825000        22150         5.71
   12894.207     0.850000        22818         6.67
   13631.487     0.875000        23491         8.00
   14098.431     0.887500        23823         8.89
   14565.375     0.900000        24161        10.00
   15212.543     0.912500        24493        11.43
   15941.631     0.925000        24830        13.33
   16637.951     0.937500        25164        16.00
   17006.591     0.943750        25335        17.78
   17399.807     0.950000        25500        20.00
   18006.015     0.956250        25669        22.86
   18546.687     0.962500        25837        26.67
   19136.511     0.968750        26006        32.00
   19447.807     0.971875        26090        35.56
   19775.487     0.975000        26179        40.00
   20004.863     0.978125        26256        45.71
   20283.391     0.981250        26339        53.33
   20676.607     0.984375        26424        64.00
   20889.599     0.985938        26467        71.11
   21020.671     0.987500        26508        80.00
   21217.279     0.989062        26550        91.43
   21413.887     0.990625        26592       106.67
   21577.727     0.992188        26634       128.00
   21708.799     0.992969        26653       142.22
   21954.559     0.993750        26674       160.00
   22151.167     0.994531        26695       182.86
   22446.079     0.995313        26717       213.33
   22609.919     0.996094        26738       256.00
   22888.447     0.996484        26747       284.44
   23150.591     0.996875        26758       320.00
   23281.663     0.997266        26768       365.71
   23363.583     0.997656        26780       426.67
   23527.423     0.998047        26789       512.00
   23592.959     0.998242        26795       568.89
   23642.111     0.998437        26800       640.00
   23740.415     0.998633        26806       731.43
   23789.567     0.998828        26810       853.33
   23887.871     0.999023        26815      1024.00
   24018.943     0.999121        26819      1137.78
   24068.095     0.999219        26823      1280.00
   24068.095     0.999316        26823      1462.86
   24133.631     0.999414        26826      1706.67
   24248.319     0.999512        26828      2048.00
   24264.703     0.999561        26830      2275.56
   24281.087     0.999609        26831      2560.00
   24363.007     0.999658        26832      2925.71
   24412.159     0.999707        26834      3413.33
   24444.927     0.999756        26835      4096.00
   24461.311     0.999780        26836      4551.11
   24461.311     0.999805        26836      5120.00
   24526.847     0.999829        26837      5851.43
   24575.999     0.999854        26838      6826.67
   24575.999     0.999878        26838      8192.00
   24625.151     0.999890        26839      9102.22
   24625.151     0.999902        26839     10240.00
   24625.151     0.999915        26839     11702.86
   24854.527     0.999927        26840     13653.33
   24854.527     0.999939        26840     16384.00
   24854.527     0.999945        26840     18204.44
   24854.527     0.999951        26840     20480.00
   24854.527     0.999957        26840     23405.71
   24969.215     0.999963        26841     27306.67
   24969.215     1.000000        26841          inf
#[Mean    =     6283.150, StdDeviation   =     5660.206]
#[Max     =    24952.832, Total count    =        26841]
#[Buckets =           27, SubBuckets     =         2048]
----------------------------------------------------------
  41558 requests in 30.07s, 327.85MB read
  Socket errors: connect 0, read 0, write 0, timeout 1
  Non-2xx or 3xx responses: 519
Requests/sec:   1382.08
Transfer/sec:     10.90MB
