Using argument nginx
using  args: threads=4 and connections=512 and duration=150 and requests=500
Running 2m test @ http://10.10.1.8:8080
  4 threads and 512 connections
  Thread calibration: mean lat.: 3.436ms, rate sampling interval: 10ms
  Thread calibration: mean lat.: 3.393ms, rate sampling interval: 10ms
  Thread calibration: mean lat.: 3.448ms, rate sampling interval: 10ms
  Thread calibration: mean lat.: 3.382ms, rate sampling interval: 10ms
  Thread Stats   Avg      Stdev     99%   +/- Stdev
    Latency     3.52ms    1.33ms   5.97ms   58.76%
    Req/Sec   131.74    118.03   500.00     58.27%
  Latency Distribution (HdrHistogram - Recorded Latency)
 50.000%    3.95ms
 75.000%    4.47ms
 90.000%    4.95ms
 99.000%    5.97ms
 99.900%    7.25ms
 99.990%    8.83ms
 99.999%    9.62ms
100.000%   10.07ms

  Detailed Percentile spectrum:
       Value   Percentile   TotalCount 1/(1-Percentile)

       0.565     0.000000            1         1.00
       1.591     0.100000         7009         1.11
       1.865     0.200000        14009         1.25
       2.301     0.300000        21025         1.43
       3.703     0.400000        28027         1.67
       3.955     0.500000        35024         2.00
       4.059     0.550000        38566         2.22
       4.155     0.600000        42105         2.50
       4.255     0.650000        45615         2.86
       4.359     0.700000        49111         3.33
       4.471     0.750000        52634         4.00
       4.531     0.775000        54310         4.44
       4.599     0.800000        56135         5.00
       4.671     0.825000        57850         5.71
       4.751     0.850000        59541         6.67
       4.843     0.875000        61299         8.00
       4.895     0.887500        62216         8.89
       4.951     0.900000        63107        10.00
       5.007     0.912500        63917        11.43
       5.075     0.925000        64832        13.33
       5.151     0.937500        65688        16.00
       5.195     0.943750        66121        17.78
       5.243     0.950000        66542        20.00
       5.303     0.956250        67008        22.86
       5.367     0.962500        67420        26.67
       5.447     0.968750        67872        32.00
       5.491     0.971875        68090        35.56
       5.539     0.975000        68297        40.00
       5.599     0.978125        68520        45.71
       5.671     0.981250        68731        53.33
       5.759     0.984375        68961        64.00
       5.803     0.985938        69063        71.11
       5.867     0.987500        69170        80.00
       5.931     0.989062        69278        91.43
       6.011     0.990625        69390       106.67
       6.115     0.992188        69498       128.00
       6.167     0.992969        69555       142.22
       6.223     0.993750        69607       160.00
       6.291     0.994531        69663       182.86
       6.367     0.995313        69719       213.33
       6.447     0.996094        69771       256.00
       6.519     0.996484        69799       284.44
       6.575     0.996875        69827       320.00
       6.647     0.997266        69853       365.71
       6.727     0.997656        69881       426.67
       6.839     0.998047        69909       512.00
       6.891     0.998242        69921       568.89
       6.979     0.998437        69935       640.00
       7.051     0.998633        69950       731.43
       7.147     0.998828        69962       853.33
       7.271     0.999023        69976      1024.00
       7.339     0.999121        69984      1137.78
       7.371     0.999219        69990      1280.00
       7.451     0.999316        69997      1462.86
       7.479     0.999414        70003      1706.67
       7.611     0.999512        70010      2048.00
       7.723     0.999561        70014      2275.56
       7.815     0.999609        70017      2560.00
       7.975     0.999658        70021      2925.71
       8.187     0.999707        70024      3413.33
       8.359     0.999756        70027      4096.00
       8.415     0.999780        70029      4551.11
       8.519     0.999805        70031      5120.00
       8.687     0.999829        70033      5851.43
       8.703     0.999854        70034      6826.67
       8.823     0.999878        70036      8192.00
       8.831     0.999890        70037      9102.22
       8.887     0.999902        70038     10240.00
       8.919     0.999915        70039     11702.86
       8.919     0.999927        70039     13653.33
       8.959     0.999939        70041     16384.00
       8.959     0.999945        70041     18204.44
       8.959     0.999951        70041     20480.00
       9.079     0.999957        70042     23405.71
       9.079     0.999963        70042     27306.67
       9.079     0.999969        70042     32768.00
       9.623     0.999973        70043     36408.89
       9.623     0.999976        70043     40960.00
       9.623     0.999979        70043     46811.43
       9.623     0.999982        70043     54613.33
       9.623     0.999985        70043     65536.00
      10.071     0.999986        70044     72817.78
      10.071     1.000000        70044          inf
#[Mean    =        3.517, StdDeviation   =        1.329]
#[Max     =       10.064, Total count    =        70044]
#[Buckets =           27, SubBuckets     =         2048]
----------------------------------------------------------
  74959 requests in 2.50m, 604.20MB read
  Socket errors: connect 0, read 0, write 0, timeout 5326
Requests/sec:    499.68
Transfer/sec:      4.03MB
