No argument supplied
using default
Running 30s test @ http://localhost:8080/wrk2-api/review/compose
  2 threads and 4 connections
  Thread calibration: mean lat.: 4.233ms, rate sampling interval: 10ms
  Thread calibration: mean lat.: 4.120ms, rate sampling interval: 10ms
  Thread Stats   Avg      Stdev     99%   +/- Stdev
    Latency     4.01ms    0.97ms   7.78ms   82.26%
    Req/Sec   105.04    106.93   400.00     83.35%
  Latency Distribution (HdrHistogram - Recorded Latency)
 50.000%    3.79ms
 75.000%    4.30ms
 90.000%    5.10ms
 99.000%    7.78ms
 99.900%   10.04ms
 99.990%   11.01ms
 99.999%   11.01ms
100.000%   11.01ms

  Detailed Percentile spectrum:
       Value   Percentile   TotalCount 1/(1-Percentile)

       2.587     0.000000            1         1.00
       3.131     0.100000          401         1.11
       3.319     0.200000          799         1.25
       3.479     0.300000         1198         1.43
       3.631     0.400000         1598         1.67
       3.793     0.500000         1998         2.00
       3.871     0.550000         2196         2.22
       3.969     0.600000         2407         2.50
       4.055     0.650000         2595         2.86
       4.163     0.700000         2803         3.33
       4.299     0.750000         2999         4.00
       4.379     0.775000         3095         4.44
       4.467     0.800000         3196         5.00
       4.575     0.825000         3294         5.71
       4.699     0.850000         3394         6.67
       4.863     0.875000         3493         8.00
       4.975     0.887500         3544         8.89
       5.103     0.900000         3593        10.00
       5.295     0.912500         3643        11.43
       5.491     0.925000         3693        13.33
       5.727     0.937500         3743        16.00
       5.855     0.943750         3768        17.78
       6.031     0.950000         3793        20.00
       6.203     0.956250         3818        22.86
       6.391     0.962500         3843        26.67
       6.567     0.968750         3868        32.00
       6.655     0.971875         3880        35.56
       6.723     0.975000         3893        40.00
       6.791     0.978125         3905        45.71
       7.023     0.981250         3918        53.33
       7.147     0.984375         3930        64.00
       7.311     0.985938         3936        71.11
       7.391     0.987500         3943        80.00
       7.563     0.989062         3949        91.43
       7.831     0.990625         3955       106.67
       8.075     0.992188         3961       128.00
       8.127     0.992969         3964       142.22
       8.287     0.993750         3968       160.00
       8.511     0.994531         3971       182.86
       8.703     0.995313         3974       213.33
       8.831     0.996094         3977       256.00
       8.839     0.996484         3978       284.44
       8.943     0.996875         3980       320.00
       9.055     0.997266         3982       365.71
       9.167     0.997656         3983       426.67
       9.343     0.998047         3985       512.00
       9.343     0.998242         3985       568.89
       9.535     0.998437         3986       640.00
       9.551     0.998633         3987       731.43
      10.039     0.998828         3988       853.33
      10.087     0.999023         3989      1024.00
      10.087     0.999121         3989      1137.78
      10.087     0.999219         3989      1280.00
      10.143     0.999316         3990      1462.86
      10.143     0.999414         3990      1706.67
      10.599     0.999512         3991      2048.00
      10.599     0.999561         3991      2275.56
      10.599     0.999609         3991      2560.00
      10.599     0.999658         3991      2925.71
      10.599     0.999707         3991      3413.33
      11.007     0.999756         3992      4096.00
      11.007     1.000000         3992          inf
#[Mean    =        4.013, StdDeviation   =        0.968]
#[Max     =       11.000, Total count    =         3992]
#[Buckets =           27, SubBuckets     =         2048]
----------------------------------------------------------
  5994 requests in 30.00s, 1.05MB read
Requests/sec:    199.78
Transfer/sec:     35.90KB
