No argument supplied
using default
Running 30s test @ http://localhost:5000
  2 threads and 4 connections
  Thread calibration: mean lat.: 3.985ms, rate sampling interval: 14ms
  Thread calibration: mean lat.: 4.213ms, rate sampling interval: 15ms
  Thread Stats   Avg      Stdev     99%   +/- Stdev
    Latency     3.95ms    2.30ms  10.75ms   76.76%
    Req/Sec   103.08     86.45   357.00     57.88%
  Latency Distribution (HdrHistogram - Recorded Latency)
 50.000%    3.13ms
 75.000%    5.34ms
 90.000%    7.22ms
 99.000%   10.75ms
 99.900%   15.88ms
 99.990%   20.05ms
 99.999%   20.05ms
100.000%   20.05ms

  Detailed Percentile spectrum:
       Value   Percentile   TotalCount 1/(1-Percentile)

       0.897     0.000000            1         1.00
       1.783     0.100000          401         1.11
       2.079     0.200000          799         1.25
       2.391     0.300000         1202         1.43
       2.745     0.400000         1598         1.67
       3.127     0.500000         1998         2.00
       3.323     0.550000         2198         2.22
       3.571     0.600000         2399         2.50
       4.131     0.650000         2596         2.86
       4.831     0.700000         2797         3.33
       5.343     0.750000         2995         4.00
       5.631     0.775000         3095         4.44
       5.943     0.800000         3197         5.00
       6.175     0.825000         3296         5.71
       6.447     0.850000         3398         6.67
       6.819     0.875000         3495         8.00
       7.007     0.887500         3544         8.89
       7.219     0.900000         3594        10.00
       7.491     0.912500         3644        11.43
       7.799     0.925000         3695        13.33
       8.047     0.937500         3744        16.00
       8.223     0.943750         3769        17.78
       8.383     0.950000         3794        20.00
       8.575     0.956250         3819        22.86
       8.807     0.962500         3844        26.67
       9.087     0.968750         3869        32.00
       9.295     0.971875         3881        35.56
       9.447     0.975000         3894        40.00
       9.639     0.978125         3908        45.71
       9.807     0.981250         3919        53.33
      10.063     0.984375         3931        64.00
      10.239     0.985938         3938        71.11
      10.431     0.987500         3944        80.00
      10.655     0.989062         3950        91.43
      10.871     0.990625         3956       106.67
      11.119     0.992188         3963       128.00
      11.319     0.992969         3965       142.22
      11.663     0.993750         3969       160.00
      11.975     0.994531         3972       182.86
      12.695     0.995313         3975       213.33
      13.423     0.996094         3978       256.00
      13.727     0.996484         3979       284.44
      14.015     0.996875         3981       320.00
      14.127     0.997266         3983       365.71
      14.447     0.997656         3984       426.67
      14.927     0.998047         3986       512.00
      14.927     0.998242         3986       568.89
      15.223     0.998437         3987       640.00
      15.679     0.998633         3988       731.43
      15.879     0.998828         3989       853.33
      16.151     0.999023         3990      1024.00
      16.151     0.999121         3990      1137.78
      16.151     0.999219         3990      1280.00
      16.687     0.999316         3991      1462.86
      16.687     0.999414         3991      1706.67
      17.727     0.999512         3992      2048.00
      17.727     0.999561         3992      2275.56
      17.727     0.999609         3992      2560.00
      17.727     0.999658         3992      2925.71
      17.727     0.999707         3992      3413.33
      20.047     0.999756         3993      4096.00
      20.047     1.000000         3993          inf
#[Mean    =        3.946, StdDeviation   =        2.295]
#[Max     =       20.032, Total count    =         3993]
#[Buckets =           27, SubBuckets     =         2048]
----------------------------------------------------------
  5994 requests in 30.00s, 2.49MB read
Requests/sec:    199.78
Transfer/sec:     85.01KB
