No argument supplied nginx
using  args: threads=4 and connections=512 and duration=30 and requests=1000
Running 30s test @ http://localhost:5000
  4 threads and 512 connections
  Thread calibration: mean lat.: 3.275ms, rate sampling interval: 11ms
  Thread calibration: mean lat.: 3.213ms, rate sampling interval: 10ms
  Thread calibration: mean lat.: 3.248ms, rate sampling interval: 10ms
  Thread calibration: mean lat.: 3.561ms, rate sampling interval: 11ms
  Thread Stats   Avg      Stdev     99%   +/- Stdev
    Latency     3.18ms    1.52ms   7.84ms   77.57%
    Req/Sec   263.11    162.55   700.00     72.85%
  Latency Distribution (HdrHistogram - Recorded Latency)
 50.000%    2.70ms
 75.000%    3.90ms
 90.000%    5.22ms
 99.000%    7.84ms
 99.900%   14.18ms
 99.990%   21.38ms
 99.999%   22.94ms
100.000%   22.94ms

  Detailed Percentile spectrum:
       Value   Percentile   TotalCount 1/(1-Percentile)

       1.023     0.000000            1         1.00
       1.724     0.100000         1991         1.11
       2.009     0.200000         3982         1.25
       2.211     0.300000         5976         1.43
       2.447     0.400000         7960         1.67
       2.701     0.500000         9950         2.00
       2.933     0.550000        10944         2.22
       3.121     0.600000        11935         2.50
       3.369     0.650000        12937         2.86
       3.613     0.700000        13926         3.33
       3.903     0.750000        14917         4.00
       4.065     0.775000        15416         4.44
       4.239     0.800000        15917         5.00
       4.479     0.825000        16409         5.71
       4.667     0.850000        16906         6.67
       4.939     0.875000        17403         8.00
       5.071     0.887500        17659         8.89
       5.215     0.900000        17905        10.00
       5.391     0.912500        18148        11.43
       5.579     0.925000        18398        13.33
       5.771     0.937500        18647        16.00
       5.931     0.943750        18772        17.78
       6.071     0.950000        18894        20.00
       6.231     0.956250        19021        22.86
       6.407     0.962500        19145        26.67
       6.611     0.968750        19270        32.00
       6.743     0.971875        19332        35.56
       6.855     0.975000        19391        40.00
       7.027     0.978125        19454        45.71
       7.167     0.981250        19516        53.33
       7.335     0.984375        19578        64.00
       7.503     0.985938        19610        71.11
       7.611     0.987500        19640        80.00
       7.723     0.989062        19671        91.43
       7.903     0.990625        19703       106.67
       8.043     0.992188        19733       128.00
       8.215     0.992969        19749       142.22
       8.383     0.993750        19765       160.00
       8.607     0.994531        19780       182.86
       8.775     0.995313        19795       213.33
       9.215     0.996094        19811       256.00
       9.423     0.996484        19819       284.44
       9.575     0.996875        19826       320.00
       9.767     0.997266        19835       365.71
      10.279     0.997656        19842       426.67
      10.823     0.998047        19850       512.00
      11.263     0.998242        19854       568.89
      12.151     0.998437        19857       640.00
      13.239     0.998633        19861       731.43
      13.903     0.998828        19865       853.33
      14.447     0.999023        19869      1024.00
      14.743     0.999121        19871      1137.78
      14.975     0.999219        19873      1280.00
      15.519     0.999316        19875      1462.86
      16.591     0.999414        19877      1706.67
      16.943     0.999512        19879      2048.00
      17.375     0.999561        19881      2275.56
      17.375     0.999609        19881      2560.00
      18.799     0.999658        19882      2925.71
      19.359     0.999707        19883      3413.33
      19.951     0.999756        19884      4096.00
      19.951     0.999780        19884      4551.11
      20.079     0.999805        19885      5120.00
      20.079     0.999829        19885      5851.43
      21.375     0.999854        19886      6826.67
      21.375     0.999878        19886      8192.00
      21.375     0.999890        19886      9102.22
      21.551     0.999902        19887     10240.00
      21.551     0.999915        19887     11702.86
      21.551     0.999927        19887     13653.33
      21.551     0.999939        19887     16384.00
      21.551     0.999945        19887     18204.44
      22.943     0.999951        19888     20480.00
      22.943     1.000000        19888          inf
#[Mean    =        3.183, StdDeviation   =        1.524]
#[Max     =       22.928, Total count    =        19888]
#[Buckets =           27, SubBuckets     =         2048]
----------------------------------------------------------
  29407 requests in 30.00s, 12.16MB read
  Socket errors: connect 0, read 0, write 0, timeout 177
Requests/sec:    980.12
Transfer/sec:    415.01KB
