No argument supplied nginx
using  args: threads=4 and connections=512 and duration=30 and requests=2000
Running 30s test @ http://localhost:5000
  4 threads and 512 connections
  Thread calibration: mean lat.: 2.829ms, rate sampling interval: 10ms
  Thread calibration: mean lat.: 2.928ms, rate sampling interval: 10ms
  Thread calibration: mean lat.: 2.843ms, rate sampling interval: 10ms
  Thread calibration: mean lat.: 3.498ms, rate sampling interval: 10ms
  Thread Stats   Avg      Stdev     99%   +/- Stdev
    Latency     2.82ms    1.25ms   6.94ms   76.85%
    Req/Sec   525.54    237.91     1.11k    69.62%
  Latency Distribution (HdrHistogram - Recorded Latency)
 50.000%    2.46ms
 75.000%    3.37ms
 90.000%    4.52ms
 99.000%    6.94ms
 99.900%    8.95ms
 99.990%   15.45ms
 99.999%   22.88ms
100.000%   22.88ms

  Detailed Percentile spectrum:
       Value   Percentile   TotalCount 1/(1-Percentile)

       1.002     0.000000            1         1.00
       1.601     0.100000         3968         1.11
       1.888     0.200000         7945         1.25
       2.053     0.300000        11901         1.43
       2.221     0.400000        15872         1.67
       2.457     0.500000        19829         2.00
       2.583     0.550000        21830         2.22
       2.733     0.600000        23791         2.50
       2.945     0.650000        25795         2.86
       3.121     0.700000        27762         3.33
       3.367     0.750000        29738         4.00
       3.507     0.775000        30733         4.44
       3.651     0.800000        31727         5.00
       3.819     0.825000        32723         5.71
       4.017     0.850000        33708         6.67
       4.227     0.875000        34696         8.00
       4.371     0.887500        35196         8.89
       4.523     0.900000        35691        10.00
       4.671     0.912500        36186        11.43
       4.855     0.925000        36681        13.33
       5.079     0.937500        37179        16.00
       5.219     0.943750        37428        17.78
       5.355     0.950000        37669        20.00
       5.507     0.956250        37917        22.86
       5.659     0.962500        38166        26.67
       5.859     0.968750        38416        32.00
       5.959     0.971875        38538        35.56
       6.083     0.975000        38659        40.00
       6.215     0.978125        38783        45.71
       6.355     0.981250        38907        53.33
       6.543     0.984375        39033        64.00
       6.623     0.985938        39093        71.11
       6.727     0.987500        39155        80.00
       6.851     0.989062        39218        91.43
       7.003     0.990625        39280       106.67
       7.147     0.992188        39342       128.00
       7.223     0.992969        39372       142.22
       7.299     0.993750        39404       160.00
       7.403     0.994531        39434       182.86
       7.571     0.995313        39465       213.33
       7.723     0.996094        39496       256.00
       7.795     0.996484        39511       284.44
       7.927     0.996875        39527       320.00
       8.023     0.997266        39542       365.71
       8.179     0.997656        39558       426.67
       8.335     0.998047        39573       512.00
       8.423     0.998242        39581       568.89
       8.503     0.998437        39589       640.00
       8.567     0.998633        39596       731.43
       8.847     0.998828        39604       853.33
       9.047     0.999023        39612      1024.00
       9.263     0.999121        39617      1137.78
       9.535     0.999219        39620      1280.00
      10.007     0.999316        39623      1462.86
      10.311     0.999414        39627      1706.67
      11.263     0.999512        39631      2048.00
      11.479     0.999561        39633      2275.56
      11.695     0.999609        39635      2560.00
      11.799     0.999658        39637      2925.71
      12.087     0.999707        39639      3413.33
      13.319     0.999756        39641      4096.00
      13.703     0.999780        39642      4551.11
      14.511     0.999805        39643      5120.00
      14.943     0.999829        39644      5851.43
      15.199     0.999854        39645      6826.67
      15.447     0.999878        39646      8192.00
      15.447     0.999890        39646      9102.22
      15.767     0.999902        39647     10240.00
      15.767     0.999915        39647     11702.86
      18.303     0.999927        39648     13653.33
      18.303     0.999939        39648     16384.00
      18.303     0.999945        39648     18204.44
      21.567     0.999951        39649     20480.00
      21.567     0.999957        39649     23405.71
      21.567     0.999963        39649     27306.67
      21.567     0.999969        39649     32768.00
      21.567     0.999973        39649     36408.89
      22.879     0.999976        39650     40960.00
      22.879     1.000000        39650          inf
#[Mean    =        2.824, StdDeviation   =        1.246]
#[Max     =       22.864, Total count    =        39650]
#[Buckets =           27, SubBuckets     =         2048]
----------------------------------------------------------
  58712 requests in 30.00s, 24.18MB read
  Socket errors: connect 0, read 0, write 0, timeout 8
Requests/sec:   1957.05
Transfer/sec:    825.29KB
