No argument supplied nginx
using  args: threads=4 and connections=512 and duration=30 and requests=1000
Running 30s test @ http://localhost:8080/wrk2-api/user-timeline/read
  4 threads and 512 connections
  Thread calibration: mean lat.: 4.157ms, rate sampling interval: 10ms
  Thread calibration: mean lat.: 4.153ms, rate sampling interval: 10ms
  Thread calibration: mean lat.: 4.080ms, rate sampling interval: 10ms
  Thread calibration: mean lat.: 4.160ms, rate sampling interval: 10ms
  Thread Stats   Avg      Stdev     99%   +/- Stdev
    Latency     3.94ms    0.99ms   7.48ms   82.19%
    Req/Sec   264.52    168.44   700.00     73.95%
  Latency Distribution (HdrHistogram - Recorded Latency)
 50.000%    3.64ms
 75.000%    4.35ms
 90.000%    5.24ms
 99.000%    7.48ms
 99.900%    9.58ms
 99.990%   11.87ms
 99.999%   13.17ms
100.000%   13.17ms

  Detailed Percentile spectrum:
       Value   Percentile   TotalCount 1/(1-Percentile)

       2.653     0.000000            1         1.00
       3.055     0.100000         2002         1.11
       3.183     0.200000         3990         1.25
       3.313     0.300000         5982         1.43
       3.467     0.400000         8004         1.67
       3.645     0.500000         9984         2.00
       3.745     0.550000        10974         2.22
       3.849     0.600000        11973         2.50
       3.981     0.650000        12965         2.86
       4.159     0.700000        13960         3.33
       4.347     0.750000        14961         4.00
       4.455     0.775000        15461         4.44
       4.579     0.800000        15949         5.00
       4.703     0.825000        16454         5.71
       4.847     0.850000        16955         6.67
       5.019     0.875000        17448         8.00
       5.123     0.887500        17692         8.89
       5.243     0.900000        17946        10.00
       5.379     0.912500        18195        11.43
       5.535     0.925000        18442        13.33
       5.719     0.937500        18696        16.00
       5.811     0.943750        18814        17.78
       5.915     0.950000        18941        20.00
       6.031     0.956250        19065        22.86
       6.159     0.962500        19187        26.67
       6.339     0.968750        19313        32.00
       6.435     0.971875        19374        35.56
       6.543     0.975000        19436        40.00
       6.699     0.978125        19498        45.71
       6.855     0.981250        19561        53.33
       7.079     0.984375        19623        64.00
       7.183     0.985938        19654        71.11
       7.303     0.987500        19685        80.00
       7.411     0.989062        19716        91.43
       7.539     0.990625        19748       106.67
       7.687     0.992188        19779       128.00
       7.751     0.992969        19795       142.22
       7.879     0.993750        19811       160.00
       7.987     0.994531        19825       182.86
       8.147     0.995313        19841       213.33
       8.319     0.996094        19857       256.00
       8.447     0.996484        19865       284.44
       8.607     0.996875        19872       320.00
       8.775     0.997266        19880       365.71
       8.863     0.997656        19888       426.67
       8.967     0.998047        19896       512.00
       9.047     0.998242        19899       568.89
       9.159     0.998437        19904       640.00
       9.271     0.998633        19907       731.43
       9.495     0.998828        19911       853.33
       9.647     0.999023        19915      1024.00
       9.735     0.999121        19917      1137.78
       9.791     0.999219        19919      1280.00
       9.839     0.999316        19921      1462.86
      10.015     0.999414        19923      1706.67
      10.479     0.999512        19925      2048.00
      10.959     0.999561        19926      2275.56
      10.967     0.999609        19927      2560.00
      11.111     0.999658        19928      2925.71
      11.559     0.999707        19929      3413.33
      11.639     0.999756        19930      4096.00
      11.639     0.999780        19930      4551.11
      11.687     0.999805        19931      5120.00
      11.687     0.999829        19931      5851.43
      11.871     0.999854        19932      6826.67
      11.871     0.999878        19932      8192.00
      11.871     0.999890        19932      9102.22
      13.055     0.999902        19933     10240.00
      13.055     0.999915        19933     11702.86
      13.055     0.999927        19933     13653.33
      13.055     0.999939        19933     16384.00
      13.055     0.999945        19933     18204.44
      13.167     0.999951        19934     20480.00
      13.167     1.000000        19934          inf
#[Mean    =        3.942, StdDeviation   =        0.990]
#[Max     =       13.160, Total count    =        19934]
#[Buckets =           27, SubBuckets     =         2048]
----------------------------------------------------------
  29902 requests in 30.00s, 5.25MB read
  Socket errors: connect 0, read 0, write 0, timeout 133
Requests/sec:    996.59
Transfer/sec:    179.08KB
