No argument supplied nginx
using  args: threads=4 and connections=512 and duration=30 and requests=1500
Running 30s test @ http://localhost:8080
  4 threads and 512 connections
  Thread calibration: mean lat.: 3.307ms, rate sampling interval: 10ms
  Thread calibration: mean lat.: 3.268ms, rate sampling interval: 10ms
  Thread calibration: mean lat.: 3.346ms, rate sampling interval: 10ms
  Thread calibration: mean lat.: 3.248ms, rate sampling interval: 10ms
  Thread Stats   Avg      Stdev     99%   +/- Stdev
    Latency     3.72ms    2.19ms   7.20ms   89.40%
    Req/Sec   392.37    204.05     0.90k    70.96%
  Latency Distribution (HdrHistogram - Recorded Latency)
 50.000%    4.13ms
 75.000%    4.78ms
 90.000%    5.35ms
 99.000%    7.20ms
 99.900%   24.09ms
 99.990%   85.50ms
 99.999%   99.97ms
100.000%   99.97ms

  Detailed Percentile spectrum:
       Value   Percentile   TotalCount 1/(1-Percentile)

       1.047     0.000000            1         1.00
       1.650     0.100000         2976         1.11
       1.849     0.200000         5926         1.25
       2.209     0.300000         8888         1.43
       3.489     0.400000        11848         1.67
       4.131     0.500000        14834         2.00
       4.295     0.550000        16300         2.22
       4.427     0.600000        17809         2.50
       4.547     0.650000        19302         2.86
       4.663     0.700000        20758         3.33
       4.783     0.750000        22214         4.00
       4.847     0.775000        22961         4.44
       4.923     0.800000        23708         5.00
       5.007     0.825000        24448         5.71
       5.103     0.850000        25192         6.67
       5.211     0.875000        25933         8.00
       5.275     0.887500        26289         8.89
       5.347     0.900000        26671        10.00
       5.427     0.912500        27040        11.43
       5.535     0.925000        27401        13.33
       5.667     0.937500        27772        16.00
       5.743     0.943750        27953        17.78
       5.819     0.950000        28142        20.00
       5.931     0.956250        28324        22.86
       6.051     0.962500        28508        26.67
       6.203     0.968750        28694        32.00
       6.295     0.971875        28785        35.56
       6.399     0.975000        28879        40.00
       6.511     0.978125        28976        45.71
       6.643     0.981250        29063        53.33
       6.771     0.984375        29155        64.00
       6.875     0.985938        29202        71.11
       6.971     0.987500        29247        80.00
       7.111     0.989062        29295        91.43
       7.255     0.990625        29341       106.67
       7.415     0.992188        29388       128.00
       7.531     0.992969        29410       142.22
       7.695     0.993750        29432       160.00
       7.879     0.994531        29456       182.86
       8.099     0.995313        29479       213.33
       8.391     0.996094        29502       256.00
       8.519     0.996484        29513       284.44
       8.855     0.996875        29525       320.00
       9.527     0.997266        29537       365.71
      11.487     0.997656        29548       426.67
      13.623     0.998047        29560       512.00
      16.495     0.998242        29565       568.89
      19.199     0.998437        29571       640.00
      20.159     0.998633        29577       731.43
      21.567     0.998828        29583       853.33
      25.167     0.999023        29589      1024.00
      27.007     0.999121        29591      1137.78
      28.607     0.999219        29594      1280.00
      31.487     0.999316        29597      1462.86
      33.055     0.999414        29600      1706.67
      36.767     0.999512        29603      2048.00
      37.151     0.999561        29604      2275.56
      44.607     0.999609        29606      2560.00
      46.207     0.999658        29607      2925.71
      50.943     0.999707        29609      3413.33
      55.007     0.999756        29610      4096.00
      56.607     0.999780        29611      4551.11
      57.247     0.999805        29612      5120.00
      57.247     0.999829        29612      5851.43
      62.335     0.999854        29613      6826.67
      85.503     0.999878        29614      8192.00
      85.503     0.999890        29614      9102.22
      94.143     0.999902        29615     10240.00
      94.143     0.999915        29615     11702.86
      94.143     0.999927        29615     13653.33
      96.639     0.999939        29616     16384.00
      96.639     0.999945        29616     18204.44
      96.639     0.999951        29616     20480.00
      96.639     0.999957        29616     23405.71
      96.639     0.999963        29616     27306.67
      99.967     0.999969        29617     32768.00
      99.967     1.000000        29617          inf
#[Mean    =        3.718, StdDeviation   =        2.188]
#[Max     =       99.904, Total count    =        29617]
#[Buckets =           27, SubBuckets     =         2048]
----------------------------------------------------------
  44332 requests in 30.00s, 291.40MB read
  Socket errors: connect 0, read 0, write 0, timeout 22
Requests/sec:   1477.57
Transfer/sec:      9.71MB
