No argument supplied nginx
using  args: threads=4 and connections=512 and duration=30 and requests=10000
Running 30s test @ http://localhost:5000
  4 threads and 512 connections
  Thread calibration: mean lat.: 4196.224ms, rate sampling interval: 14516ms
  Thread calibration: mean lat.: 4213.575ms, rate sampling interval: 14499ms
  Thread calibration: mean lat.: 4242.171ms, rate sampling interval: 14614ms
  Thread calibration: mean lat.: 4244.899ms, rate sampling interval: 14639ms
  Thread Stats   Avg      Stdev     99%   +/- Stdev
    Latency    16.23s     4.67s   24.23s    58.54%
    Req/Sec   477.00      2.00   479.00    100.00%
  Latency Distribution (HdrHistogram - Recorded Latency)
 50.000%   16.59s 
 75.000%   20.14s 
 90.000%   22.56s 
 99.000%   24.23s 
 99.900%   24.99s 
 99.990%   25.44s 
 99.999%   25.59s 
100.000%   25.59s 

  Detailed Percentile spectrum:
       Value   Percentile   TotalCount 1/(1-Percentile)

    7073.791     0.000000            1         1.00
    9543.679     0.100000         3826         1.11
   11239.423     0.200000         7610         1.25
   13033.471     0.300000        11415         1.43
   14827.519     0.400000        15219         1.67
   16588.799     0.500000        19037         2.00
   17350.655     0.550000        20926         2.22
   18071.551     0.600000        22853         2.50
   18792.447     0.650000        24765         2.86
   19464.191     0.700000        26664         3.33
   20135.935     0.750000        28547         4.00
   20496.383     0.775000        29508         4.44
   20873.215     0.800000        30466         5.00
   21282.815     0.825000        31420         5.71
   21725.183     0.850000        32340         6.67
   22167.551     0.875000        33300         8.00
   22364.159     0.887500        33770         8.89
   22560.767     0.900000        34246        10.00
   22757.375     0.912500        34734        11.43
   22937.599     0.925000        35205        13.33
   23134.207     0.937500        35696        16.00
   23232.511     0.943750        35934        17.78
   23330.815     0.950000        36165        20.00
   23429.119     0.956250        36382        22.86
   23560.191     0.962500        36658        26.67
   23674.879     0.968750        36865        32.00
   23740.415     0.971875        37000        35.56
   23789.567     0.975000        37100        40.00
   23871.487     0.978125        37230        45.71
   23953.407     0.981250        37340        53.33
   24051.711     0.984375        37469        64.00
   24100.863     0.985938        37529        71.11
   24133.631     0.987500        37572        80.00
   24199.167     0.989062        37638        91.43
   24248.319     0.990625        37695       106.67
   24313.855     0.992188        37751       128.00
   24363.007     0.992969        37780       142.22
   24412.159     0.993750        37813       160.00
   24461.311     0.994531        37838       182.86
   24510.463     0.995313        37871       213.33
   24575.999     0.996094        37900       256.00
   24608.767     0.996484        37917       284.44
   24657.919     0.996875        37931       320.00
   24707.071     0.997266        37943       365.71
   24772.607     0.997656        37958       426.67
   24821.759     0.998047        37974       512.00
   24854.527     0.998242        37981       568.89
   24887.295     0.998437        37990       640.00
   24936.447     0.998633        38000       731.43
   24969.215     0.998828        38005       853.33
   25001.983     0.999023        38011      1024.00
   25018.367     0.999121        38016      1137.78
   25034.751     0.999219        38018      1280.00
   25083.903     0.999316        38020      1462.86
   25116.671     0.999414        38024      1706.67
   25149.439     0.999512        38028      2048.00
   25198.591     0.999561        38031      2275.56
   25214.975     0.999609        38032      2560.00
   25247.743     0.999658        38034      2925.71
   25264.127     0.999707        38035      3413.33
   25296.895     0.999756        38037      4096.00
   25329.663     0.999780        38038      4551.11
   25346.047     0.999805        38039      5120.00
   25378.815     0.999829        38040      5851.43
   25395.199     0.999854        38041      6826.67
   25444.351     0.999878        38042      8192.00
   25444.351     0.999890        38042      9102.22
   25460.735     0.999902        38044     10240.00
   25460.735     0.999915        38044     11702.86
   25460.735     0.999927        38044     13653.33
   25460.735     0.999939        38044     16384.00
   25460.735     0.999945        38044     18204.44
   25526.271     0.999951        38045     20480.00
   25526.271     0.999957        38045     23405.71
   25526.271     0.999963        38045     27306.67
   25526.271     0.999969        38045     32768.00
   25526.271     0.999973        38045     36408.89
   25591.807     0.999976        38046     40960.00
   25591.807     1.000000        38046          inf
#[Mean    =    16229.373, StdDeviation   =     4674.333]
#[Max     =    25575.424, Total count    =        38046]
#[Buckets =           27, SubBuckets     =         2048]
----------------------------------------------------------
  57732 requests in 30.00s, 23.80MB read
Requests/sec:   1924.44
Transfer/sec:    812.47KB
