No argument supplied nginx
using  args: threads=4 and connections=512 and duration=30 and requests=6000
Running 30s test @ http://localhost:8080
  4 threads and 512 connections
  Thread calibration: mean lat.: 3437.335ms, rate sampling interval: 13205ms
  Thread calibration: mean lat.: 3379.871ms, rate sampling interval: 13058ms
  Thread calibration: mean lat.: 3326.354ms, rate sampling interval: 13123ms
  Thread calibration: mean lat.: 3563.421ms, rate sampling interval: 12673ms
  Thread Stats   Avg      Stdev     99%   +/- Stdev
    Latency    14.80s     4.42s   22.95s    58.56%
    Req/Sec   359.00      3.54   365.00     75.00%
  Latency Distribution (HdrHistogram - Recorded Latency)
 50.000%   14.79s 
 75.000%   18.55s 
 90.000%   20.87s 
 99.000%   22.95s 
 99.900%   23.92s 
 99.990%   24.59s 
 99.999%   24.76s 
100.000%   24.76s 

  Detailed Percentile spectrum:
       Value   Percentile   TotalCount 1/(1-Percentile)

    5345.279     0.000000            1         1.00
    8765.439     0.100000         2875         1.11
   10256.383     0.200000         5729         1.25
   11771.903     0.300000         8604         1.43
   13262.847     0.400000        11453         1.67
   14794.751     0.500000        14323         2.00
   15548.415     0.550000        15748         2.22
   16277.503     0.600000        17187         2.50
   17072.127     0.650000        18625         2.86
   17809.407     0.700000        20058         3.33
   18546.687     0.750000        21473         4.00
   18907.135     0.775000        22205         4.44
   19300.351     0.800000        22904         5.00
   19693.567     0.825000        23649         5.71
   20070.399     0.850000        24349         6.67
   20463.615     0.875000        25077         8.00
   20660.223     0.887500        25437         8.89
   20873.215     0.900000        25795        10.00
   21053.439     0.912500        26148        11.43
   21233.663     0.925000        26484        13.33
   21463.039     0.937500        26846        16.00
   21594.111     0.943750        27036        17.78
   21708.799     0.950000        27211        20.00
   21839.871     0.956250        27387        22.86
   21987.327     0.962500        27560        26.67
   22151.167     0.968750        27734        32.00
   22249.471     0.971875        27837        35.56
   22331.391     0.975000        27914        40.00
   22446.079     0.978125        28010        45.71
   22560.767     0.981250        28095        53.33
   22691.839     0.984375        28195        64.00
   22740.991     0.985938        28227        71.11
   22822.911     0.987500        28274        80.00
   22904.831     0.989062        28318        91.43
   22986.751     0.990625        28362       106.67
   23085.055     0.992188        28410       128.00
   23117.823     0.992969        28425       142.22
   23183.359     0.993750        28451       160.00
   23265.279     0.994531        28473       182.86
   23347.199     0.995313        28492       213.33
   23429.119     0.996094        28516       256.00
   23478.271     0.996484        28530       284.44
   23527.423     0.996875        28542       320.00
   23560.191     0.997266        28553       365.71
   23642.111     0.997656        28561       426.67
   23707.647     0.998047        28575       512.00
   23756.799     0.998242        28577       568.89
   23805.951     0.998437        28584       640.00
   23838.719     0.998633        28588       731.43
   23904.255     0.998828        28595       853.33
   23986.175     0.999023        28599      1024.00
   24051.711     0.999121        28601      1137.78
   24084.479     0.999219        28606      1280.00
   24100.863     0.999316        28608      1462.86
   24133.631     0.999414        28610      1706.67
   24248.319     0.999512        28613      2048.00
   24264.703     0.999561        28615      2275.56
   24264.703     0.999609        28615      2560.00
   24313.855     0.999658        28617      2925.71
   24461.311     0.999707        28618      3413.33
   24477.695     0.999756        28621      4096.00
   24477.695     0.999780        28621      4551.11
   24477.695     0.999805        28621      5120.00
   24559.615     0.999829        28622      5851.43
   24559.615     0.999854        28622      6826.67
   24592.383     0.999878        28623      8192.00
   24592.383     0.999890        28623      9102.22
   24608.767     0.999902        28624     10240.00
   24608.767     0.999915        28624     11702.86
   24608.767     0.999927        28624     13653.33
   24641.535     0.999939        28625     16384.00
   24641.535     0.999945        28625     18204.44
   24641.535     0.999951        28625     20480.00
   24641.535     0.999957        28625     23405.71
   24641.535     0.999963        28625     27306.67
   24756.223     0.999969        28626     32768.00
   24756.223     1.000000        28626          inf
#[Mean    =    14803.159, StdDeviation   =     4416.771]
#[Max     =    24739.840, Total count    =        28626]
#[Buckets =           27, SubBuckets     =         2048]
----------------------------------------------------------
  43478 requests in 30.02s, 403.12MB read
  Non-2xx or 3xx responses: 72
Requests/sec:   1448.36
Transfer/sec:     13.43MB
