Using argument nginx
using  args: threads=4 and connections=512 and duration=150 and requests=16000
Running 2m test @ http://10.10.1.4:5000
  4 threads and 512 connections
  Thread calibration: mean lat.: 119.704ms, rate sampling interval: 521ms
  Thread calibration: mean lat.: 125.744ms, rate sampling interval: 547ms
  Thread calibration: mean lat.: 125.072ms, rate sampling interval: 561ms
  Thread calibration: mean lat.: 120.025ms, rate sampling interval: 521ms
  Thread Stats   Avg      Stdev     99%   +/- Stdev
    Latency   638.51ms  777.91ms   3.24s    84.15%
    Req/Sec     4.01k   162.91     4.41k    69.81%
  Latency Distribution (HdrHistogram - Recorded Latency)
 50.000%  280.83ms
 75.000%  994.82ms
 90.000%    1.78s 
 99.000%    3.24s 
 99.900%    4.60s 
 99.990%    5.41s 
 99.999%    5.77s 
100.000%    5.86s 

  Detailed Percentile spectrum:
       Value   Percentile   TotalCount 1/(1-Percentile)

       0.358     0.000000            2         1.00
      19.551     0.100000       224048         1.11
      50.303     0.200000       448064         1.25
      94.207     0.300000       672224         1.43
     162.047     0.400000       895999         1.67
     280.831     0.500000      1120274         2.00
     374.271     0.550000      1232099         2.22
     496.383     0.600000      1344041         2.50
     642.559     0.650000      1456076         2.86
     806.399     0.700000      1568187         3.33
     994.815     0.750000      1680108         4.00
    1099.775     0.775000      1736047         4.44
    1213.439     0.800000      1791937         5.00
    1333.247     0.825000      1848314         5.71
    1463.295     0.850000      1904286         6.67
    1606.655     0.875000      1959932         8.00
    1691.647     0.887500      1988173         8.89
    1781.759     0.900000      2015989        10.00
    1878.015     0.912500      2044014        11.43
    1986.559     0.925000      2072122        13.33
    2115.583     0.937500      2100267        16.00
    2189.311     0.943750      2114209        17.78
    2271.231     0.950000      2128188        20.00
    2353.151     0.956250      2141943        22.86
    2449.407     0.962500      2156124        26.67
    2564.095     0.968750      2170022        32.00
    2629.631     0.971875      2176986        35.56
    2701.311     0.975000      2184011        40.00
    2781.183     0.978125      2190990        45.71
    2873.343     0.981250      2197995        53.33
    2979.839     0.984375      2204935        64.00
    3043.327     0.985938      2208403        71.11
    3117.055     0.987500      2211948        80.00
    3190.783     0.989062      2215467        91.43
    3270.655     0.990625      2218910       106.67
    3379.199     0.992188      2222439       128.00
    3444.735     0.992969      2224186       142.22
    3510.271     0.993750      2225923       160.00
    3581.951     0.994531      2227674       182.86
    3657.727     0.995313      2229405       213.33
    3743.743     0.996094      2231157       256.00
    3796.991     0.996484      2232017       284.44
    3862.527     0.996875      2232888       320.00
    3936.255     0.997266      2233784       365.71
    4014.079     0.997656      2234640       426.67
    4124.671     0.998047      2235524       512.00
    4194.303     0.998242      2235950       568.89
    4263.935     0.998437      2236392       640.00
    4378.623     0.998633      2236833       731.43
    4497.407     0.998828      2237264       853.33
    4620.287     0.999023      2237709      1024.00
    4673.535     0.999121      2237917      1137.78
    4718.591     0.999219      2238139      1280.00
    4780.031     0.999316      2238358      1462.86
    4845.567     0.999414      2238582      1706.67
    4956.159     0.999512      2238799      2048.00
    5013.503     0.999561      2238902      2275.56
    5070.847     0.999609      2239015      2560.00
    5124.095     0.999658      2239120      2925.71
    5173.247     0.999707      2239228      3413.33
    5230.591     0.999756      2239339      4096.00
    5263.359     0.999780      2239397      4551.11
    5287.935     0.999805      2239448      5120.00
    5320.703     0.999829      2239510      5851.43
    5345.279     0.999854      2239561      6826.67
    5369.855     0.999878      2239614      8192.00
    5394.431     0.999890      2239642      9102.22
    5414.911     0.999902      2239669     10240.00
    5431.295     0.999915      2239699     11702.86
    5451.775     0.999927      2239720     13653.33
    5488.639     0.999939      2239751     16384.00
    5505.023     0.999945      2239762     18204.44
    5529.599     0.999951      2239776     20480.00
    5554.175     0.999957      2239789     23405.71
    5599.231     0.999963      2239802     27306.67
    5631.999     0.999969      2239816     32768.00
    5660.671     0.999973      2239823     36408.89
    5689.343     0.999976      2239830     40960.00
    5713.919     0.999979      2239837     46811.43
    5738.495     0.999982      2239844     54613.33
    5746.687     0.999985      2239850     65536.00
    5754.879     0.999986      2239857     72817.78
    5754.879     0.999988      2239857     81920.00
    5763.071     0.999989      2239861     93622.86
    5779.455     0.999991      2239864    109226.67
    5787.647     0.999992      2239869    131072.00
    5787.647     0.999993      2239869    145635.56
    5804.031     0.999994      2239872    163840.00
    5808.127     0.999995      2239873    187245.71
    5812.223     0.999995      2239875    218453.33
    5816.319     0.999996      2239876    262144.00
    5824.511     0.999997      2239878    291271.11
    5824.511     0.999997      2239878    327680.00
    5828.607     0.999997      2239879    374491.43
    5828.607     0.999998      2239879    436906.67
    5849.087     0.999998      2239881    524288.00
    5849.087     0.999998      2239881    582542.22
    5849.087     0.999998      2239881    655360.00
    5853.183     0.999999      2239882    748982.86
    5853.183     0.999999      2239882    873813.33
    5853.183     0.999999      2239882   1048576.00
    5857.279     0.999999      2239884   1165084.44
    5857.279     1.000000      2239884          inf
#[Mean    =      638.511, StdDeviation   =      777.912]
#[Max     =     5853.184, Total count    =      2239884]
#[Buckets =           27, SubBuckets     =         2048]
----------------------------------------------------------
  2399158 requests in 2.50m, 0.97GB read
Requests/sec:  15994.31
Transfer/sec:      6.61MB
