Using argument nginx
using  args: threads=4 and connections=512 and duration=30 and requests=5000
Running 30s test @ http://10.10.1.4:5000
  4 threads and 512 connections
  Thread calibration: mean lat.: 2.105ms, rate sampling interval: 10ms
  Thread calibration: mean lat.: 2.091ms, rate sampling interval: 10ms
  Thread calibration: mean lat.: 2.102ms, rate sampling interval: 10ms
  Thread calibration: mean lat.: 2.093ms, rate sampling interval: 10ms
  Thread Stats   Avg      Stdev     99%   +/- Stdev
    Latency     2.09ms    1.14ms   5.61ms   68.67%
    Req/Sec     1.32k   387.06     2.33k    69.47%
  Latency Distribution (HdrHistogram - Recorded Latency)
 50.000%    1.75ms
 75.000%    2.71ms
 90.000%    3.69ms
 99.000%    5.61ms
 99.900%    7.08ms
 99.990%    8.77ms
 99.999%   10.53ms
100.000%   10.86ms

  Detailed Percentile spectrum:
       Value   Percentile   TotalCount 1/(1-Percentile)

       0.368     0.000000            1         1.00
       0.860     0.100000        10036         1.11
       1.090     0.200000        19952         1.25
       1.380     0.300000        29965         1.43
       1.542     0.400000        39897         1.67
       1.746     0.500000        49877         2.00
       1.901     0.550000        54875         2.22
       2.099     0.600000        59849         2.50
       2.295     0.650000        64847         2.86
       2.491     0.700000        69844         3.33
       2.707     0.750000        74822         4.00
       2.827     0.775000        77312         4.44
       2.963     0.800000        79800         5.00
       3.107     0.825000        82278         5.71
       3.273     0.850000        84782         6.67
       3.463     0.875000        87261         8.00
       3.571     0.887500        88509         8.89
       3.687     0.900000        89765        10.00
       3.821     0.912500        90995        11.43
       3.967     0.925000        92253        13.33
       4.139     0.937500        93495        16.00
       4.235     0.943750        94125        17.78
       4.339     0.950000        94752        20.00
       4.467     0.956250        95382        22.86
       4.603     0.962500        95994        26.67
       4.747     0.968750        96606        32.00
       4.831     0.971875        96923        35.56
       4.927     0.975000        97235        40.00
       5.019     0.978125        97549        45.71
       5.147     0.981250        97855        53.33
       5.287     0.984375        98163        64.00
       5.371     0.985938        98321        71.11
       5.455     0.987500        98476        80.00
       5.555     0.989062        98637        91.43
       5.647     0.990625        98789       106.67
       5.771     0.992188        98941       128.00
       5.847     0.992969        99021       142.22
       5.923     0.993750        99098       160.00
       6.011     0.994531        99179       182.86
       6.087     0.995313        99253       213.33
       6.219     0.996094        99331       256.00
       6.283     0.996484        99372       284.44
       6.339     0.996875        99409       320.00
       6.435     0.997266        99449       365.71
       6.527     0.997656        99487       426.67
       6.603     0.998047        99526       512.00
       6.671     0.998242        99545       568.89
       6.767     0.998437        99566       640.00
       6.871     0.998633        99585       731.43
       6.979     0.998828        99604       853.33
       7.091     0.999023        99623      1024.00
       7.211     0.999121        99633      1137.78
       7.287     0.999219        99643      1280.00
       7.391     0.999316        99652      1462.86
       7.531     0.999414        99662      1706.67
       7.671     0.999512        99672      2048.00
       7.699     0.999561        99677      2275.56
       7.771     0.999609        99682      2560.00
       7.835     0.999658        99686      2925.71
       7.903     0.999707        99691      3413.33
       8.063     0.999756        99696      4096.00
       8.167     0.999780        99699      4551.11
       8.223     0.999805        99701      5120.00
       8.287     0.999829        99703      5851.43
       8.463     0.999854        99706      6826.67
       8.559     0.999878        99708      8192.00
       8.767     0.999890        99710      9102.22
       9.071     0.999902        99711     10240.00
       9.215     0.999915        99712     11702.86
       9.279     0.999927        99713     13653.33
       9.303     0.999939        99714     16384.00
       9.447     0.999945        99715     18204.44
       9.591     0.999951        99716     20480.00
       9.591     0.999957        99716     23405.71
      10.207     0.999963        99717     27306.67
      10.207     0.999969        99717     32768.00
      10.463     0.999973        99718     36408.89
      10.463     0.999976        99718     40960.00
      10.463     0.999979        99718     46811.43
      10.535     0.999982        99719     54613.33
      10.535     0.999985        99719     65536.00
      10.535     0.999986        99719     72817.78
      10.535     0.999988        99719     81920.00
      10.535     0.999989        99719     93622.86
      10.863     0.999991        99720    109226.67
      10.863     1.000000        99720          inf
#[Mean    =        2.085, StdDeviation   =        1.139]
#[Max     =       10.856, Total count    =        99720]
#[Buckets =           27, SubBuckets     =         2048]
----------------------------------------------------------
  148632 requests in 30.00s, 61.49MB read
Requests/sec:   4954.54
Transfer/sec:      2.05MB
