Using argument nginx
using  args: threads=4 and connections=512 and duration=30 and requests=5000
Running 30s test @ http://10.10.1.6:8080/wrk2-api/user-timeline/read
  4 threads and 512 connections
  Thread calibration: mean lat.: 227.362ms, rate sampling interval: 1064ms
  Thread calibration: mean lat.: 272.866ms, rate sampling interval: 1200ms
  Thread calibration: mean lat.: 230.772ms, rate sampling interval: 1094ms
  Thread calibration: mean lat.: 268.285ms, rate sampling interval: 1196ms
  Thread Stats   Avg      Stdev     99%   +/- Stdev
    Latency     1.62s   957.32ms   4.33s    67.88%
    Req/Sec     1.15k   154.42     1.22k    94.12%
  Latency Distribution (HdrHistogram - Recorded Latency)
 50.000%    1.50s 
 75.000%    2.20s 
 90.000%    2.92s 
 99.000%    4.33s 
 99.900%    5.35s 
 99.990%    6.07s 
 99.999%    6.20s 
100.000%    6.23s 

  Detailed Percentile spectrum:
       Value   Percentile   TotalCount 1/(1-Percentile)

      10.295     0.000000            1         1.00
     464.895     0.100000         9146         1.11
     766.975     0.200000        18287         1.25
    1017.855     0.300000        27424         1.43
    1257.471     0.400000        36605         1.67
    1500.159     0.500000        45748         2.00
    1626.111     0.550000        50286         2.22
    1758.207     0.600000        54845         2.50
    1902.591     0.650000        59447         2.86
    2046.975     0.700000        63989         3.33
    2203.647     0.750000        68556         4.00
    2293.759     0.775000        70885         4.44
    2387.967     0.800000        73153         5.00
    2496.511     0.825000        75428         5.71
    2621.439     0.850000        77701         6.67
    2764.799     0.875000        80016         8.00
    2840.575     0.887500        81139         8.89
    2924.543     0.900000        82274        10.00
    3026.943     0.912500        83427        11.43
    3135.487     0.925000        84568        13.33
    3260.415     0.937500        85702        16.00
    3330.047     0.943750        86267        17.78
    3405.823     0.950000        86840        20.00
    3487.743     0.956250        87417        22.86
    3575.807     0.962500        87985        26.67
    3676.159     0.968750        88553        32.00
    3739.647     0.971875        88838        35.56
    3803.135     0.975000        89125        40.00
    3883.007     0.978125        89408        45.71
    3977.215     0.981250        89698        53.33
    4089.855     0.984375        89980        64.00
    4155.391     0.985938        90123        71.11
    4218.879     0.987500        90268        80.00
    4292.607     0.989062        90408        91.43
    4362.239     0.990625        90554       106.67
    4440.063     0.992188        90693       128.00
    4497.407     0.992969        90769       142.22
    4546.559     0.993750        90838       160.00
    4607.999     0.994531        90914       182.86
    4648.959     0.995313        90980       213.33
    4718.591     0.996094        91053       256.00
    4763.647     0.996484        91087       284.44
    4808.703     0.996875        91125       320.00
    4857.855     0.997266        91158       365.71
    4927.487     0.997656        91194       426.67
    5005.311     0.998047        91231       512.00
    5074.943     0.998242        91248       568.89
    5128.191     0.998437        91265       640.00
    5185.535     0.998633        91283       731.43
    5275.647     0.998828        91300       853.33
    5361.663     0.999023        91318      1024.00
    5398.527     0.999121        91327      1137.78
    5443.583     0.999219        91337      1280.00
    5505.023     0.999316        91347      1462.86
    5545.983     0.999414        91354      1706.67
    5611.519     0.999512        91363      2048.00
    5672.959     0.999561        91368      2275.56
    5713.919     0.999609        91373      2560.00
    5771.263     0.999658        91376      2925.71
    5816.319     0.999707        91382      3413.33
    5836.799     0.999756        91385      4096.00
    5857.279     0.999780        91387      4551.11
    5898.239     0.999805        91390      5120.00
    5931.007     0.999829        91392      5851.43
    5971.967     0.999854        91394      6826.67
    6045.695     0.999878        91397      8192.00
    6045.695     0.999890        91397      9102.22
    6070.271     0.999902        91399     10240.00
    6131.711     0.999915        91400     11702.86
    6152.191     0.999927        91401     13653.33
    6172.671     0.999939        91402     16384.00
    6172.671     0.999945        91402     18204.44
    6189.055     0.999951        91405     20480.00
    6189.055     0.999957        91405     23405.71
    6189.055     0.999963        91405     27306.67
    6189.055     0.999969        91405     32768.00
    6189.055     0.999973        91405     36408.89
    6189.055     0.999976        91405     40960.00
    6201.343     0.999979        91406     46811.43
    6201.343     0.999982        91406     54613.33
    6201.343     0.999985        91406     65536.00
    6201.343     0.999986        91406     72817.78
    6201.343     0.999988        91406     81920.00
    6230.015     0.999989        91407     93622.86
    6230.015     1.000000        91407          inf
#[Mean    =     1622.374, StdDeviation   =      957.324]
#[Max     =     6225.920, Total count    =        91407]
#[Buckets =           27, SubBuckets     =         2048]
----------------------------------------------------------
  136602 requests in 30.00s, 23.97MB read
Requests/sec:   4553.09
Transfer/sec:    818.13KB
