Using argument nginx
using  args: threads=4 and connections=512 and duration=30 and requests=3500
Running 30s test @ http://10.10.1.6:8080/wrk2-api/user-timeline/read
  4 threads and 512 connections
  Thread calibration: mean lat.: 16.807ms, rate sampling interval: 15ms
  Thread calibration: mean lat.: 14.753ms, rate sampling interval: 14ms
  Thread calibration: mean lat.: 18.536ms, rate sampling interval: 17ms
  Thread calibration: mean lat.: 16.615ms, rate sampling interval: 16ms
  Thread Stats   Avg      Stdev     99%   +/- Stdev
    Latency    14.36ms   51.90ms 333.82ms   95.90%
    Req/Sec     0.91k   288.21     1.62k    70.58%
  Latency Distribution (HdrHistogram - Recorded Latency)
 50.000%    4.20ms
 75.000%    5.23ms
 90.000%    7.19ms
 99.000%  333.82ms
 99.900%  480.26ms
 99.990%  588.80ms
 99.999%  603.65ms
100.000%  611.33ms

  Detailed Percentile spectrum:
       Value   Percentile   TotalCount 1/(1-Percentile)

       2.321     0.000000            1         1.00
       3.201     0.100000         7033         1.11
       3.467     0.200000        14029         1.25
       3.705     0.300000        21019         1.43
       3.941     0.400000        28004         1.67
       4.199     0.500000        34961         2.00
       4.351     0.550000        38511         2.22
       4.515     0.600000        42005         2.50
       4.711     0.650000        45470         2.86
       4.947     0.700000        48988         3.33
       5.227     0.750000        52466         4.00
       5.391     0.775000        54192         4.44
       5.599     0.800000        55941         5.00
       5.839     0.825000        57702         5.71
       6.151     0.850000        59436         6.67
       6.567     0.875000        61187         8.00
       6.831     0.887500        62060         8.89
       7.187     0.900000        62934        10.00
       7.643     0.912500        63805        11.43
       8.423     0.925000        64681        13.33
      10.071     0.937500        65553        16.00
      12.767     0.943750        65988        17.78
      30.447     0.950000        66425        20.00
      55.551     0.956250        66862        22.86
      80.895     0.962500        67299        26.67
     117.119     0.968750        67736        32.00
     140.927     0.971875        67955        35.56
     172.287     0.975000        68173        40.00
     209.919     0.978125        68392        45.71
     241.023     0.981250        68610        53.33
     276.735     0.984375        68830        64.00
     294.911     0.985938        68940        71.11
     309.503     0.987500        69048        80.00
     326.399     0.989062        69157        91.43
     339.711     0.990625        69266       106.67
     352.767     0.992188        69375       128.00
     358.911     0.992969        69430       142.22
     367.359     0.993750        69484       160.00
     376.831     0.994531        69540       182.86
     388.095     0.995313        69595       213.33
     402.431     0.996094        69648       256.00
     411.135     0.996484        69676       284.44
     419.071     0.996875        69704       320.00
     427.519     0.997266        69731       365.71
     439.295     0.997656        69758       426.67
     448.767     0.998047        69785       512.00
     454.143     0.998242        69800       568.89
     457.727     0.998437        69812       640.00
     465.919     0.998633        69827       731.43
     473.343     0.998828        69840       853.33
     480.255     0.999023        69854      1024.00
     483.327     0.999121        69860      1137.78
     487.935     0.999219        69867      1280.00
     494.335     0.999316        69874      1462.86
     500.735     0.999414        69882      1706.67
     507.647     0.999512        69887      2048.00
     518.143     0.999561        69891      2275.56
     521.727     0.999609        69894      2560.00
     544.767     0.999658        69898      2925.71
     552.959     0.999707        69902      3413.33
     553.983     0.999756        69904      4096.00
     556.031     0.999780        69906      4551.11
     578.047     0.999805        69909      5120.00
     578.559     0.999829        69910      5851.43
     579.583     0.999854        69911      6826.67
     581.631     0.999878        69913      8192.00
     588.799     0.999890        69914      9102.22
     589.823     0.999902        69915     10240.00
     592.895     0.999915        69916     11702.86
     592.895     0.999927        69916     13653.33
     595.455     0.999939        69917     16384.00
     598.527     0.999945        69918     18204.44
     598.527     0.999951        69918     20480.00
     601.087     0.999957        69919     23405.71
     601.087     0.999963        69919     27306.67
     601.087     0.999969        69919     32768.00
     603.647     0.999973        69920     36408.89
     603.647     0.999976        69920     40960.00
     603.647     0.999979        69920     46811.43
     603.647     0.999982        69920     54613.33
     603.647     0.999985        69920     65536.00
     611.327     0.999986        69921     72817.78
     611.327     1.000000        69921          inf
#[Mean    =       14.358, StdDeviation   =       51.898]
#[Max     =      610.816, Total count    =        69921]
#[Buckets =           27, SubBuckets     =         2048]
----------------------------------------------------------
  104201 requests in 30.00s, 18.28MB read
Requests/sec:   3473.38
Transfer/sec:    624.12KB
