Using argument nginx
using  args: threads=4 and connections=512 and duration=30 and requests=2500
Running 30s test @ http://10.10.1.5:8080
  4 threads and 512 connections
  Thread calibration: mean lat.: 1.855ms, rate sampling interval: 10ms
  Thread calibration: mean lat.: 1.906ms, rate sampling interval: 10ms
  Thread calibration: mean lat.: 1.872ms, rate sampling interval: 10ms
  Thread calibration: mean lat.: 1.862ms, rate sampling interval: 10ms
  Thread Stats   Avg      Stdev     99%   +/- Stdev
    Latency   574.82ms    1.36s    8.79s    90.25%
    Req/Sec   490.02    627.47     2.78k    88.95%
  Latency Distribution (HdrHistogram - Recorded Latency)
 50.000%    5.36ms
 75.000%  436.48ms
 90.000%    1.90s 
 99.000%    8.79s 
 99.900%   10.72s 
 99.990%   11.30s 
 99.999%   11.60s 
100.000%   11.60s 

  Detailed Percentile spectrum:
       Value   Percentile   TotalCount 1/(1-Percentile)

       0.370     0.000000            1         1.00
       0.815     0.100000         3699         1.11
       1.401     0.200000         7381         1.25
       3.447     0.300000        11071         1.43
       3.993     0.400000        14763         1.67
       5.363     0.500000        18448         2.00
      20.431     0.550000        20291         2.22
      57.823     0.600000        22139         2.50
      98.815     0.650000        23981         2.86
     200.575     0.700000        25829         3.33
     436.479     0.750000        27669         4.00
     639.487     0.775000        28592         4.44
     867.839     0.800000        29514         5.00
    1094.655     0.825000        30439         5.71
    1356.799     0.850000        31360         6.67
    1624.063     0.875000        32282         8.00
    1744.895     0.887500        32742         8.89
    1901.567     0.900000        33204        10.00
    2077.695     0.912500        33668        11.43
    2240.511     0.925000        34133        13.33
    2484.223     0.937500        34589        16.00
    2629.631     0.943750        34819        17.78
    2820.095     0.950000        35048        20.00
    3045.375     0.956250        35279        22.86
    3330.047     0.962500        35510        26.67
    3676.159     0.968750        35741        32.00
    3854.335     0.971875        35855        35.56
    4059.135     0.975000        35970        40.00
    4354.047     0.978125        36085        45.71
    4702.207     0.981250        36202        53.33
    5435.391     0.984375        36316        64.00
    5980.159     0.985938        36374        71.11
    6733.823     0.987500        36431        80.00
    8585.215     0.989062        36489        91.43
    8921.087     0.990625        36548       106.67
    9060.351     0.992188        36605       128.00
    9101.311     0.992969        36634       142.22
    9150.463     0.993750        36668       160.00
    9175.039     0.994531        36694       182.86
    9232.383     0.995313        36720       213.33
    9633.791     0.996094        36749       256.00
    9838.591     0.996484        36763       284.44
    9969.663     0.996875        36779       320.00
   10059.775     0.997266        36793       365.71
   10190.847     0.997656        36806       426.67
   10272.767     0.998047        36820       512.00
   10395.647     0.998242        36828       568.89
   10526.719     0.998437        36835       640.00
   10584.063     0.998633        36842       731.43
   10641.407     0.998828        36849       853.33
   10739.711     0.999023        36856      1024.00
   10797.055     0.999121        36860      1137.78
   10895.359     0.999219        36865      1280.00
   10919.935     0.999316        36867      1462.86
   10944.511     0.999414        36871      1706.67
   11001.855     0.999512        36874      2048.00
   11034.623     0.999561        36876      2275.56
   11051.007     0.999609        36878      2560.00
   11141.119     0.999658        36880      2925.71
   11149.311     0.999707        36882      3413.33
   11165.695     0.999756        36883      4096.00
   11198.463     0.999780        36884      4551.11
   11272.191     0.999805        36885      5120.00
   11280.383     0.999829        36886      5851.43
   11288.575     0.999854        36887      6826.67
   11304.959     0.999878        36888      8192.00
   11304.959     0.999890        36888      9102.22
   11329.535     0.999902        36889     10240.00
   11329.535     0.999915        36889     11702.86
   11337.727     0.999927        36890     13653.33
   11337.727     0.999939        36890     16384.00
   11337.727     0.999945        36890     18204.44
   11509.759     0.999951        36891     20480.00
   11509.759     0.999957        36891     23405.71
   11509.759     0.999963        36891     27306.67
   11509.759     0.999969        36891     32768.00
   11509.759     0.999973        36891     36408.89
   11599.871     0.999976        36892     40960.00
   11599.871     1.000000        36892          inf
#[Mean    =      574.823, StdDeviation   =     1360.495]
#[Max     =    11591.680, Total count    =        36892]
#[Buckets =           27, SubBuckets     =         2048]
----------------------------------------------------------
  61911 requests in 30.00s, 345.45MB read
  Socket errors: connect 0, read 0, write 0, timeout 1
  Non-2xx or 3xx responses: 227
Requests/sec:   2063.58
Transfer/sec:     11.51MB
