Using argument nginx
using  args: threads=4 and connections=512 and duration=30 and requests=4000
Running 30s test @ http://10.10.1.6:8080
  4 threads and 512 connections
  Thread calibration: mean lat.: 3.647ms, rate sampling interval: 11ms
  Thread calibration: mean lat.: 3.693ms, rate sampling interval: 11ms
  Thread calibration: mean lat.: 3.658ms, rate sampling interval: 11ms
  Thread calibration: mean lat.: 3.698ms, rate sampling interval: 11ms
  Thread Stats   Avg      Stdev     99%   +/- Stdev
    Latency   879.47ms    1.82s    9.01s    90.97%
    Req/Sec   761.05    825.87     3.18k    85.84%
  Latency Distribution (HdrHistogram - Recorded Latency)
 50.000%    9.12ms
 75.000%  947.20ms
 90.000%    2.55s 
 99.000%    9.01s 
 99.900%    9.99s 
 99.990%   10.55s 
 99.999%   10.89s 
100.000%   10.93s 

  Detailed Percentile spectrum:
       Value   Percentile   TotalCount 1/(1-Percentile)

       0.447     0.000000            1         1.00
       2.031     0.100000         5774         1.11
       3.553     0.200000        11553         1.25
       4.077     0.300000        17321         1.43
       4.899     0.400000        23105         1.67
       9.119     0.500000        28866         2.00
      59.519     0.550000        31750         2.22
     135.935     0.600000        34637         2.50
     299.775     0.650000        37523         2.86
     577.023     0.700000        40411         3.33
     947.199     0.750000        43303         4.00
    1156.095     0.775000        44747         4.44
    1398.783     0.800000        46186         5.00
    1685.503     0.825000        47627         5.71
    1957.887     0.850000        49070         6.67
    2242.559     0.875000        50520         8.00
    2379.775     0.887500        51241         8.89
    2553.855     0.900000        51957        10.00
    2752.511     0.912500        52682        11.43
    3018.751     0.925000        53401        13.33
    3674.111     0.937500        54122        16.00
    4354.047     0.943750        54480        17.78
    5140.479     0.950000        54841        20.00
    5922.815     0.956250        55202        22.86
    6598.655     0.962500        55564        26.67
    7081.983     0.968750        55929        32.00
    7286.783     0.971875        56105        35.56
    7737.343     0.975000        56288        40.00
    8052.735     0.978125        56467        45.71
    8302.591     0.981250        56646        53.33
    8527.871     0.984375        56831        64.00
    8658.943     0.985938        56922        71.11
    8806.399     0.987500        57007        80.00
    8929.279     0.989062        57096        91.43
    9060.351     0.990625        57190       106.67
    9158.655     0.992188        57278       128.00
    9215.999     0.992969        57328       142.22
    9256.959     0.993750        57371       160.00
    9306.111     0.994531        57415       182.86
    9355.263     0.995313        57458       213.33
    9461.759     0.996094        57502       256.00
    9519.103     0.996484        57527       284.44
    9576.447     0.996875        57547       320.00
    9641.983     0.997266        57571       365.71
    9715.711     0.997656        57593       426.67
    9789.439     0.998047        57616       512.00
    9830.399     0.998242        57626       568.89
    9854.975     0.998437        57637       640.00
    9920.511     0.998633        57649       731.43
    9969.663     0.998828        57660       853.33
   10002.431     0.999023        57671      1024.00
   10018.815     0.999121        57677      1137.78
   10067.967     0.999219        57682      1280.00
   10108.927     0.999316        57688      1462.86
   10174.463     0.999414        57694      1706.67
   10248.191     0.999512        57700      2048.00
   10264.575     0.999561        57702      2275.56
   10305.535     0.999609        57705      2560.00
   10330.111     0.999658        57708      2925.71
   10387.455     0.999707        57711      3413.33
   10444.799     0.999756        57713      4096.00
   10477.567     0.999780        57715      4551.11
   10485.759     0.999805        57716      5120.00
   10518.527     0.999829        57718      5851.43
   10526.719     0.999854        57720      6826.67
   10526.719     0.999878        57720      8192.00
   10551.295     0.999890        57721      9102.22
   10559.487     0.999902        57722     10240.00
   10633.215     0.999915        57723     11702.86
   10633.215     0.999927        57723     13653.33
   10715.135     0.999939        57724     16384.00
   10715.135     0.999945        57724     18204.44
   10780.671     0.999951        57725     20480.00
   10780.671     0.999957        57725     23405.71
   10780.671     0.999963        57725     27306.67
   10887.167     0.999969        57726     32768.00
   10887.167     0.999973        57726     36408.89
   10887.167     0.999976        57726     40960.00
   10887.167     0.999979        57726     46811.43
   10887.167     0.999982        57726     54613.33
   10928.127     0.999985        57727     65536.00
   10928.127     1.000000        57727          inf
#[Mean    =      879.475, StdDeviation   =     1822.640]
#[Max     =    10919.936, Total count    =        57727]
#[Buckets =           27, SubBuckets     =         2048]
----------------------------------------------------------
  96847 requests in 30.06s, 0.87GB read
  Non-2xx or 3xx responses: 352
Requests/sec:   3221.69
Transfer/sec:     29.70MB
