Using argument nginx
using  args: threads=4 and connections=512 and duration=30 and requests=2000
Running 30s test @ http://10.10.1.6:8080
  4 threads and 512 connections
  Thread calibration: mean lat.: 2.728ms, rate sampling interval: 10ms
  Thread calibration: mean lat.: 2.749ms, rate sampling interval: 10ms
  Thread calibration: mean lat.: 2.751ms, rate sampling interval: 10ms
  Thread calibration: mean lat.: 2.715ms, rate sampling interval: 10ms
  Thread Stats   Avg      Stdev     99%   +/- Stdev
    Latency     2.88ms    1.46ms   6.21ms   60.18%
    Req/Sec   526.22    236.03     1.20k    69.91%
  Latency Distribution (HdrHistogram - Recorded Latency)
 50.000%    3.36ms
 75.000%    3.86ms
 90.000%    4.45ms
 99.000%    6.21ms
 99.900%    8.21ms
 99.990%   13.69ms
 99.999%   15.37ms
100.000%   15.37ms

  Detailed Percentile spectrum:
       Value   Percentile   TotalCount 1/(1-Percentile)

       0.428     0.000000            1         1.00
       0.918     0.100000         3989         1.11
       1.059     0.200000         7941         1.25
       1.941     0.300000        11909         1.43
       2.739     0.400000        15877         1.67
       3.359     0.500000        19877         2.00
       3.465     0.550000        21846         2.22
       3.565     0.600000        23839         2.50
       3.661     0.650000        25818         2.86
       3.755     0.700000        27782         3.33
       3.863     0.750000        29783         4.00
       3.923     0.775000        30775         4.44
       3.991     0.800000        31753         5.00
       4.069     0.825000        32758         5.71
       4.167     0.850000        33776         6.67
       4.283     0.875000        34750         8.00
       4.359     0.887500        35229         8.89
       4.447     0.900000        35725        10.00
       4.539     0.912500        36233        11.43
       4.647     0.925000        36730        13.33
       4.791     0.937500        37213        16.00
       4.875     0.943750        37461        17.78
       4.983     0.950000        37705        20.00
       5.087     0.956250        37953        22.86
       5.227     0.962500        38204        26.67
       5.371     0.968750        38453        32.00
       5.459     0.971875        38572        35.56
       5.551     0.975000        38698        40.00
       5.651     0.978125        38823        45.71
       5.775     0.981250        38944        53.33
       5.895     0.984375        39067        64.00
       5.975     0.985938        39130        71.11
       6.059     0.987500        39191        80.00
       6.159     0.989062        39257        91.43
       6.267     0.990625        39315       106.67
       6.427     0.992188        39377       128.00
       6.531     0.992969        39409       142.22
       6.639     0.993750        39439       160.00
       6.747     0.994531        39470       182.86
       6.871     0.995313        39501       213.33
       6.999     0.996094        39533       256.00
       7.079     0.996484        39548       284.44
       7.195     0.996875        39563       320.00
       7.263     0.997266        39579       365.71
       7.391     0.997656        39594       426.67
       7.531     0.998047        39610       512.00
       7.607     0.998242        39618       568.89
       7.707     0.998437        39625       640.00
       7.911     0.998633        39633       731.43
       8.063     0.998828        39641       853.33
       8.223     0.999023        39650      1024.00
       8.399     0.999121        39654      1137.78
       8.447     0.999219        39656      1280.00
       8.623     0.999316        39661      1462.86
       8.727     0.999414        39664      1706.67
       8.903     0.999512        39668      2048.00
       9.223     0.999561        39670      2275.56
       9.343     0.999609        39672      2560.00
       9.567     0.999658        39674      2925.71
       9.703     0.999707        39676      3413.33
      10.239     0.999756        39678      4096.00
      10.471     0.999780        39679      4551.11
      10.599     0.999805        39680      5120.00
      11.631     0.999829        39681      5851.43
      12.295     0.999854        39682      6826.67
      13.695     0.999878        39683      8192.00
      13.695     0.999890        39683      9102.22
      13.711     0.999902        39684     10240.00
      13.711     0.999915        39684     11702.86
      13.767     0.999927        39685     13653.33
      13.767     0.999939        39685     16384.00
      13.767     0.999945        39685     18204.44
      14.183     0.999951        39686     20480.00
      14.183     0.999957        39686     23405.71
      14.183     0.999963        39686     27306.67
      14.183     0.999969        39686     32768.00
      14.183     0.999973        39686     36408.89
      15.367     0.999976        39687     40960.00
      15.367     1.000000        39687          inf
#[Mean    =        2.885, StdDeviation   =        1.456]
#[Max     =       15.360, Total count    =        39687]
#[Buckets =           27, SubBuckets     =         2048]
----------------------------------------------------------
  59184 requests in 30.00s, 463.71MB read
  Socket errors: connect 0, read 0, write 0, timeout 9
Requests/sec:   1972.61
Transfer/sec:     15.46MB
