Using argument nginx
using  args: threads=4 and connections=8 and duration=30 and requests=2500
Running 30s test @ http://10.10.1.4:8080
  4 threads and 8 connections
  Thread calibration: mean lat.: 628.880ms, rate sampling interval: 1964ms
  Thread calibration: mean lat.: 682.933ms, rate sampling interval: 2547ms
  Thread calibration: mean lat.: 921.654ms, rate sampling interval: 3891ms
  Thread calibration: mean lat.: 831.904ms, rate sampling interval: 4046ms
  Thread Stats   Avg      Stdev     99%   +/- Stdev
    Latency     2.86s     1.39s    8.04s    79.21%
    Req/Sec   528.08     23.75   561.00     61.54%
  Latency Distribution (HdrHistogram - Recorded Latency)
 50.000%    2.67s 
 75.000%    3.45s 
 90.000%    4.12s 
 99.000%    8.04s 
 99.900%    8.54s 
 99.990%    8.55s 
 99.999%    8.56s 
100.000%    8.56s 

  Detailed Percentile spectrum:
       Value   Percentile   TotalCount 1/(1-Percentile)

     844.287     0.000000            1         1.00
    1387.519     0.100000         4173         1.11
    1727.487     0.200000         8344         1.25
    2025.471     0.300000        12510         1.43
    2402.303     0.400000        16674         1.67
    2674.687     0.500000        20849         2.00
    2795.519     0.550000        22952         2.22
    2990.079     0.600000        25020         2.50
    3143.679     0.650000        27105         2.86
    3305.471     0.700000        29205         3.33
    3454.975     0.750000        31288         4.00
    3502.079     0.775000        32308         4.44
    3559.423     0.800000        33379         5.00
    3620.863     0.825000        34391         5.71
    3760.127     0.850000        35436         6.67
    3928.063     0.875000        36488         8.00
    4012.031     0.887500        37009         8.89
    4116.479     0.900000        37524        10.00
    4276.223     0.912500        38046        11.43
    4734.975     0.925000        38563        13.33
    5513.215     0.937500        39084        16.00
    5750.783     0.943750        39341        17.78
    5967.871     0.950000        39610        20.00
    6303.743     0.956250        39862        22.86
    6569.983     0.962500        40125        26.67
    6918.143     0.968750        40385        32.00
    7016.447     0.971875        40513        35.56
    7143.423     0.975000        40651        40.00
    7311.359     0.978125        40776        45.71
    7409.663     0.981250        40904        53.33
    7688.191     0.984375        41037        64.00
    7798.783     0.985938        41107        71.11
    7880.703     0.987500        41170        80.00
    7983.103     0.989062        41234        91.43
    8081.407     0.990625        41296       106.67
    8151.039     0.992188        41364       128.00
    8171.519     0.992969        41399       142.22
    8224.767     0.993750        41427       160.00
    8298.495     0.994531        41460       182.86
    8335.359     0.995313        41490       213.33
    8396.799     0.996094        41525       256.00
    8421.375     0.996484        41540       284.44
    8454.143     0.996875        41555       320.00
    8478.719     0.997266        41575       365.71
    8495.103     0.997656        41598       426.67
    8511.487     0.998047        41611       512.00
    8519.679     0.998242        41622       568.89
    8519.679     0.998437        41622       640.00
    8536.063     0.998633        41643       731.43
    8536.063     0.998828        41643       853.33
    8544.255     0.999023        41659      1024.00
    8544.255     0.999121        41659      1137.78
    8544.255     0.999219        41659      1280.00
    8544.255     0.999316        41659      1462.86
    8552.447     0.999414        41683      1706.67
    8552.447     0.999512        41683      2048.00
    8552.447     0.999561        41683      2275.56
    8552.447     0.999609        41683      2560.00
    8552.447     0.999658        41683      2925.71
    8552.447     0.999707        41683      3413.33
    8552.447     0.999756        41683      4096.00
    8552.447     0.999780        41683      4551.11
    8552.447     0.999805        41683      5120.00
    8552.447     0.999829        41683      5851.43
    8552.447     0.999854        41683      6826.67
    8552.447     0.999878        41683      8192.00
    8552.447     0.999890        41683      9102.22
    8552.447     0.999902        41683     10240.00
    8552.447     0.999915        41683     11702.86
    8552.447     0.999927        41683     13653.33
    8552.447     0.999939        41683     16384.00
    8552.447     0.999945        41683     18204.44
    8552.447     0.999951        41683     20480.00
    8560.639     0.999957        41685     23405.71
    8560.639     1.000000        41685          inf
#[Mean    =     2858.306, StdDeviation   =     1393.963]
#[Max     =     8552.448, Total count    =        41685]
#[Buckets =           27, SubBuckets     =         2048]
----------------------------------------------------------
  62729 requests in 30.00s, 558.78MB read
Requests/sec:   2090.86
Transfer/sec:     18.62MB
