Using argument nginx
using  args: threads=4 and connections=8 and duration=30 and requests=1000
Running 30s test @ http://10.10.1.8:8080/wrk2-api/user-timeline/read
  4 threads and 8 connections
  Thread calibration: mean lat.: 3.475ms, rate sampling interval: 10ms
  Thread calibration: mean lat.: 3.364ms, rate sampling interval: 10ms
  Thread calibration: mean lat.: 3.354ms, rate sampling interval: 10ms
  Thread calibration: mean lat.: 3.423ms, rate sampling interval: 10ms
  Thread Stats   Avg      Stdev     99%   +/- Stdev
    Latency     3.41ms    1.34ms   8.40ms   84.37%
    Req/Sec   263.56    154.74   666.00     65.61%
  Latency Distribution (HdrHistogram - Recorded Latency)
 50.000%    2.83ms
 75.000%    3.75ms
 90.000%    5.30ms
 99.000%    8.40ms
 99.900%   11.50ms
 99.990%   13.94ms
 99.999%   16.12ms
100.000%   16.12ms

  Detailed Percentile spectrum:
       Value   Percentile   TotalCount 1/(1-Percentile)

       2.107     0.000000            1         1.00
       2.495     0.100000         2019         1.11
       2.589     0.200000         4041         1.25
       2.665     0.300000         6049         1.43
       2.741     0.400000         8022         1.67
       2.831     0.500000        10009         2.00
       2.889     0.550000        11013         2.22
       2.957     0.600000        12018         2.50
       3.057     0.650000        13019         2.86
       3.251     0.700000        14017         3.33
       3.749     0.750000        15012         4.00
       3.957     0.775000        15514         4.44
       4.175     0.800000        16016         5.00
       4.439     0.825000        16519         5.71
       4.843     0.850000        17022         6.67
       5.083     0.875000        17518         8.00
       5.199     0.887500        17770         8.89
       5.299     0.900000        18016        10.00
       5.423     0.912500        18265        11.43
       5.591     0.925000        18517        13.33
       5.811     0.937500        18768        16.00
       5.967     0.943750        18891        17.78
       6.159     0.950000        19019        20.00
       6.375     0.956250        19141        22.86
       6.603     0.962500        19266        26.67
       6.871     0.968750        19393        32.00
       7.039     0.971875        19454        35.56
       7.203     0.975000        19516        40.00
       7.451     0.978125        19580        45.71
       7.611     0.981250        19641        53.33
       7.859     0.984375        19704        64.00
       7.979     0.985938        19736        71.11
       8.111     0.987500        19766        80.00
       8.279     0.989062        19799        91.43
       8.535     0.990625        19831       106.67
       8.839     0.992188        19862       128.00
       8.959     0.992969        19876       142.22
       9.119     0.993750        19892       160.00
       9.247     0.994531        19907       182.86
       9.375     0.995313        19923       213.33
       9.679     0.996094        19938       256.00
       9.751     0.996484        19946       284.44
       9.967     0.996875        19954       320.00
      10.199     0.997266        19962       365.71
      10.487     0.997656        19970       426.67
      10.655     0.998047        19977       512.00
      10.719     0.998242        19981       568.89
      10.887     0.998437        19985       640.00
      10.983     0.998633        19989       731.43
      11.295     0.998828        19993       853.33
      11.551     0.999023        19997      1024.00
      11.583     0.999121        19999      1137.78
      11.623     0.999219        20001      1280.00
      11.719     0.999316        20003      1462.86
      11.943     0.999414        20005      1706.67
      12.439     0.999512        20007      2048.00
      12.567     0.999561        20008      2275.56
      12.591     0.999609        20009      2560.00
      12.599     0.999658        20010      2925.71
      13.055     0.999707        20011      3413.33
      13.127     0.999756        20012      4096.00
      13.127     0.999780        20012      4551.11
      13.447     0.999805        20013      5120.00
      13.447     0.999829        20013      5851.43
      13.943     0.999854        20014      6826.67
      13.943     0.999878        20014      8192.00
      13.943     0.999890        20014      9102.22
      14.031     0.999902        20015     10240.00
      14.031     0.999915        20015     11702.86
      14.031     0.999927        20015     13653.33
      14.031     0.999939        20015     16384.00
      14.031     0.999945        20015     18204.44
      16.119     0.999951        20016     20480.00
      16.119     1.000000        20016          inf
#[Mean    =        3.414, StdDeviation   =        1.340]
#[Max     =       16.112, Total count    =        20016]
#[Buckets =           27, SubBuckets     =         2048]
----------------------------------------------------------
  29937 requests in 30.00s, 5.25MB read
Requests/sec:    997.81
Transfer/sec:    179.29KB
