Using argument nginx
using  args: threads=4 and connections=8 and duration=30 and requests=2000
Running 30s test @ http://10.10.1.5:5000
  4 threads and 8 connections
  Thread calibration: mean lat.: 3.280ms, rate sampling interval: 12ms
  Thread calibration: mean lat.: 3.548ms, rate sampling interval: 14ms
  Thread calibration: mean lat.: 3.427ms, rate sampling interval: 13ms
  Thread calibration: mean lat.: 3.588ms, rate sampling interval: 14ms
  Thread Stats   Avg      Stdev     99%   +/- Stdev
    Latency     3.46ms    2.56ms  12.34ms   78.46%
    Req/Sec   520.16    191.26     1.00k    68.28%
  Latency Distribution (HdrHistogram - Recorded Latency)
 50.000%    2.75ms
 75.000%    4.59ms
 90.000%    6.86ms
 99.000%   12.34ms
 99.900%   17.28ms
 99.990%   20.35ms
 99.999%   23.30ms
100.000%   23.30ms

  Detailed Percentile spectrum:
       Value   Percentile   TotalCount 1/(1-Percentile)

       0.356     0.000000            1         1.00
       1.039     0.100000         4007         1.11
       1.423     0.200000         8010         1.25
       1.682     0.300000        12004         1.43
       2.163     0.400000        16005         1.67
       2.751     0.500000        20002         2.00
       3.045     0.550000        22003         2.22
       3.351     0.600000        24013         2.50
       3.707     0.650000        26002         2.86
       4.111     0.700000        28008         3.33
       4.587     0.750000        30008         4.00
       4.855     0.775000        31008         4.44
       5.167     0.800000        32007         5.00
       5.515     0.825000        33009         5.71
       5.907     0.850000        34003         6.67
       6.347     0.875000        35005         8.00
       6.591     0.887500        35502         8.89
       6.859     0.900000        36005        10.00
       7.187     0.912500        36506        11.43
       7.591     0.925000        37000        13.33
       8.047     0.937500        37503        16.00
       8.311     0.943750        37753        17.78
       8.599     0.950000        38003        20.00
       8.943     0.956250        38259        22.86
       9.327     0.962500        38504        26.67
       9.719     0.968750        38757        32.00
       9.951     0.971875        38879        35.56
      10.215     0.975000        39004        40.00
      10.511     0.978125        39125        45.71
      10.911     0.981250        39251        53.33
      11.311     0.984375        39376        64.00
      11.519     0.985938        39439        71.11
      11.831     0.987500        39500        80.00
      12.151     0.989062        39564        91.43
      12.503     0.990625        39625       106.67
      12.879     0.992188        39688       128.00
      13.143     0.992969        39721       142.22
      13.407     0.993750        39750       160.00
      13.735     0.994531        39782       182.86
      14.071     0.995313        39813       213.33
      14.479     0.996094        39844       256.00
      14.663     0.996484        39861       284.44
      14.871     0.996875        39875       320.00
      15.143     0.997266        39891       365.71
      15.367     0.997656        39907       426.67
      15.751     0.998047        39922       512.00
      15.951     0.998242        39930       568.89
      16.207     0.998437        39938       640.00
      16.479     0.998633        39947       731.43
      16.879     0.998828        39954       853.33
      17.327     0.999023        39961      1024.00
      17.567     0.999121        39965      1137.78
      17.743     0.999219        39969      1280.00
      17.967     0.999316        39973      1462.86
      18.319     0.999414        39977      1706.67
      18.447     0.999512        39981      2048.00
      18.575     0.999561        39983      2275.56
      18.815     0.999609        39985      2560.00
      18.879     0.999658        39987      2925.71
      19.103     0.999707        39989      3413.33
      19.215     0.999756        39991      4096.00
      19.535     0.999780        39992      4551.11
      19.679     0.999805        39993      5120.00
      19.887     0.999829        39994      5851.43
      20.255     0.999854        39995      6826.67
      20.351     0.999878        39996      8192.00
      20.351     0.999890        39996      9102.22
      20.831     0.999902        39997     10240.00
      20.831     0.999915        39997     11702.86
      21.103     0.999927        39998     13653.33
      21.103     0.999939        39998     16384.00
      21.103     0.999945        39998     18204.44
      21.343     0.999951        39999     20480.00
      21.343     0.999957        39999     23405.71
      21.343     0.999963        39999     27306.67
      21.343     0.999969        39999     32768.00
      21.343     0.999973        39999     36408.89
      23.295     0.999976        40000     40960.00
      23.295     1.000000        40000          inf
#[Mean    =        3.459, StdDeviation   =        2.562]
#[Max     =       23.280, Total count    =        40000]
#[Buckets =           27, SubBuckets     =         2048]
----------------------------------------------------------
  59805 requests in 30.00s, 24.71MB read
Requests/sec:   1993.42
Transfer/sec:    843.40KB
