Using argument nginx
using  args: threads=4 and connections=512 and duration=30 and requests=18000
Running 30s test @ http://10.10.1.6:5000
  4 threads and 512 connections
  Thread calibration: mean lat.: 202.108ms, rate sampling interval: 877ms
  Thread calibration: mean lat.: 215.768ms, rate sampling interval: 955ms
  Thread calibration: mean lat.: 202.397ms, rate sampling interval: 861ms
  Thread calibration: mean lat.: 196.247ms, rate sampling interval: 862ms
  Thread Stats   Avg      Stdev     99%   +/- Stdev
    Latency   301.75ms  274.24ms   1.23s    80.55%
    Req/Sec     4.51k   201.94     4.74k    87.50%
  Latency Distribution (HdrHistogram - Recorded Latency)
 50.000%  215.68ms
 75.000%  429.82ms
 90.000%  686.59ms
 99.000%    1.23s 
 99.900%    1.58s 
 99.990%    1.77s 
 99.999%    1.87s 
100.000%    1.91s 

  Detailed Percentile spectrum:
       Value   Percentile   TotalCount 1/(1-Percentile)

       0.329     0.000000            1         1.00
      43.487     0.100000        35864         1.11
      75.967     0.200000        71673         1.25
     113.919     0.300000       107542         1.43
     159.359     0.400000       143420         1.67
     215.679     0.500000       179187         2.00
     248.575     0.550000       197139         2.22
     285.951     0.600000       215059         2.50
     327.679     0.650000       233015         2.86
     375.551     0.700000       250946         3.33
     429.823     0.750000       268856         4.00
     461.055     0.775000       277755         4.44
     495.871     0.800000       286739         5.00
     534.015     0.825000       295728         5.71
     576.511     0.850000       304623         6.67
     627.711     0.875000       313588         8.00
     655.871     0.887500       318101         8.89
     686.591     0.900000       322586        10.00
     720.895     0.912500       327031        11.43
     759.807     0.925000       331525        13.33
     807.423     0.937500       336001        16.00
     833.023     0.943750       338212        17.78
     860.671     0.950000       340451        20.00
     893.951     0.956250       342694        22.86
     933.887     0.962500       344932        26.67
     975.871     0.968750       347169        32.00
     999.423     0.971875       348314        35.56
    1028.607     0.975000       349405        40.00
    1059.839     0.978125       350558        45.71
    1094.655     0.981250       351646        53.33
    1135.615     0.984375       352776        64.00
    1158.143     0.985938       353338        71.11
    1180.671     0.987500       353892        80.00
    1207.295     0.989062       354449        91.43
    1238.015     0.990625       355010       106.67
    1276.927     0.992188       355569       128.00
    1299.455     0.992969       355857       142.22
    1323.007     0.993750       356133       160.00
    1344.511     0.994531       356412       182.86
    1369.087     0.995313       356685       213.33
    1398.783     0.996094       356965       256.00
    1416.191     0.996484       357105       284.44
    1434.623     0.996875       357245       320.00
    1455.103     0.997266       357392       365.71
    1477.631     0.997656       357527       426.67
    1502.207     0.998047       357668       512.00
    1515.519     0.998242       357736       568.89
    1530.879     0.998437       357813       640.00
    1544.191     0.998633       357876       731.43
    1559.551     0.998828       357945       853.33
    1585.151     0.999023       358019      1024.00
    1599.487     0.999121       358050      1137.78
    1613.823     0.999219       358085      1280.00
    1628.159     0.999316       358120      1462.86
    1644.543     0.999414       358157      1706.67
    1659.903     0.999512       358191      2048.00
    1668.095     0.999561       358207      2275.56
    1678.335     0.999609       358225      2560.00
    1688.575     0.999658       358244      2925.71
    1696.767     0.999707       358260      3413.33
    1712.127     0.999756       358277      4096.00
    1718.271     0.999780       358286      4551.11
    1729.535     0.999805       358296      5120.00
    1739.775     0.999829       358303      5851.43
    1750.015     0.999854       358312      6826.67
    1761.279     0.999878       358321      8192.00
    1767.423     0.999890       358325      9102.22
    1771.519     0.999902       358330     10240.00
    1781.759     0.999915       358334     11702.86
    1789.951     0.999927       358338     13653.33
    1804.287     0.999939       358343     16384.00
    1811.455     0.999945       358345     18204.44
    1813.503     0.999951       358347     20480.00
    1820.671     0.999957       358349     23405.71
    1824.767     0.999963       358351     27306.67
    1838.079     0.999969       358354     32768.00
    1842.175     0.999973       358356     36408.89
    1842.175     0.999976       358356     40960.00
    1844.223     0.999979       358357     46811.43
    1851.391     0.999982       358358     54613.33
    1866.751     0.999985       358359     65536.00
    1870.847     0.999986       358360     72817.78
    1870.847     0.999988       358360     81920.00
    1873.919     0.999989       358361     93622.86
    1873.919     0.999991       358361    109226.67
    1887.231     0.999992       358362    131072.00
    1887.231     0.999993       358362    145635.56
    1887.231     0.999994       358362    163840.00
    1899.519     0.999995       358363    187245.71
    1899.519     0.999995       358363    218453.33
    1899.519     0.999996       358363    262144.00
    1899.519     0.999997       358363    291271.11
    1899.519     0.999997       358363    327680.00
    1907.711     0.999997       358364    374491.43
    1907.711     1.000000       358364          inf
#[Mean    =      301.750, StdDeviation   =      274.240]
#[Max     =     1906.688, Total count    =       358364]
#[Buckets =           27, SubBuckets     =         2048]
----------------------------------------------------------
  535227 requests in 30.00s, 221.39MB read
Requests/sec:  17841.26
Transfer/sec:      7.38MB
