Using argument nginx
using  args: threads=4 and connections=512 and duration=30 and requests=3000
Running 30s test @ http://10.10.1.8:8080
  4 threads and 512 connections
  Thread calibration: mean lat.: 1396.252ms, rate sampling interval: 6639ms
  Thread calibration: mean lat.: 1478.372ms, rate sampling interval: 6746ms
  Thread calibration: mean lat.: 1674.090ms, rate sampling interval: 7200ms
  Thread calibration: mean lat.: 1505.271ms, rate sampling interval: 6983ms
  Thread Stats   Avg      Stdev     99%   +/- Stdev
    Latency     9.03s     5.03s   22.87s    69.96%
    Req/Sec   326.38     27.68   360.00     62.50%
  Latency Distribution (HdrHistogram - Recorded Latency)
 50.000%    9.15s 
 75.000%   12.02s 
 90.000%   15.10s 
 99.000%   22.87s 
 99.900%   25.92s 
 99.990%   27.64s 
 99.999%   27.77s 
100.000%   27.77s 

  Detailed Percentile spectrum:
       Value   Percentile   TotalCount 1/(1-Percentile)

       0.763     0.000000            1         1.00
    2252.799     0.100000         2620         1.11
    4444.159     0.200000         5238         1.25
    6369.279     0.300000         7858         1.43
    7897.087     0.400000        10465         1.67
    9150.463     0.500000        13095         2.00
    9707.519     0.550000        14418         2.22
   10256.383     0.600000        15707         2.50
   10821.631     0.650000        17007         2.86
   11403.263     0.700000        18321         3.33
   12017.663     0.750000        19633         4.00
   12320.767     0.775000        20285         4.44
   12623.871     0.800000        20933         5.00
   12967.935     0.825000        21584         5.71
   13410.303     0.850000        22238         6.67
   13975.551     0.875000        22896         8.00
   14401.535     0.887500        23220         8.89
   15097.855     0.900000        23546        10.00
   15835.135     0.912500        23873        11.43
   16629.759     0.925000        24200        13.33
   17498.111     0.937500        24529        16.00
   17973.247     0.943750        24693        17.78
   18382.847     0.950000        24855        20.00
   19005.439     0.956250        25019        22.86
   19513.343     0.962500        25183        26.67
   20004.863     0.968750        25345        32.00
   20332.543     0.971875        25428        35.56
   20627.455     0.975000        25510        40.00
   20987.903     0.978125        25590        45.71
   21381.119     0.981250        25672        53.33
   21921.791     0.984375        25753        64.00
   22200.319     0.985938        25794        71.11
   22527.999     0.987500        25834        80.00
   22740.991     0.989062        25877        91.43
   22970.367     0.990625        25916       106.67
   23216.127     0.992188        25959       128.00
   23330.815     0.992969        25979       142.22
   23429.119     0.993750        25998       160.00
   23609.343     0.994531        26018       182.86
   23822.335     0.995313        26039       213.33
   24100.863     0.996094        26059       256.00
   24346.623     0.996484        26071       284.44
   24444.927     0.996875        26080       320.00
   24510.463     0.997266        26090       365.71
   24739.839     0.997656        26100       426.67
   24903.679     0.998047        26110       512.00
   24969.215     0.998242        26116       568.89
   25116.671     0.998437        26121       640.00
   25231.359     0.998633        26126       731.43
   25313.279     0.998828        26131       853.33
   25935.871     0.999023        26136      1024.00
   26329.087     0.999121        26139      1137.78
   26509.311     0.999219        26141      1280.00
   26558.463     0.999316        26144      1462.86
   27049.983     0.999414        26146      1706.67
   27426.815     0.999512        26149      2048.00
   27459.583     0.999561        26151      2275.56
   27459.583     0.999609        26151      2560.00
   27508.735     0.999658        26154      2925.71
   27508.735     0.999707        26154      3413.33
   27541.503     0.999756        26155      4096.00
   27574.271     0.999780        26157      4551.11
   27574.271     0.999805        26157      5120.00
   27574.271     0.999829        26157      5851.43
   27639.807     0.999854        26158      6826.67
   27639.807     0.999878        26158      8192.00
   27672.575     0.999890        26159      9102.22
   27672.575     0.999902        26159     10240.00
   27672.575     0.999915        26159     11702.86
   27688.959     0.999927        26160     13653.33
   27688.959     0.999939        26160     16384.00
   27688.959     0.999945        26160     18204.44
   27688.959     0.999951        26160     20480.00
   27688.959     0.999957        26160     23405.71
   27770.879     0.999963        26161     27306.67
   27770.879     1.000000        26161          inf
#[Mean    =     9034.191, StdDeviation   =     5034.580]
#[Max     =    27754.496, Total count    =        26161]
#[Buckets =           27, SubBuckets     =         2048]
----------------------------------------------------------
  40554 requests in 30.08s, 330.48MB read
  Non-2xx or 3xx responses: 785
Requests/sec:   1348.10
Transfer/sec:     10.99MB
