Using argument nginx
using  args: threads=4 and connections=512 and duration=30 and requests=8000
Running 30s test @ http://10.10.1.6:8080/wrk2-api/user-timeline/read
  4 threads and 512 connections
  Thread calibration: mean lat.: 1844.096ms, rate sampling interval: 6811ms
  Thread calibration: mean lat.: 1704.496ms, rate sampling interval: 6733ms
  Thread calibration: mean lat.: 1726.173ms, rate sampling interval: 6811ms
  Thread calibration: mean lat.: 1734.404ms, rate sampling interval: 6836ms
  Thread Stats   Avg      Stdev     99%   +/- Stdev
    Latency     7.29s     2.29s   12.24s    62.35%
    Req/Sec     1.22k     3.79     1.23k    87.50%
  Latency Distribution (HdrHistogram - Recorded Latency)
 50.000%    7.22s 
 75.000%    9.04s 
 90.000%   10.41s 
 99.000%   12.24s 
 99.900%   13.63s 
 99.990%   14.67s 
 99.999%   15.33s 
100.000%   16.16s 

  Detailed Percentile spectrum:
       Value   Percentile   TotalCount 1/(1-Percentile)

    1759.231     0.000000            1         1.00
    4292.607     0.100000         9024         1.11
    5050.367     0.200000        18049         1.25
    5767.167     0.300000        27057         1.43
    6496.255     0.400000        36085         1.67
    7217.151     0.500000        45085         2.00
    7573.503     0.550000        49630         2.22
    7929.855     0.600000        54140         2.50
    8290.303     0.650000        58639         2.86
    8667.135     0.700000        63143         3.33
    9035.775     0.750000        67655         4.00
    9240.575     0.775000        69905         4.44
    9445.375     0.800000        72148         5.00
    9666.559     0.825000        74431         5.71
    9904.127     0.850000        76666         6.67
   10149.887     0.875000        78979         8.00
   10272.767     0.887500        80050         8.89
   10412.031     0.900000        81210        10.00
   10551.295     0.912500        82295        11.43
   10723.327     0.925000        83450        13.33
   10887.167     0.937500        84564        16.00
   10977.279     0.943750        85099        17.78
   11083.775     0.950000        85701        20.00
   11198.463     0.956250        86255        22.86
   11321.343     0.962500        86789        26.67
   11468.799     0.968750        87384        32.00
   11542.527     0.971875        87641        35.56
   11624.447     0.975000        87924        40.00
   11730.943     0.978125        88220        45.71
   11837.439     0.981250        88483        53.33
   11952.127     0.984375        88762        64.00
   12025.855     0.985938        88909        71.11
   12099.583     0.987500        89052        80.00
   12189.695     0.989062        89189        91.43
   12279.807     0.990625        89327       106.67
   12402.687     0.992188        89467       128.00
   12468.223     0.992969        89539       142.22
   12533.759     0.993750        89607       160.00
   12615.679     0.994531        89681       182.86
   12722.175     0.995313        89755       213.33
   12820.479     0.996094        89826       256.00
   12861.439     0.996484        89863       284.44
   12935.167     0.996875        89893       320.00
   13017.087     0.997266        89925       365.71
   13099.007     0.997656        89966       426.67
   13197.311     0.998047        89998       512.00
   13271.039     0.998242        90012       568.89
   13361.151     0.998437        90030       640.00
   13467.647     0.998633        90048       731.43
   13565.951     0.998828        90066       853.33
   13647.871     0.999023        90082      1024.00
   13705.215     0.999121        90091      1137.78
   13778.943     0.999219        90101      1280.00
   13852.671     0.999316        90109      1462.86
   13967.359     0.999414        90118      1706.67
   14016.511     0.999512        90127      2048.00
   14065.663     0.999561        90133      2275.56
   14073.855     0.999609        90135      2560.00
   14163.967     0.999658        90140      2925.71
   14196.735     0.999707        90144      3413.33
   14278.655     0.999756        90148      4096.00
   14393.343     0.999780        90151      4551.11
   14417.919     0.999805        90153      5120.00
   14516.223     0.999829        90155      5851.43
   14540.799     0.999854        90157      6826.67
   14589.951     0.999878        90159      8192.00
   14671.871     0.999890        90162      9102.22
   14671.871     0.999902        90162     10240.00
   14688.255     0.999915        90163     11702.86
   14778.367     0.999927        90164     13653.33
   14827.519     0.999939        90165     16384.00
   14893.055     0.999945        90166     18204.44
   14893.055     0.999951        90166     20480.00
   15147.007     0.999957        90167     23405.71
   15147.007     0.999963        90167     27306.67
   15220.735     0.999969        90168     32768.00
   15220.735     0.999973        90168     36408.89
   15220.735     0.999976        90168     40960.00
   15327.231     0.999979        90169     46811.43
   15327.231     0.999982        90169     54613.33
   15327.231     0.999985        90169     65536.00
   15327.231     0.999986        90169     72817.78
   15327.231     0.999988        90169     81920.00
   16162.815     0.999989        90170     93622.86
   16162.815     1.000000        90170          inf
#[Mean    =     7287.349, StdDeviation   =     2290.405]
#[Max     =    16154.624, Total count    =        90170]
#[Buckets =           27, SubBuckets     =         2048]
----------------------------------------------------------
  139166 requests in 30.00s, 24.42MB read
  Non-2xx or 3xx responses: 18
Requests/sec:   4638.68
Transfer/sec:    833.61KB
