Using argument nginx
using  args: threads=4 and connections=512 and duration=30 and requests=14000
Running 30s test @ http://10.10.1.6:5000
  4 threads and 512 connections
  Thread calibration: mean lat.: 18.605ms, rate sampling interval: 75ms
  Thread calibration: mean lat.: 18.371ms, rate sampling interval: 75ms
  Thread calibration: mean lat.: 18.488ms, rate sampling interval: 74ms
  Thread calibration: mean lat.: 19.474ms, rate sampling interval: 75ms
  Thread Stats   Avg      Stdev     99%   +/- Stdev
    Latency    19.43ms   18.70ms  95.17ms   90.35%
    Req/Sec     3.53k   351.66     4.34k    73.21%
  Latency Distribution (HdrHistogram - Recorded Latency)
 50.000%   16.11ms
 75.000%   24.69ms
 90.000%   37.22ms
 99.000%   95.17ms
 99.900%  185.21ms
 99.990%  241.66ms
 99.999%  272.38ms
100.000%  278.78ms

  Detailed Percentile spectrum:
       Value   Percentile   TotalCount 1/(1-Percentile)

       0.350     0.000000            1         1.00
       3.167     0.100000        27899         1.11
       5.675     0.200000        55809         1.25
       9.511     0.300000        83677         1.43
      13.231     0.400000       111619         1.67
      16.111     0.500000       139479         2.00
      17.519     0.550000       153473         2.22
      19.007     0.600000       167464         2.50
      20.639     0.650000       181343         2.86
      22.495     0.700000       195324         3.33
      24.687     0.750000       209235         4.00
      25.999     0.775000       216233         4.44
      27.519     0.800000       223172         5.00
      29.279     0.825000       230120         5.71
      31.375     0.850000       237107         6.67
      33.951     0.875000       244087         8.00
      35.423     0.887500       247591         8.89
      37.215     0.900000       251067        10.00
      39.263     0.912500       254537        11.43
      41.663     0.925000       258032        13.33
      44.575     0.937500       261510        16.00
      46.431     0.943750       263242        17.78
      48.607     0.950000       264988        20.00
      51.135     0.956250       266734        22.86
      54.111     0.962500       268464        26.67
      58.143     0.968750       270221        32.00
      60.639     0.971875       271077        35.56
      63.519     0.975000       271954        40.00
      67.135     0.978125       272820        45.71
      71.743     0.981250       273699        53.33
      78.207     0.984375       274568        64.00
      81.919     0.985938       275005        71.11
      86.399     0.987500       275439        80.00
      91.519     0.989062       275871        91.43
      97.727     0.990625       276309       106.67
     106.303     0.992188       276749       128.00
     110.783     0.992969       276963       142.22
     116.351     0.993750       277181       160.00
     122.559     0.994531       277398       182.86
     129.279     0.995313       277614       213.33
     137.215     0.996094       277833       256.00
     142.207     0.996484       277941       284.44
     147.199     0.996875       278054       320.00
     152.447     0.997266       278159       365.71
     158.719     0.997656       278268       426.67
     164.991     0.998047       278378       512.00
     168.319     0.998242       278432       568.89
     172.671     0.998437       278488       640.00
     176.127     0.998633       278540       731.43
     180.223     0.998828       278597       853.33
     186.111     0.999023       278650      1024.00
     188.671     0.999121       278676      1137.78
     191.999     0.999219       278705      1280.00
     194.559     0.999316       278731      1462.86
     198.271     0.999414       278758      1706.67
     203.775     0.999512       278785      2048.00
     207.103     0.999561       278801      2275.56
     210.815     0.999609       278813      2560.00
     213.759     0.999658       278827      2925.71
     216.831     0.999707       278840      3413.33
     221.439     0.999756       278853      4096.00
     224.383     0.999780       278860      4551.11
     228.991     0.999805       278869      5120.00
     231.807     0.999829       278874      5851.43
     234.879     0.999854       278881      6826.67
     238.463     0.999878       278887      8192.00
     241.407     0.999890       278892      9102.22
     242.303     0.999902       278894     10240.00
     244.223     0.999915       278898     11702.86
     245.503     0.999927       278901     13653.33
     248.319     0.999939       278904     16384.00
     248.703     0.999945       278906     18204.44
     250.495     0.999951       278908     20480.00
     254.079     0.999957       278910     23405.71
     254.719     0.999963       278911     27306.67
     255.871     0.999969       278913     32768.00
     258.815     0.999973       278914     36408.89
     258.943     0.999976       278915     40960.00
     264.703     0.999979       278916     46811.43
     264.703     0.999982       278916     54613.33
     271.359     0.999985       278917     65536.00
     272.383     0.999986       278918     72817.78
     272.383     0.999988       278918     81920.00
     274.687     0.999989       278919     93622.86
     274.687     0.999991       278919    109226.67
     274.687     0.999992       278919    131072.00
     275.711     0.999993       278920    145635.56
     275.711     0.999994       278920    163840.00
     275.711     0.999995       278920    187245.71
     275.711     0.999995       278920    218453.33
     275.711     0.999996       278920    262144.00
     278.783     0.999997       278921    291271.11
     278.783     1.000000       278921          inf
#[Mean    =       19.428, StdDeviation   =       18.699]
#[Max     =      278.528, Total count    =       278921]
#[Buckets =           27, SubBuckets     =         2048]
----------------------------------------------------------
  416359 requests in 30.00s, 172.34MB read
Requests/sec:  13878.92
Transfer/sec:      5.74MB
