Using argument nginx
using  args: threads=4 and connections=512 and duration=30 and requests=3500
Running 30s test @ http://10.10.1.5:8080
  4 threads and 512 connections
  Thread calibration: mean lat.: 1640.233ms, rate sampling interval: 9871ms
  Thread calibration: mean lat.: 1896.742ms, rate sampling interval: 10387ms
  Thread calibration: mean lat.: 1863.497ms, rate sampling interval: 10166ms
  Thread calibration: mean lat.: 1988.779ms, rate sampling interval: 10911ms
  Thread Stats   Avg      Stdev     99%   +/- Stdev
    Latency    11.35s     6.41s   24.94s    62.89%
    Req/Sec   323.00     12.62   343.00     60.00%
  Latency Distribution (HdrHistogram - Recorded Latency)
 50.000%   10.70s 
 75.000%   16.59s 
 90.000%   20.20s 
 99.000%   24.94s 
 99.900%   26.95s 
 99.990%   27.54s 
 99.999%   27.77s 
100.000%   27.77s 

  Detailed Percentile spectrum:
       Value   Percentile   TotalCount 1/(1-Percentile)

       1.004     0.000000            1         1.00
    2922.495     0.100000         2569         1.11
    5246.975     0.200000         5138         1.25
    7106.559     0.300000         7699         1.43
    8962.047     0.400000        10281         1.67
   10698.751     0.500000        12835         2.00
   11730.943     0.550000        14118         2.22
   13090.815     0.600000        15397         2.50
   14376.959     0.650000        16680         2.86
   15663.103     0.700000        17974         3.33
   16588.799     0.750000        19256         4.00
   17055.743     0.775000        19895         4.44
   17498.111     0.800000        20537         5.00
   18022.399     0.825000        21173         5.71
   18726.911     0.850000        21812         6.67
   19415.039     0.875000        22455         8.00
   19824.639     0.887500        22777         8.89
   20201.471     0.900000        23105        10.00
   20578.303     0.912500        23416        11.43
   21053.439     0.925000        23743        13.33
   21463.039     0.937500        24059        16.00
   21725.183     0.943750        24224        17.78
   21987.327     0.950000        24378        20.00
   22249.471     0.956250        24542        22.86
   22527.999     0.962500        24705        26.67
   22937.599     0.968750        24866        32.00
   23150.591     0.971875        24941        35.56
   23412.735     0.975000        25021        40.00
   23773.183     0.978125        25105        45.71
   24051.711     0.981250        25180        53.33
   24379.391     0.984375        25270        64.00
   24477.695     0.985938        25304        71.11
   24641.535     0.987500        25341        80.00
   24805.375     0.989062        25384        91.43
   25018.367     0.990625        25421       106.67
   25182.207     0.992188        25467       128.00
   25264.127     0.992969        25482       142.22
   25395.199     0.993750        25501       160.00
   25575.423     0.994531        25529       182.86
   25706.495     0.995313        25544       213.33
   25886.719     0.996094        25561       256.00
   26001.407     0.996484        25571       284.44
   26132.479     0.996875        25581       320.00
   26230.783     0.997266        25592       365.71
   26345.471     0.997656        25601       426.67
   26460.159     0.998047        25611       512.00
   26542.079     0.998242        25617       568.89
   26607.615     0.998437        25621       640.00
   26656.767     0.998633        25626       731.43
   26804.223     0.998828        25631       853.33
   26984.447     0.999023        25636      1024.00
   27131.903     0.999121        25641      1137.78
   27131.903     0.999219        25641      1280.00
   27181.055     0.999316        25644      1462.86
   27230.207     0.999414        25646      1706.67
   27279.359     0.999512        25649      2048.00
   27295.743     0.999561        25650      2275.56
   27312.127     0.999609        25652      2560.00
   27328.511     0.999658        25653      2925.71
   27344.895     0.999707        25654      3413.33
   27361.279     0.999756        25656      4096.00
   27361.279     0.999780        25656      4551.11
   27361.279     0.999805        25656      5120.00
   27525.119     0.999829        25657      5851.43
   27541.503     0.999854        25658      6826.67
   27541.503     0.999878        25658      8192.00
   27656.191     0.999890        25659      9102.22
   27656.191     0.999902        25659     10240.00
   27656.191     0.999915        25659     11702.86
   27738.111     0.999927        25660     13653.33
   27738.111     0.999939        25660     16384.00
   27738.111     0.999945        25660     18204.44
   27738.111     0.999951        25660     20480.00
   27738.111     0.999957        25660     23405.71
   27770.879     0.999963        25661     27306.67
   27770.879     1.000000        25661          inf
#[Mean    =    11347.149, StdDeviation   =     6407.690]
#[Max     =    27754.496, Total count    =        25661]
#[Buckets =           27, SubBuckets     =         2048]
----------------------------------------------------------
  39197 requests in 30.04s, 320.69MB read
  Non-2xx or 3xx responses: 893
Requests/sec:   1304.86
Transfer/sec:     10.68MB
