Using argument nginx
using  args: threads=4 and connections=512 and duration=30 and requests=3500
Running 30s test @ http://10.10.1.4:5000
  4 threads and 512 connections
  Thread calibration: mean lat.: 1.906ms, rate sampling interval: 10ms
  Thread calibration: mean lat.: 1.890ms, rate sampling interval: 10ms
  Thread calibration: mean lat.: 1.893ms, rate sampling interval: 10ms
  Thread calibration: mean lat.: 1.906ms, rate sampling interval: 10ms
  Thread Stats   Avg      Stdev     99%   +/- Stdev
    Latency     1.88ms    1.03ms   5.10ms   70.01%
    Req/Sec     0.93k   316.73     1.78k    67.84%
  Latency Distribution (HdrHistogram - Recorded Latency)
 50.000%    1.55ms
 75.000%    2.44ms
 90.000%    3.33ms
 99.000%    5.10ms
 99.900%    6.35ms
 99.990%    7.88ms
 99.999%    8.66ms
100.000%    9.65ms

  Detailed Percentile spectrum:
       Value   Percentile   TotalCount 1/(1-Percentile)

       0.359     0.000000            1         1.00
       0.809     0.100000         7008         1.11
       0.938     0.200000        14007         1.25
       1.283     0.300000        21029         1.43
       1.413     0.400000        27975         1.67
       1.548     0.500000        34969         2.00
       1.641     0.550000        38463         2.22
       1.797     0.600000        41969         2.50
       2.036     0.650000        45467         2.86
       2.239     0.700000        48958         3.33
       2.439     0.750000        52456         4.00
       2.545     0.775000        54197         4.44
       2.669     0.800000        55968         5.00
       2.797     0.825000        57701         5.71
       2.953     0.850000        59458         6.67
       3.127     0.875000        61205         8.00
       3.223     0.887500        62066         8.89
       3.333     0.900000        62936        10.00
       3.459     0.912500        63809        11.43
       3.603     0.925000        64691        13.33
       3.759     0.937500        65562        16.00
       3.849     0.943750        66002        17.78
       3.953     0.950000        66437        20.00
       4.065     0.956250        66872        22.86
       4.195     0.962500        67309        26.67
       4.335     0.968750        67748        32.00
       4.419     0.971875        67970        35.56
       4.499     0.975000        68182        40.00
       4.603     0.978125        68400        45.71
       4.707     0.981250        68617        53.33
       4.831     0.984375        68841        64.00
       4.895     0.985938        68950        71.11
       4.975     0.987500        69053        80.00
       5.055     0.989062        69166        91.43
       5.139     0.990625        69272       106.67
       5.239     0.992188        69382       128.00
       5.287     0.992969        69437       142.22
       5.355     0.993750        69492       160.00
       5.427     0.994531        69547       182.86
       5.523     0.995313        69600       213.33
       5.623     0.996094        69654       256.00
       5.695     0.996484        69683       284.44
       5.759     0.996875        69711       320.00
       5.847     0.997266        69737       365.71
       5.919     0.997656        69764       426.67
       6.007     0.998047        69792       512.00
       6.059     0.998242        69805       568.89
       6.091     0.998437        69820       640.00
       6.127     0.998633        69832       731.43
       6.259     0.998828        69847       853.33
       6.355     0.999023        69859      1024.00
       6.451     0.999121        69866      1137.78
       6.503     0.999219        69873      1280.00
       6.615     0.999316        69880      1462.86
       6.775     0.999414        69887      1706.67
       6.947     0.999512        69893      2048.00
       7.035     0.999561        69897      2275.56
       7.127     0.999609        69900      2560.00
       7.283     0.999658        69904      2925.71
       7.347     0.999707        69907      3413.33
       7.475     0.999756        69910      4096.00
       7.535     0.999780        69912      4551.11
       7.623     0.999805        69914      5120.00
       7.775     0.999829        69916      5851.43
       7.779     0.999854        69917      6826.67
       7.831     0.999878        69919      8192.00
       7.883     0.999890        69920      9102.22
       7.967     0.999902        69921     10240.00
       8.031     0.999915        69922     11702.86
       8.031     0.999927        69922     13653.33
       8.351     0.999939        69923     16384.00
       8.375     0.999945        69924     18204.44
       8.375     0.999951        69924     20480.00
       8.543     0.999957        69925     23405.71
       8.543     0.999963        69925     27306.67
       8.543     0.999969        69925     32768.00
       8.663     0.999973        69926     36408.89
       8.663     0.999976        69926     40960.00
       8.663     0.999979        69926     46811.43
       8.663     0.999982        69926     54613.33
       8.663     0.999985        69926     65536.00
       9.655     0.999986        69927     72817.78
       9.655     1.000000        69927          inf
#[Mean    =        1.881, StdDeviation   =        1.028]
#[Max     =        9.648, Total count    =        69927]
#[Buckets =           27, SubBuckets     =         2048]
----------------------------------------------------------
  104212 requests in 30.00s, 42.94MB read
Requests/sec:   3473.82
Transfer/sec:      1.43MB
