Using argument nginx
using  args: threads=4 and connections=512 and duration=30 and requests=6000
Running 30s test @ http://10.10.1.4:5000
  4 threads and 512 connections
  Thread calibration: mean lat.: 2.278ms, rate sampling interval: 10ms
  Thread calibration: mean lat.: 2.271ms, rate sampling interval: 10ms
  Thread calibration: mean lat.: 2.267ms, rate sampling interval: 10ms
  Thread calibration: mean lat.: 2.267ms, rate sampling interval: 10ms
  Thread Stats   Avg      Stdev     99%   +/- Stdev
    Latency     2.25ms    1.24ms   6.07ms   69.04%
    Req/Sec     1.59k   426.44     2.70k    71.13%
  Latency Distribution (HdrHistogram - Recorded Latency)
 50.000%    1.91ms
 75.000%    2.92ms
 90.000%    4.00ms
 99.000%    6.07ms
 99.900%    7.87ms
 99.990%    9.71ms
 99.999%   11.62ms
100.000%   12.35ms

  Detailed Percentile spectrum:
       Value   Percentile   TotalCount 1/(1-Percentile)

       0.346     0.000000            1         1.00
       0.895     0.100000        12048         1.11
       1.200     0.200000        23995         1.25
       1.453     0.300000        35958         1.43
       1.648     0.400000        47943         1.67
       1.914     0.500000        59916         2.00
       2.097     0.550000        65903         2.22
       2.291     0.600000        71948         2.50
       2.481     0.650000        77925         2.86
       2.689     0.700000        83897         3.33
       2.923     0.750000        89898         4.00
       3.055     0.775000        92875         4.44
       3.199     0.800000        95864         5.00
       3.361     0.825000        98868         5.71
       3.541     0.850000       101846         6.67
       3.751     0.875000       104843         8.00
       3.865     0.887500       106357         8.89
       3.997     0.900000       107832        10.00
       4.139     0.912500       109331        11.43
       4.299     0.925000       110836        13.33
       4.479     0.937500       112325        16.00
       4.583     0.943750       113093        17.78
       4.691     0.950000       113835        20.00
       4.815     0.956250       114574        22.86
       4.959     0.962500       115334        26.67
       5.123     0.968750       116074        32.00
       5.219     0.971875       116459        35.56
       5.327     0.975000       116842        40.00
       5.439     0.978125       117202        45.71
       5.571     0.981250       117567        53.33
       5.715     0.984375       117949        64.00
       5.795     0.985938       118132        71.11
       5.895     0.987500       118320        80.00
       5.991     0.989062       118505        91.43
       6.123     0.990625       118693       106.67
       6.255     0.992188       118883       128.00
       6.335     0.992969       118977       142.22
       6.443     0.993750       119065       160.00
       6.535     0.994531       119159       182.86
       6.655     0.995313       119254       213.33
       6.771     0.996094       119345       256.00
       6.871     0.996484       119393       284.44
       6.951     0.996875       119440       320.00
       7.067     0.997266       119487       365.71
       7.187     0.997656       119533       426.67
       7.323     0.998047       119580       512.00
       7.431     0.998242       119603       568.89
       7.535     0.998437       119626       640.00
       7.631     0.998633       119653       731.43
       7.747     0.998828       119673       853.33
       7.927     0.999023       119696      1024.00
       7.983     0.999121       119708      1137.78
       8.111     0.999219       119720      1280.00
       8.255     0.999316       119733      1462.86
       8.415     0.999414       119743      1706.67
       8.623     0.999512       119755      2048.00
       8.711     0.999561       119761      2275.56
       8.831     0.999609       119767      2560.00
       8.967     0.999658       119773      2925.71
       9.119     0.999707       119778      3413.33
       9.175     0.999756       119784      4096.00
       9.255     0.999780       119787      4551.11
       9.359     0.999805       119790      5120.00
       9.463     0.999829       119793      5851.43
       9.607     0.999854       119796      6826.67
       9.631     0.999878       119799      8192.00
       9.679     0.999890       119800      9102.22
       9.847     0.999902       119802     10240.00
      10.207     0.999915       119803     11702.86
      10.415     0.999927       119805     13653.33
      10.583     0.999939       119806     16384.00
      10.591     0.999945       119807     18204.44
      10.783     0.999951       119808     20480.00
      10.783     0.999957       119808     23405.71
      11.143     0.999963       119809     27306.67
      11.175     0.999969       119810     32768.00
      11.175     0.999973       119810     36408.89
      11.351     0.999976       119811     40960.00
      11.351     0.999979       119811     46811.43
      11.351     0.999982       119811     54613.33
      11.623     0.999985       119812     65536.00
      11.623     0.999986       119812     72817.78
      11.623     0.999988       119812     81920.00
      11.623     0.999989       119812     93622.86
      11.623     0.999991       119812    109226.67
      12.351     0.999992       119813    131072.00
      12.351     1.000000       119813          inf
#[Mean    =        2.249, StdDeviation   =        1.244]
#[Max     =       12.344, Total count    =       119813]
#[Buckets =           27, SubBuckets     =         2048]
----------------------------------------------------------
  178566 requests in 30.00s, 74.00MB read
Requests/sec:   5952.27
Transfer/sec:      2.47MB
