Using argument nginx
using  args: threads=4 and connections=512 and duration=30 and requests=14000
Running 30s test @ http://10.10.1.8:5000
  4 threads and 512 connections
  Thread calibration: mean lat.: 4149.812ms, rate sampling interval: 15171ms
  Thread calibration: mean lat.: 3780.945ms, rate sampling interval: 13762ms
  Thread calibration: mean lat.: 4123.518ms, rate sampling interval: 15097ms
  Thread calibration: mean lat.: 4155.891ms, rate sampling interval: 15179ms
  Thread Stats   Avg      Stdev     99%   +/- Stdev
    Latency    16.59s     4.89s   25.30s    58.17%
    Req/Sec   556.50      5.89   566.00     75.00%
  Latency Distribution (HdrHistogram - Recorded Latency)
 50.000%   16.48s 
 75.000%   20.82s 
 90.000%   23.41s 
 99.000%   25.30s 
 99.900%   25.99s 
 99.990%   26.38s 
 99.999%   26.43s 
100.000%   26.43s 

  Detailed Percentile spectrum:
       Value   Percentile   TotalCount 1/(1-Percentile)

    6811.647     0.000000            1         1.00
    9945.087     0.100000         4460         1.11
   11591.679     0.200000         8923         1.25
   13189.119     0.300000        13359         1.43
   14827.519     0.400000        17809         1.67
   16482.303     0.500000        22264         2.00
   17301.503     0.550000        24494         2.22
   18153.471     0.600000        26731         2.50
   19087.359     0.650000        28974         2.86
   19972.095     0.700000        31203         3.33
   20824.063     0.750000        33401         4.00
   21250.047     0.775000        34530         4.44
   21676.031     0.800000        35620         5.00
   22118.399     0.825000        36745         5.71
   22527.999     0.850000        37843         6.67
   22937.599     0.875000        38953         8.00
   23183.359     0.887500        39509         8.89
   23412.735     0.900000        40094        10.00
   23625.727     0.912500        40665        11.43
   23838.719     0.925000        41211        13.33
   24051.711     0.937500        41749        16.00
   24166.399     0.943750        42051        17.78
   24281.087     0.950000        42320        20.00
   24395.775     0.956250        42597        22.86
   24494.079     0.962500        42847        26.67
   24641.535     0.968750        43152        32.00
   24707.071     0.971875        43276        35.56
   24788.991     0.975000        43413        40.00
   24870.911     0.978125        43559        45.71
   24969.215     0.981250        43689        53.33
   25067.519     0.984375        43823        64.00
   25133.055     0.985938        43909        71.11
   25182.207     0.987500        43961        80.00
   25247.743     0.989062        44032        91.43
   25313.279     0.990625        44101       106.67
   25411.583     0.992188        44174       128.00
   25444.351     0.992969        44208       142.22
   25477.119     0.993750        44242       160.00
   25526.271     0.994531        44280       182.86
   25575.423     0.995313        44309       213.33
   25640.959     0.996094        44347       256.00
   25673.727     0.996484        44366       284.44
   25706.495     0.996875        44378       320.00
   25739.263     0.997266        44393       365.71
   25804.799     0.997656        44412       426.67
   25886.719     0.998047        44432       512.00
   25903.103     0.998242        44436       568.89
   25935.871     0.998437        44449       640.00
   25952.255     0.998633        44458       731.43
   25968.639     0.998828        44464       853.33
   26001.407     0.999023        44474      1024.00
   26017.791     0.999121        44476      1137.78
   26050.559     0.999219        44480      1280.00
   26083.327     0.999316        44484      1462.86
   26148.863     0.999414        44489      1706.67
   26198.015     0.999512        44493      2048.00
   26214.399     0.999561        44495      2275.56
   26230.783     0.999609        44498      2560.00
   26247.167     0.999658        44501      2925.71
   26247.167     0.999707        44501      3413.33
   26296.319     0.999756        44505      4096.00
   26296.319     0.999780        44505      4551.11
   26345.471     0.999805        44508      5120.00
   26345.471     0.999829        44508      5851.43
   26345.471     0.999854        44508      6826.67
   26361.855     0.999878        44509      8192.00
   26378.239     0.999890        44510      9102.22
   26378.239     0.999902        44510     10240.00
   26394.623     0.999915        44511     11702.86
   26394.623     0.999927        44511     13653.33
   26411.007     0.999939        44512     16384.00
   26411.007     0.999945        44512     18204.44
   26411.007     0.999951        44512     20480.00
   26427.391     0.999957        44514     23405.71
   26427.391     1.000000        44514          inf
#[Mean    =    16591.783, StdDeviation   =     4887.289]
#[Max     =    26411.008, Total count    =        44514]
#[Buckets =           27, SubBuckets     =         2048]
----------------------------------------------------------
  65265 requests in 30.03s, 16.63MB read
  Non-2xx or 3xx responses: 64681
Requests/sec:   2173.41
Transfer/sec:    567.23KB
