Using argument nginx
using  args: threads=4 and connections=512 and duration=30 and requests=5000
Running 30s test @ http://10.10.1.4:8080
  4 threads and 512 connections
  Thread calibration: mean lat.: 1984.484ms, rate sampling interval: 8560ms
  Thread calibration: mean lat.: 1854.991ms, rate sampling interval: 8437ms
  Thread calibration: mean lat.: 2141.576ms, rate sampling interval: 8478ms
  Thread calibration: mean lat.: 1861.189ms, rate sampling interval: 8519ms
  Thread Stats   Avg      Stdev     99%   +/- Stdev
    Latency     9.50s     3.48s   17.32s    64.28%
    Req/Sec   613.00      9.47   624.00     62.50%
  Latency Distribution (HdrHistogram - Recorded Latency)
 50.000%    9.39s 
 75.000%   12.08s 
 90.000%   14.24s 
 99.000%   17.32s 
 99.900%   18.74s 
 99.990%   20.25s 
 99.999%   21.04s 
100.000%   21.04s 

  Detailed Percentile spectrum:
       Value   Percentile   TotalCount 1/(1-Percentile)

     648.703     0.000000            1         1.00
    5050.367     0.100000         4880         1.11
    6242.303     0.200000         9741         1.25
    7208.959     0.300000        14601         1.43
    8278.015     0.400000        19462         1.67
    9388.031     0.500000        24336         2.00
    9912.319     0.550000        26776         2.22
   10444.799     0.600000        29210         2.50
   10952.703     0.650000        31630         2.86
   11517.951     0.700000        34064         3.33
   12075.007     0.750000        36516         4.00
   12410.879     0.775000        37723         4.44
   12705.791     0.800000        38958         5.00
   13041.663     0.825000        40168         5.71
   13426.687     0.850000        41376         6.67
   13795.327     0.875000        42597         8.00
   14000.127     0.887500        43186         8.89
   14237.695     0.900000        43805        10.00
   14475.263     0.912500        44404        11.43
   14737.407     0.925000        45008        13.33
   15024.127     0.937500        45637        16.00
   15171.583     0.943750        45926        17.78
   15368.191     0.950000        46227        20.00
   15556.607     0.956250        46527        22.86
   15745.023     0.962500        46831        26.67
   16007.167     0.968750        47142        32.00
   16146.431     0.971875        47290        35.56
   16318.463     0.975000        47445        40.00
   16539.647     0.978125        47599        45.71
   16703.487     0.981250        47745        53.33
   16908.287     0.984375        47906        64.00
   17006.591     0.985938        47974        71.11
   17104.895     0.987500        48047        80.00
   17252.351     0.989062        48128        91.43
   17350.655     0.990625        48199       106.67
   17465.343     0.992188        48277       128.00
   17563.647     0.992969        48317       142.22
   17629.183     0.993750        48352       160.00
   17678.335     0.994531        48391       182.86
   17776.639     0.995313        48428       213.33
   17956.863     0.996094        48467       256.00
   18055.167     0.996484        48485       284.44
   18137.087     0.996875        48504       320.00
   18186.239     0.997266        48522       365.71
   18300.927     0.997656        48543       426.67
   18431.999     0.998047        48561       512.00
   18497.535     0.998242        48572       568.89
   18546.687     0.998437        48580       640.00
   18612.223     0.998633        48591       731.43
   18677.759     0.998828        48599       853.33
   18759.679     0.999023        48611      1024.00
   18776.063     0.999121        48614      1137.78
   18841.599     0.999219        48618      1280.00
   18972.671     0.999316        48624      1462.86
   19005.439     0.999414        48627      1706.67
   19087.359     0.999512        48632      2048.00
   19136.511     0.999561        48634      2275.56
   19169.279     0.999609        48636      2560.00
   19251.199     0.999658        48639      2925.71
   19365.887     0.999707        48641      3413.33
   19431.423     0.999756        48644      4096.00
   19562.495     0.999780        48645      4551.11
   19628.031     0.999805        48646      5120.00
   19890.175     0.999829        48647      5851.43
   20054.015     0.999854        48649      6826.67
   20250.623     0.999878        48650      8192.00
   20250.623     0.999890        48650      9102.22
   20267.007     0.999902        48651     10240.00
   20267.007     0.999915        48651     11702.86
   20889.599     0.999927        48652     13653.33
   20987.903     0.999939        48653     16384.00
   20987.903     0.999945        48653     18204.44
   20987.903     0.999951        48653     20480.00
   20987.903     0.999957        48653     23405.71
   21020.671     0.999963        48654     27306.67
   21020.671     0.999969        48654     32768.00
   21020.671     0.999973        48654     36408.89
   21020.671     0.999976        48654     40960.00
   21020.671     0.999979        48654     46811.43
   21037.055     0.999982        48655     54613.33
   21037.055     1.000000        48655          inf
#[Mean    =     9497.034, StdDeviation   =     3479.353]
#[Max     =    21020.672, Total count    =        48655]
#[Buckets =           27, SubBuckets     =         2048]
----------------------------------------------------------
  74403 requests in 30.04s, 440.69MB read
  Non-2xx or 3xx responses: 17071
Requests/sec:   2476.87
Transfer/sec:     14.67MB
