Using argument nginx
using  args: threads=4 and connections=512 and duration=30 and requests=2000
Running 30s test @ http://10.10.1.4:8080
  4 threads and 512 connections
  Thread calibration: mean lat.: 1.847ms, rate sampling interval: 10ms
  Thread calibration: mean lat.: 1.881ms, rate sampling interval: 10ms
  Thread calibration: mean lat.: 1.856ms, rate sampling interval: 10ms
  Thread calibration: mean lat.: 1.862ms, rate sampling interval: 10ms
  Thread Stats   Avg      Stdev     99%   +/- Stdev
    Latency     2.14ms    1.39ms   5.47ms   64.84%
    Req/Sec   525.74    238.31     1.11k    68.65%
  Latency Distribution (HdrHistogram - Recorded Latency)
 50.000%    1.70ms
 75.000%    3.30ms
 90.000%    4.21ms
 99.000%    5.47ms
 99.900%    6.76ms
 99.990%    7.88ms
 99.999%   10.57ms
100.000%   10.57ms

  Detailed Percentile spectrum:
       Value   Percentile   TotalCount 1/(1-Percentile)

       0.403     0.000000            1         1.00
       0.658     0.100000         3980         1.11
       0.866     0.200000         7959         1.25
       1.042     0.300000        11919         1.43
       1.260     0.400000        15894         1.67
       1.696     0.500000        19845         2.00
       2.079     0.550000        21837         2.22
       2.303     0.600000        23816         2.50
       2.523     0.650000        25807         2.86
       2.825     0.700000        27794         3.33
       3.303     0.750000        29775         4.00
       3.477     0.775000        30762         4.44
       3.627     0.800000        31753         5.00
       3.763     0.825000        32754         5.71
       3.901     0.850000        33752         6.67
       4.039     0.875000        34731         8.00
       4.123     0.887500        35232         8.89
       4.211     0.900000        35722        10.00
       4.303     0.912500        36227        11.43
       4.395     0.925000        36723        13.33
       4.511     0.937500        37210        16.00
       4.571     0.943750        37457        17.78
       4.643     0.950000        37710        20.00
       4.715     0.956250        37954        22.86
       4.807     0.962500        38202        26.67
       4.907     0.968750        38450        32.00
       4.967     0.971875        38576        35.56
       5.031     0.975000        38698        40.00
       5.099     0.978125        38827        45.71
       5.175     0.981250        38946        53.33
       5.267     0.984375        39071        64.00
       5.319     0.985938        39133        71.11
       5.367     0.987500        39194        80.00
       5.431     0.989062        39256        91.43
       5.507     0.990625        39318       106.67
       5.591     0.992188        39379       128.00
       5.643     0.992969        39415       142.22
       5.703     0.993750        39441       160.00
       5.767     0.994531        39472       182.86
       5.839     0.995313        39504       213.33
       5.919     0.996094        39534       256.00
       5.987     0.996484        39552       284.44
       6.039     0.996875        39565       320.00
       6.115     0.997266        39581       365.71
       6.203     0.997656        39596       426.67
       6.311     0.998047        39612       512.00
       6.339     0.998242        39620       568.89
       6.371     0.998437        39627       640.00
       6.535     0.998633        39635       731.43
       6.611     0.998828        39643       853.33
       6.767     0.999023        39651      1024.00
       6.823     0.999121        39655      1137.78
       6.879     0.999219        39658      1280.00
       6.927     0.999316        39662      1462.86
       7.075     0.999414        39666      1706.67
       7.167     0.999512        39670      2048.00
       7.199     0.999561        39672      2275.56
       7.215     0.999609        39674      2560.00
       7.307     0.999658        39676      2925.71
       7.375     0.999707        39678      3413.33
       7.403     0.999756        39680      4096.00
       7.419     0.999780        39681      4551.11
       7.587     0.999805        39682      5120.00
       7.727     0.999829        39683      5851.43
       7.851     0.999854        39684      6826.67
       7.875     0.999878        39685      8192.00
       7.875     0.999890        39685      9102.22
       8.039     0.999902        39686     10240.00
       8.039     0.999915        39686     11702.86
       8.263     0.999927        39687     13653.33
       8.263     0.999939        39687     16384.00
       8.263     0.999945        39687     18204.44
       8.911     0.999951        39688     20480.00
       8.911     0.999957        39688     23405.71
       8.911     0.999963        39688     27306.67
       8.911     0.999969        39688     32768.00
       8.911     0.999973        39688     36408.89
      10.567     0.999976        39689     40960.00
      10.567     1.000000        39689          inf
#[Mean    =        2.141, StdDeviation   =        1.388]
#[Max     =       10.560, Total count    =        39689]
#[Buckets =           27, SubBuckets     =         2048]
----------------------------------------------------------
  59190 requests in 30.00s, 207.15MB read
  Socket errors: connect 0, read 0, write 0, timeout 8
  Non-2xx or 3xx responses: 6795
Requests/sec:   1972.71
Transfer/sec:      6.90MB
