Using argument nginx
using  args: threads=4 and connections=512 and duration=30 and requests=12000
Running 30s test @ http://10.10.1.8:5000
  4 threads and 512 connections
  Thread calibration: mean lat.: 2241.789ms, rate sampling interval: 15671ms
  Thread calibration: mean lat.: 1605.513ms, rate sampling interval: 15917ms
  Thread calibration: mean lat.: 2163.767ms, rate sampling interval: 15384ms
  Thread calibration: mean lat.: 2014.536ms, rate sampling interval: 15138ms
  Thread Stats   Avg      Stdev     99%   +/- Stdev
    Latency    21.88s     4.64s   28.64s    73.19%
    Req/Sec   135.75     10.66   149.00     50.00%
  Latency Distribution (HdrHistogram - Recorded Latency)
 50.000%   22.81s 
 75.000%   25.38s 
 90.000%   26.77s 
 99.000%   28.64s 
 99.900%   29.49s 
 99.990%   29.69s 
 99.999%   29.90s 
100.000%   29.90s 

  Detailed Percentile spectrum:
       Value   Percentile   TotalCount 1/(1-Percentile)

    8888.319     0.000000            1         1.00
   13869.055     0.100000         1545         1.11
   19005.439     0.200000         3091         1.25
   20643.839     0.300000         4645         1.43
   21839.871     0.400000         6180         1.67
   22806.527     0.500000         7733         2.00
   23298.047     0.550000         8507         2.22
   23887.871     0.600000         9269         2.50
   24395.775     0.650000        10063         2.86
   24854.527     0.700000        10822         3.33
   25378.815     0.750000        11603         4.00
   25591.807     0.775000        11972         4.44
   25788.415     0.800000        12363         5.00
   25985.023     0.825000        12759         5.71
   26230.783     0.850000        13130         6.67
   26460.159     0.875000        13520         8.00
   26607.615     0.887500        13725         8.89
   26771.455     0.900000        13913        10.00
   26968.063     0.912500        14113        11.43
   27131.903     0.925000        14294        13.33
   27312.127     0.937500        14491        16.00
   27377.663     0.943750        14577        17.78
   27475.967     0.950000        14678        20.00
   27574.271     0.956250        14779        22.86
   27705.343     0.962500        14878        26.67
   27820.031     0.968750        14964        32.00
   27901.951     0.971875        15022        35.56
   27983.871     0.975000        15066        40.00
   28082.175     0.978125        15110        45.71
   28196.863     0.981250        15158        53.33
   28311.551     0.984375        15204        64.00
   28393.471     0.985938        15228        71.11
   28475.391     0.987500        15256        80.00
   28573.695     0.989062        15276        91.43
   28688.383     0.990625        15302       106.67
   28786.687     0.992188        15329       128.00
   28835.839     0.992969        15339       142.22
   28901.375     0.993750        15349       160.00
   28966.911     0.994531        15362       182.86
   29032.447     0.995313        15372       213.33
   29097.983     0.996094        15385       256.00
   29114.367     0.996484        15391       284.44
   29163.519     0.996875        15397       320.00
   29212.671     0.997266        15403       365.71
   29245.439     0.997656        15408       426.67
   29310.975     0.998047        15414       512.00
   29360.127     0.998242        15418       568.89
   29376.511     0.998437        15420       640.00
   29392.895     0.998633        15423       731.43
   29442.047     0.998828        15426       853.33
   29491.199     0.999023        15429      1024.00
   29507.583     0.999121        15432      1137.78
   29507.583     0.999219        15432      1280.00
   29589.503     0.999316        15436      1462.86
   29589.503     0.999414        15436      1706.67
   29622.271     0.999512        15438      2048.00
   29622.271     0.999561        15438      2275.56
   29622.271     0.999609        15438      2560.00
   29638.655     0.999658        15439      2925.71
   29655.039     0.999707        15441      3413.33
   29655.039     0.999756        15441      4096.00
   29655.039     0.999780        15441      4551.11
   29655.039     0.999805        15441      5120.00
   29687.807     0.999829        15442      5851.43
   29687.807     0.999854        15442      6826.67
   29802.495     0.999878        15443      8192.00
   29802.495     0.999890        15443      9102.22
   29802.495     0.999902        15443     10240.00
   29802.495     0.999915        15443     11702.86
   29802.495     0.999927        15443     13653.33
   29900.799     0.999939        15444     16384.00
   29900.799     1.000000        15444          inf
#[Mean    =    21882.284, StdDeviation   =     4636.729]
#[Max     =    29884.416, Total count    =        15444]
#[Buckets =           27, SubBuckets     =         2048]
----------------------------------------------------------
  17097 requests in 30.05s, 4.36MB read
  Non-2xx or 3xx responses: 16989
Requests/sec:    569.00
Transfer/sec:    148.62KB
