Using argument nginx
using  args: threads=4 and connections=512 and duration=30 and requests=18000
Running 30s test @ http://10.10.1.8:5000
  4 threads and 512 connections
  Thread calibration: mean lat.: 4247.615ms, rate sampling interval: 15572ms
  Thread calibration: mean lat.: 4251.182ms, rate sampling interval: 15482ms
  Thread calibration: mean lat.: 4240.420ms, rate sampling interval: 15630ms
  Thread calibration: mean lat.: 3846.584ms, rate sampling interval: 14221ms
  Thread Stats   Avg      Stdev     99%   +/- Stdev
    Latency    17.23s     5.05s   26.12s    58.30%
    Req/Sec   567.50      9.91   582.00     50.00%
  Latency Distribution (HdrHistogram - Recorded Latency)
 50.000%   17.20s 
 75.000%   21.53s 
 90.000%   24.22s 
 99.000%   26.12s 
 99.900%   26.71s 
 99.990%   27.05s 
 99.999%   27.13s 
100.000%   27.13s 

  Detailed Percentile spectrum:
       Value   Percentile   TotalCount 1/(1-Percentile)

    7335.935     0.000000            1         1.00
   10215.423     0.100000         4493         1.11
   12001.279     0.200000         8995         1.25
   13778.943     0.300000        13480         1.43
   15572.991     0.400000        17969         1.67
   17203.199     0.500000        22494         2.00
   18055.167     0.550000        24707         2.22
   18956.287     0.600000        26990         2.50
   19808.255     0.650000        29210         2.86
   20660.223     0.700000        31483         3.33
   21528.575     0.750000        33704         4.00
   21987.327     0.775000        34858         4.44
   22413.311     0.800000        35970         5.00
   22855.679     0.825000        37080         5.71
   23298.047     0.850000        38186         6.67
   23773.183     0.875000        39336         8.00
   24002.559     0.887500        39905         8.89
   24215.551     0.900000        40444        10.00
   24461.311     0.912500        41016        11.43
   24674.303     0.925000        41573        13.33
   24903.679     0.937500        42151        16.00
   25018.367     0.943750        42404        17.78
   25149.439     0.950000        42686        20.00
   25264.127     0.956250        42993        22.86
   25378.815     0.962500        43241        26.67
   25526.271     0.968750        43556        32.00
   25591.807     0.971875        43683        35.56
   25657.343     0.975000        43807        40.00
   25739.263     0.978125        43959        45.71
   25821.183     0.981250        44090        53.33
   25919.487     0.984375        44234        64.00
   25968.639     0.985938        44301        71.11
   26017.791     0.987500        44383        80.00
   26066.943     0.989062        44438        91.43
   26132.479     0.990625        44506       106.67
   26198.015     0.992188        44584       128.00
   26230.783     0.992969        44609       142.22
   26279.935     0.993750        44646       160.00
   26329.087     0.994531        44691       182.86
   26361.855     0.995313        44728       213.33
   26394.623     0.996094        44751       256.00
   26427.391     0.996484        44766       284.44
   26460.159     0.996875        44785       320.00
   26509.311     0.997266        44808       365.71
   26542.079     0.997656        44821       426.67
   26591.231     0.998047        44838       512.00
   26607.615     0.998242        44845       568.89
   26623.999     0.998437        44854       640.00
   26640.383     0.998633        44860       731.43
   26689.535     0.998828        44871       853.33
   26722.303     0.999023        44883      1024.00
   26722.303     0.999121        44883      1137.78
   26738.687     0.999219        44891      1280.00
   26738.687     0.999316        44891      1462.86
   26787.839     0.999414        44895      1706.67
   26804.223     0.999512        44901      2048.00
   26820.607     0.999561        44903      2275.56
   26836.991     0.999609        44905      2560.00
   26869.759     0.999658        44906      2925.71
   26886.143     0.999707        44908      3413.33
   26935.295     0.999756        44912      4096.00
   26935.295     0.999780        44912      4551.11
   27000.831     0.999805        44913      5120.00
   27033.599     0.999829        44915      5851.43
   27033.599     0.999854        44915      6826.67
   27049.983     0.999878        44917      8192.00
   27049.983     0.999890        44917      9102.22
   27049.983     0.999902        44917     10240.00
   27066.367     0.999915        44919     11702.86
   27066.367     0.999927        44919     13653.33
   27066.367     0.999939        44919     16384.00
   27066.367     0.999945        44919     18204.44
   27066.367     0.999951        44919     20480.00
   27099.135     0.999957        44920     23405.71
   27099.135     0.999963        44920     27306.67
   27099.135     0.999969        44920     32768.00
   27099.135     0.999973        44920     36408.89
   27099.135     0.999976        44920     40960.00
   27131.903     0.999979        44921     46811.43
   27131.903     1.000000        44921          inf
#[Mean    =    17227.668, StdDeviation   =     5045.736]
#[Max     =    27115.520, Total count    =        44921]
#[Buckets =           27, SubBuckets     =         2048]
----------------------------------------------------------
  66897 requests in 30.08s, 17.04MB read
  Non-2xx or 3xx responses: 66182
Requests/sec:   2223.72
Transfer/sec:    580.04KB
