Using argument nginx
using  args: threads=4 and connections=512 and duration=30 and requests=7000
Running 30s test @ http://10.10.1.7:8080/wrk2-api/user-timeline/read
  4 threads and 512 connections
  Thread calibration: mean lat.: 2862.384ms, rate sampling interval: 10649ms
  Thread calibration: mean lat.: 2847.921ms, rate sampling interval: 10616ms
  Thread calibration: mean lat.: 2842.952ms, rate sampling interval: 10641ms
  Thread calibration: mean lat.: 2883.996ms, rate sampling interval: 10616ms
  Thread Stats   Avg      Stdev     99%   +/- Stdev
    Latency    12.37s     3.83s   19.58s    59.24%
    Req/Sec   601.25     11.97   617.00     50.00%
  Latency Distribution (HdrHistogram - Recorded Latency)
 50.000%   12.39s 
 75.000%   15.53s 
 90.000%   17.63s 
 99.000%   19.58s 
 99.900%   20.50s 
 99.990%   21.12s 
 99.999%   21.48s 
100.000%   21.48s 

  Detailed Percentile spectrum:
       Value   Percentile   TotalCount 1/(1-Percentile)

    4081.663     0.000000            1         1.00
    7155.711     0.100000         4795         1.11
    8445.951     0.200000         9590         1.25
    9764.863     0.300000        14399         1.43
   11075.583     0.400000        19167         1.67
   12394.495     0.500000        23956         2.00
   13017.087     0.550000        26351         2.22
   13639.679     0.600000        28759         2.50
   14270.463     0.650000        31147         2.86
   14893.055     0.700000        33553         3.33
   15532.031     0.750000        35958         4.00
   15867.903     0.775000        37136         4.44
   16211.967     0.800000        38333         5.00
   16564.223     0.825000        39528         5.71
   16924.671     0.850000        40738         6.67
   17285.119     0.875000        41940         8.00
   17448.959     0.887500        42526         8.89
   17629.183     0.900000        43120        10.00
   17809.407     0.912500        43727        11.43
   18006.015     0.925000        44325        13.33
   18219.007     0.937500        44920        16.00
   18333.695     0.943750        45228        17.78
   18448.383     0.950000        45537        20.00
   18563.071     0.956250        45824        22.86
   18694.143     0.962500        46122        26.67
   18841.599     0.968750        46430        32.00
   18923.519     0.971875        46572        35.56
   19005.439     0.975000        46716        40.00
   19103.743     0.978125        46873        45.71
   19202.047     0.981250        47027        53.33
   19316.735     0.984375        47176        64.00
   19365.887     0.985938        47236        71.11
   19447.807     0.987500        47314        80.00
   19513.343     0.989062        47390        91.43
   19611.647     0.990625        47459       106.67
   19709.951     0.992188        47536       128.00
   19759.103     0.992969        47572       142.22
   19808.255     0.993750        47615       160.00
   19873.791     0.994531        47646       182.86
   19955.711     0.995313        47683       213.33
   20037.631     0.996094        47720       256.00
   20086.783     0.996484        47745       284.44
   20135.935     0.996875        47761       320.00
   20185.087     0.997266        47782       365.71
   20234.239     0.997656        47798       426.67
   20316.159     0.998047        47815       512.00
   20348.927     0.998242        47824       568.89
   20398.079     0.998437        47839       640.00
   20414.463     0.998633        47844       731.43
   20463.615     0.998828        47855       853.33
   20512.767     0.999023        47864      1024.00
   20529.151     0.999121        47866      1137.78
   20578.303     0.999219        47870      1280.00
   20660.223     0.999316        47876      1462.86
   20709.375     0.999414        47879      1706.67
   20742.143     0.999512        47885      2048.00
   20758.527     0.999561        47887      2275.56
   20807.679     0.999609        47889      2560.00
   20856.831     0.999658        47892      2925.71
   20873.215     0.999707        47893      3413.33
   20955.135     0.999756        47896      4096.00
   20971.519     0.999780        47897      4551.11
   20987.903     0.999805        47898      5120.00
   21004.287     0.999829        47899      5851.43
   21086.207     0.999854        47900      6826.67
   21118.975     0.999878        47902      8192.00
   21118.975     0.999890        47902      9102.22
   21168.127     0.999902        47903     10240.00
   21168.127     0.999915        47903     11702.86
   21381.119     0.999927        47904     13653.33
   21413.887     0.999939        47905     16384.00
   21413.887     0.999945        47905     18204.44
   21413.887     0.999951        47905     20480.00
   21413.887     0.999957        47905     23405.71
   21446.655     0.999963        47906     27306.67
   21446.655     0.999969        47906     32768.00
   21446.655     0.999973        47906     36408.89
   21446.655     0.999976        47906     40960.00
   21446.655     0.999979        47906     46811.43
   21479.423     0.999982        47907     54613.33
   21479.423     1.000000        47907          inf
#[Mean    =    12371.288, StdDeviation   =     3832.209]
#[Max     =    21463.040, Total count    =        47907]
#[Buckets =           27, SubBuckets     =         2048]
----------------------------------------------------------
  76486 requests in 30.00s, 26.04MB read
  Non-2xx or 3xx responses: 76486
Requests/sec:   2549.21
Transfer/sec:      0.87MB
