Using argument nginx
using  args: threads=4 and connections=512 and duration=30 and requests=5000
Running 30s test @ http://10.10.1.7:8080/wrk2-api/user-timeline/read
  4 threads and 512 connections
  Thread calibration: mean lat.: 1738.608ms, rate sampling interval: 7147ms
  Thread calibration: mean lat.: 1678.484ms, rate sampling interval: 6979ms
  Thread calibration: mean lat.: 1746.058ms, rate sampling interval: 7241ms
  Thread calibration: mean lat.: 1865.490ms, rate sampling interval: 7094ms
  Thread Stats   Avg      Stdev     99%   +/- Stdev
    Latency     9.01s     3.13s   15.18s    60.15%
    Req/Sec   603.25      8.06   619.00     75.00%
  Latency Distribution (HdrHistogram - Recorded Latency)
 50.000%    9.03s 
 75.000%   11.55s 
 90.000%   13.20s 
 99.000%   15.18s 
 99.900%   16.31s 
 99.990%   17.19s 
 99.999%   17.50s 
100.000%   17.50s 

  Detailed Percentile spectrum:
       Value   Percentile   TotalCount 1/(1-Percentile)

    1884.159     0.000000            1         1.00
    4751.359     0.100000         4812         1.11
    5824.511     0.200000         9609         1.25
    6950.911     0.300000        14396         1.43
    7999.487     0.400000        19199         1.67
    9027.583     0.500000        24022         2.00
    9543.679     0.550000        26400         2.22
   10051.583     0.600000        28790         2.50
   10559.487     0.650000        31199         2.86
   11042.815     0.700000        33596         3.33
   11550.719     0.750000        36008         4.00
   11804.671     0.775000        37185         4.44
   12075.007     0.800000        38400         5.00
   12353.535     0.825000        39608         5.71
   12623.871     0.850000        40798         6.67
   12902.399     0.875000        42014         8.00
   13049.855     0.887500        42609         8.89
   13197.311     0.900000        43182        10.00
   13369.343     0.912500        43809        11.43
   13533.183     0.925000        44388        13.33
   13721.599     0.937500        44989        16.00
   13828.095     0.943750        45287        17.78
   13942.783     0.950000        45588        20.00
   14057.471     0.956250        45894        22.86
   14188.543     0.962500        46187        26.67
   14344.191     0.968750        46483        32.00
   14434.303     0.971875        46638        35.56
   14524.415     0.975000        46789        40.00
   14614.527     0.978125        46931        45.71
   14737.407     0.981250        47081        53.33
   14868.479     0.984375        47238        64.00
   14942.207     0.985938        47308        71.11
   15024.127     0.987500        47382        80.00
   15114.239     0.989062        47458        91.43
   15220.735     0.990625        47536       106.67
   15319.039     0.992188        47608       128.00
   15384.575     0.992969        47647       142.22
   15450.111     0.993750        47685       160.00
   15523.839     0.994531        47718       182.86
   15613.951     0.995313        47758       213.33
   15712.255     0.996094        47793       256.00
   15769.599     0.996484        47812       284.44
   15818.751     0.996875        47831       320.00
   15876.095     0.997266        47849       365.71
   15949.823     0.997656        47868       426.67
   16039.935     0.998047        47887       512.00
   16080.895     0.998242        47896       568.89
   16130.047     0.998437        47906       640.00
   16203.775     0.998633        47916       731.43
   16269.311     0.998828        47924       853.33
   16343.039     0.999023        47935      1024.00
   16367.615     0.999121        47938      1137.78
   16449.535     0.999219        47945      1280.00
   16506.879     0.999316        47948      1462.86
   16547.839     0.999414        47952      1706.67
   16678.911     0.999512        47957      2048.00
   16703.487     0.999561        47959      2275.56
   16826.367     0.999609        47964      2560.00
   16826.367     0.999658        47964      2925.71
   16875.519     0.999707        47966      3413.33
   16957.439     0.999756        47970      4096.00
   16957.439     0.999780        47970      4551.11
   17006.591     0.999805        47971      5120.00
   17072.127     0.999829        47972      5851.43
   17154.047     0.999854        47973      6826.67
   17186.815     0.999878        47975      8192.00
   17186.815     0.999890        47975      9102.22
   17252.351     0.999902        47977     10240.00
   17252.351     0.999915        47977     11702.86
   17252.351     0.999927        47977     13653.33
   17350.655     0.999939        47978     16384.00
   17350.655     0.999945        47978     18204.44
   17350.655     0.999951        47978     20480.00
   17350.655     0.999957        47978     23405.71
   17448.959     0.999963        47979     27306.67
   17448.959     0.999969        47979     32768.00
   17448.959     0.999973        47979     36408.89
   17448.959     0.999976        47979     40960.00
   17448.959     0.999979        47979     46811.43
   17498.111     0.999982        47980     54613.33
   17498.111     1.000000        47980          inf
#[Mean    =     9007.764, StdDeviation   =     3126.552]
#[Max     =    17481.728, Total count    =        47980]
#[Buckets =           27, SubBuckets     =         2048]
----------------------------------------------------------
  77289 requests in 30.01s, 26.31MB read
  Non-2xx or 3xx responses: 77289
Requests/sec:   2575.35
Transfer/sec:      0.88MB
