Using argument nginx
using  args: threads=4 and connections=512 and duration=30 and requests=16000
Running 30s test @ http://10.10.1.8:5000
  4 threads and 512 connections
  Thread calibration: mean lat.: 4049.846ms, rate sampling interval: 15179ms
  Thread calibration: mean lat.: 4021.851ms, rate sampling interval: 15187ms
  Thread calibration: mean lat.: 4061.861ms, rate sampling interval: 15310ms
  Thread calibration: mean lat.: 3941.386ms, rate sampling interval: 14057ms
  Thread Stats   Avg      Stdev     99%   +/- Stdev
    Latency    16.94s     5.01s   25.62s    57.25%
    Req/Sec   557.25      8.32   567.00     75.00%
  Latency Distribution (HdrHistogram - Recorded Latency)
 50.000%   17.04s 
 75.000%   21.32s 
 90.000%   23.82s 
 99.000%   25.62s 
 99.900%   26.33s 
 99.990%   27.05s 
 99.999%   27.20s 
100.000%   27.20s 

  Detailed Percentile spectrum:
       Value   Percentile   TotalCount 1/(1-Percentile)

    6983.679     0.000000            1         1.00
   10002.431     0.100000         4471         1.11
   11673.599     0.200000         8939         1.25
   13443.071     0.300000        13408         1.43
   15278.079     0.400000        17880         1.67
   17039.359     0.500000        22350         2.00
   17891.327     0.550000        24611         2.22
   18677.759     0.600000        26863         2.50
   19496.959     0.650000        29055         2.86
   20381.695     0.700000        31306         3.33
   21315.583     0.750000        33548         4.00
   21741.567     0.775000        34655         4.44
   22183.935     0.800000        35786         5.00
   22609.919     0.825000        36867         5.71
   23003.135     0.850000        37983         6.67
   23396.351     0.875000        39127         8.00
   23609.343     0.887500        39670         8.89
   23822.335     0.900000        40233        10.00
   24035.327     0.912500        40781        11.43
   24231.935     0.925000        41360        13.33
   24428.543     0.937500        41891        16.00
   24543.231     0.943750        42173        17.78
   24674.303     0.950000        42488        20.00
   24788.991     0.956250        42757        22.86
   24903.679     0.962500        43008        26.67
   25034.751     0.968750        43317        32.00
   25083.903     0.971875        43433        35.56
   25149.439     0.975000        43583        40.00
   25231.359     0.978125        43721        45.71
   25313.279     0.981250        43847        53.33
   25427.967     0.984375        43997        64.00
   25477.119     0.985938        44067        71.11
   25542.655     0.987500        44140        80.00
   25591.807     0.989062        44206        91.43
   25640.959     0.990625        44273       106.67
   25722.879     0.992188        44349       128.00
   25772.031     0.992969        44390       142.22
   25788.415     0.993750        44412       160.00
   25821.183     0.994531        44444       182.86
   25870.335     0.995313        44479       213.33
   25919.487     0.996094        44517       256.00
   25952.255     0.996484        44527       284.44
   26001.407     0.996875        44552       320.00
   26034.175     0.997266        44561       365.71
   26099.711     0.997656        44584       426.67
   26132.479     0.998047        44598       512.00
   26165.247     0.998242        44608       568.89
   26198.015     0.998437        44615       640.00
   26247.167     0.998633        44623       731.43
   26312.703     0.998828        44635       853.33
   26329.087     0.999023        44642      1024.00
   26345.471     0.999121        44644      1137.78
   26394.623     0.999219        44652      1280.00
   26427.391     0.999316        44653      1462.86
   26492.927     0.999414        44657      1706.67
   26542.079     0.999512        44663      2048.00
   26574.847     0.999561        44665      2275.56
   26607.615     0.999609        44666      2560.00
   26656.767     0.999658        44668      2925.71
   26722.303     0.999707        44670      3413.33
   26836.991     0.999756        44673      4096.00
   26968.063     0.999780        44674      4551.11
   26984.447     0.999805        44675      5120.00
   27000.831     0.999829        44677      5851.43
   27000.831     0.999854        44677      6826.67
   27017.215     0.999878        44678      8192.00
   27049.983     0.999890        44680      9102.22
   27049.983     0.999902        44680     10240.00
   27049.983     0.999915        44680     11702.86
   27049.983     0.999927        44680     13653.33
   27066.367     0.999939        44681     16384.00
   27066.367     0.999945        44681     18204.44
   27066.367     0.999951        44681     20480.00
   27181.055     0.999957        44682     23405.71
   27181.055     0.999963        44682     27306.67
   27181.055     0.999969        44682     32768.00
   27181.055     0.999973        44682     36408.89
   27181.055     0.999976        44682     40960.00
   27197.439     0.999979        44683     46811.43
   27197.439     1.000000        44683          inf
#[Mean    =    16943.664, StdDeviation   =     5010.862]
#[Max     =    27181.056, Total count    =        44683]
#[Buckets =           27, SubBuckets     =         2048]
----------------------------------------------------------
  67003 requests in 30.01s, 17.07MB read
  Non-2xx or 3xx responses: 66308
Requests/sec:   2232.72
Transfer/sec:    582.45KB
